Time_submitted,Rating
09/07/2022 15:00,5
09/07/2022 14:21,5
09/07/2022 13:27,4
09/07/2022 13:26,1
09/07/2022 13:20,1
09/07/2022 13:20,3
09/07/2022 13:19,5
09/07/2022 13:17,3
09/07/2022 13:16,5
09/07/2022 13:11,1
09/07/2022 13:11,2
09/07/2022 13:10,1
09/07/2022 13:09,1
09/07/2022 13:09,1
09/07/2022 13:08,5
09/07/2022 13:05,5
09/07/2022 13:00,2
09/07/2022 13:00,3
09/07/2022 12:58,1
09/07/2022 12:58,1
09/07/2022 12:50,5
09/07/2022 12:43,4
09/07/2022 12:38,3
09/07/2022 12:37,1
09/07/2022 12:35,4
09/07/2022 12:33,5
09/07/2022 12:30,5
09/07/2022 12:30,2
09/07/2022 12:26,2
09/07/2022 12:26,4
09/07/2022 12:16,3
09/07/2022 12:14,5
09/07/2022 12:05,1
09/07/2022 12:03,1
09/07/2022 12:00,1
09/07/2022 11:59,5
09/07/2022 11:58,4
09/07/2022 11:57,5
09/07/2022 11:57,5
09/07/2022 11:54,5
09/07/2022 11:47,1
09/07/2022 11:43,4
09/07/2022 11:41,5
09/07/2022 11:34,2
09/07/2022 11:32,2
09/07/2022 11:25,1
09/07/2022 11:23,5
09/07/2022 11:15,5
09/07/2022 11:13,4
09/07/2022 11:10,5
09/07/2022 11:05,1
09/07/2022 11:03,5
09/07/2022 11:02,4
09/07/2022 11:01,5
09/07/2022 10:57,1
09/07/2022 10:56,1
09/07/2022 10:54,5
09/07/2022 10:50,1
09/07/2022 10:38,5
09/07/2022 10:23,5
09/07/2022 10:23,1
09/07/2022 10:12,3
09/07/2022 10:12,5
09/07/2022 10:12,1
09/07/2022 10:11,5
09/07/2022 10:09,5
09/07/2022 10:09,1
09/07/2022 10:04,4
09/07/2022 09:59,1
09/07/2022 09:55,2
09/07/2022 09:53,3
09/07/2022 09:53,1
09/07/2022 09:53,2
09/07/2022 09:50,3
09/07/2022 09:45,4
09/07/2022 09:44,4
09/07/2022 09:41,1
09/07/2022 09:32,5
09/07/2022 09:31,4
09/07/2022 09:27,4
09/07/2022 09:27,1
09/07/2022 09:25,5
09/07/2022 09:21,3
09/07/2022 09:19,5
09/07/2022 09:18,1
09/07/2022 09:17,3
09/07/2022 09:15,4
09/07/2022 08:55,1
09/07/2022 08:53,1
09/07/2022 08:53,1
09/07/2022 08:46,5
09/07/2022 08:45,1
09/07/2022 08:37,3
09/07/2022 08:36,2
09/07/2022 08:31,4
09/07/2022 08:29,5
09/07/2022 08:28,2
09/07/2022 08:25,1
09/07/2022 08:25,1
09/07/2022 08:21,5
09/07/2022 08:16,1
09/07/2022 08:13,1
09/07/2022 08:08,2
09/07/2022 08:06,5
09/07/2022 08:06,1
09/07/2022 08:04,3
09/07/2022 08:02,5
09/07/2022 08:01,1
09/07/2022 08:00,1
09/07/2022 07:52,5
09/07/2022 07:49,5
09/07/2022 07:46,5
09/07/2022 07:44,1
09/07/2022 07:43,1
09/07/2022 07:43,5
09/07/2022 07:38,5
09/07/2022 07:37,4
09/07/2022 07:33,1
09/07/2022 07:25,5
09/07/2022 07:08,1
09/07/2022 07:04,4
09/07/2022 06:58,1
09/07/2022 06:57,5
09/07/2022 06:56,5
09/07/2022 06:56,5
09/07/2022 06:55,4
09/07/2022 06:39,5
09/07/2022 06:36,1
09/07/2022 06:32,4
09/07/2022 06:29,5
09/07/2022 06:29,5
09/07/2022 06:20,5
09/07/2022 06:18,1
09/07/2022 06:17,1
09/07/2022 06:16,5
09/07/2022 06:09,3
09/07/2022 06:05,5
09/07/2022 06:03,4
09/07/2022 05:59,2
09/07/2022 05:54,5
09/07/2022 05:52,5
09/07/2022 05:48,1
09/07/2022 05:42,1
09/07/2022 05:40,5
09/07/2022 05:36,5
09/07/2022 05:35,1
09/07/2022 05:34,5
09/07/2022 05:31,1
09/07/2022 05:26,4
09/07/2022 05:25,5
09/07/2022 05:23,4
09/07/2022 05:22,1
09/07/2022 05:20,1
09/07/2022 05:16,4
09/07/2022 05:09,1
09/07/2022 05:08,4
09/07/2022 05:02,1
09/07/2022 04:58,4
09/07/2022 04:52,4
09/07/2022 04:51,4
09/07/2022 04:48,3
09/07/2022 04:46,5
09/07/2022 04:41,5
09/07/2022 04:35,5
09/07/2022 04:32,1
09/07/2022 04:30,5
09/07/2022 04:29,4
09/07/2022 04:27,5
09/07/2022 04:27,5
09/07/2022 04:24,5
09/07/2022 04:24,2
09/07/2022 04:20,5
09/07/2022 04:07,4
09/07/2022 04:06,4
09/07/2022 04:05,1
09/07/2022 04:04,1
09/07/2022 04:02,5
09/07/2022 03:58,3
09/07/2022 03:57,2
09/07/2022 03:56,1
09/07/2022 03:49,1
09/07/2022 03:41,1
09/07/2022 03:30,2
09/07/2022 03:28,3
09/07/2022 03:16,1
09/07/2022 03:16,1
09/07/2022 03:15,4
09/07/2022 03:10,5
09/07/2022 03:05,2
09/07/2022 03:03,4
09/07/2022 03:03,1
09/07/2022 03:02,3
09/07/2022 02:59,1
09/07/2022 02:53,1
09/07/2022 02:52,5
09/07/2022 02:48,5
09/07/2022 02:47,3
09/07/2022 02:35,4
09/07/2022 02:35,5
09/07/2022 02:34,1
09/07/2022 02:33,5
09/07/2022 02:30,1
09/07/2022 02:27,1
09/07/2022 02:24,2
09/07/2022 02:23,3
09/07/2022 02:18,1
09/07/2022 02:17,1
09/07/2022 02:15,4
09/07/2022 02:14,1
09/07/2022 02:14,1
09/07/2022 02:11,5
09/07/2022 02:08,5
09/07/2022 02:07,1
09/07/2022 02:06,4
09/07/2022 02:06,1
09/07/2022 02:03,4
09/07/2022 02:00,1
09/07/2022 01:59,5
09/07/2022 01:48,2
09/07/2022 01:47,2
09/07/2022 01:43,3
09/07/2022 01:37,5
09/07/2022 01:30,1
09/07/2022 01:28,2
09/07/2022 01:26,1
09/07/2022 01:22,2
09/07/2022 01:20,1
09/07/2022 01:18,5
09/07/2022 01:17,5
09/07/2022 01:12,3
09/07/2022 01:08,1
09/07/2022 01:07,5
09/07/2022 01:02,3
09/07/2022 00:58,1
09/07/2022 00:55,5
09/07/2022 00:53,5
09/07/2022 00:51,5
09/07/2022 00:51,1
09/07/2022 00:45,2
09/07/2022 00:41,5
09/07/2022 00:34,5
09/07/2022 00:33,2
09/07/2022 00:32,3
09/07/2022 00:30,1
09/07/2022 00:26,1
09/07/2022 00:26,5
09/07/2022 00:22,1
09/07/2022 00:11,5
09/07/2022 00:09,1
09/07/2022 00:07,4
08/07/2022 23:55,4
08/07/2022 23:51,5
08/07/2022 23:43,5
08/07/2022 23:33,4
08/07/2022 23:30,1
08/07/2022 23:28,4
08/07/2022 23:17,5
08/07/2022 23:15,1
08/07/2022 23:06,1
08/07/2022 23:04,5
08/07/2022 23:04,5
08/07/2022 23:00,1
08/07/2022 22:58,5
08/07/2022 22:57,1
08/07/2022 22:56,4
08/07/2022 22:47,4
08/07/2022 22:43,1
08/07/2022 22:40,1
08/07/2022 22:38,3
08/07/2022 22:34,5
08/07/2022 22:30,3
08/07/2022 22:27,4
08/07/2022 22:26,2
08/07/2022 22:23,3
08/07/2022 22:21,5
08/07/2022 22:20,3
08/07/2022 22:12,1
08/07/2022 22:09,5
08/07/2022 22:02,2
08/07/2022 21:53,4
08/07/2022 21:52,5
08/07/2022 21:50,5
08/07/2022 21:49,4
08/07/2022 21:47,5
08/07/2022 21:46,4
08/07/2022 21:43,1
08/07/2022 21:40,5
08/07/2022 21:37,1
08/07/2022 21:31,5
08/07/2022 21:29,5
08/07/2022 21:29,5
08/07/2022 21:27,1
08/07/2022 21:23,3
08/07/2022 21:19,1
08/07/2022 21:19,5
08/07/2022 21:14,4
08/07/2022 21:04,2
08/07/2022 21:04,1
08/07/2022 21:00,1
08/07/2022 20:58,1
08/07/2022 20:55,5
08/07/2022 20:51,5
08/07/2022 20:42,1
08/07/2022 20:42,5
08/07/2022 20:38,5
08/07/2022 20:36,3
08/07/2022 20:33,2
08/07/2022 20:29,4
08/07/2022 20:24,1
08/07/2022 20:21,5
08/07/2022 20:19,1
08/07/2022 20:17,5
08/07/2022 20:16,5
08/07/2022 20:13,1
08/07/2022 20:08,5
08/07/2022 20:08,2
08/07/2022 20:06,1
08/07/2022 20:05,4
08/07/2022 19:57,4
08/07/2022 19:56,5
08/07/2022 19:53,5
08/07/2022 19:51,1
08/07/2022 19:50,1
08/07/2022 19:49,3
08/07/2022 19:48,1
08/07/2022 19:48,5
08/07/2022 19:47,1
08/07/2022 19:44,1
08/07/2022 19:44,5
08/07/2022 19:41,4
08/07/2022 19:41,1
08/07/2022 19:35,3
08/07/2022 19:32,1
08/07/2022 19:31,5
08/07/2022 19:26,2
08/07/2022 19:22,3
08/07/2022 19:20,5
08/07/2022 19:18,1
08/07/2022 19:16,2
08/07/2022 19:14,5
08/07/2022 19:11,5
08/07/2022 19:09,1
08/07/2022 19:06,2
08/07/2022 19:05,1
08/07/2022 19:01,3
08/07/2022 19:00,4
08/07/2022 19:00,5
08/07/2022 18:59,1
08/07/2022 18:57,1
08/07/2022 18:57,5
08/07/2022 18:56,5
08/07/2022 18:55,1
08/07/2022 18:47,4
08/07/2022 18:46,1
08/07/2022 18:43,3
08/07/2022 18:42,1
08/07/2022 18:35,3
08/07/2022 18:31,1
08/07/2022 18:21,3
08/07/2022 18:18,1
08/07/2022 18:15,3
08/07/2022 18:10,5
08/07/2022 18:08,3
08/07/2022 18:04,4
08/07/2022 18:03,5
08/07/2022 18:02,4
08/07/2022 18:00,4
08/07/2022 17:57,1
08/07/2022 17:56,5
08/07/2022 17:55,3
08/07/2022 17:55,4
08/07/2022 17:52,1
08/07/2022 17:46,4
08/07/2022 17:39,5
08/07/2022 17:38,3
08/07/2022 17:33,1
08/07/2022 17:30,4
08/07/2022 17:26,5
08/07/2022 17:25,4
08/07/2022 17:24,1
08/07/2022 17:24,3
08/07/2022 17:23,5
08/07/2022 17:20,2
08/07/2022 17:17,5
08/07/2022 17:11,5
08/07/2022 17:10,5
08/07/2022 17:10,5
08/07/2022 17:10,5
08/07/2022 17:06,5
08/07/2022 17:06,5
08/07/2022 17:05,1
08/07/2022 17:02,5
08/07/2022 16:57,4
08/07/2022 16:56,1
08/07/2022 16:56,1
08/07/2022 16:53,1
08/07/2022 16:52,5
08/07/2022 16:51,5
08/07/2022 16:45,1
08/07/2022 16:45,5
08/07/2022 16:44,5
08/07/2022 16:41,4
08/07/2022 16:40,4
08/07/2022 16:36,1
08/07/2022 16:30,2
08/07/2022 16:30,1
08/07/2022 16:29,4
08/07/2022 16:23,3
08/07/2022 16:15,5
08/07/2022 16:15,5
08/07/2022 16:13,4
08/07/2022 16:12,3
08/07/2022 16:00,5
08/07/2022 15:59,1
08/07/2022 15:58,2
08/07/2022 15:58,1
08/07/2022 15:58,2
08/07/2022 15:58,1
08/07/2022 15:53,3
08/07/2022 15:52,1
08/07/2022 15:51,1
08/07/2022 15:50,5
08/07/2022 15:47,5
08/07/2022 15:46,5
08/07/2022 15:46,4
08/07/2022 15:45,4
08/07/2022 15:44,1
08/07/2022 15:43,1
08/07/2022 15:39,2
08/07/2022 15:39,1
08/07/2022 15:38,5
08/07/2022 15:36,3
08/07/2022 15:35,5
08/07/2022 15:33,5
08/07/2022 15:33,5
08/07/2022 15:31,1
08/07/2022 15:27,1
08/07/2022 15:25,1
08/07/2022 15:25,1
08/07/2022 15:24,1
08/07/2022 15:16,5
08/07/2022 15:16,3
08/07/2022 15:12,3
08/07/2022 15:09,5
08/07/2022 15:04,4
08/07/2022 15:04,5
08/07/2022 15:02,5
08/07/2022 14:59,5
08/07/2022 14:58,5
08/07/2022 14:57,5
08/07/2022 14:57,1
08/07/2022 14:57,3
08/07/2022 14:55,5
08/07/2022 14:53,5
08/07/2022 14:52,2
08/07/2022 14:52,5
08/07/2022 14:49,2
08/07/2022 14:48,3
08/07/2022 14:47,4
08/07/2022 14:47,5
08/07/2022 14:44,5
08/07/2022 14:42,2
08/07/2022 14:39,5
08/07/2022 14:33,5
08/07/2022 14:28,5
08/07/2022 14:28,5
08/07/2022 14:28,1
08/07/2022 14:27,3
08/07/2022 14:26,3
08/07/2022 14:24,5
08/07/2022 14:22,1
08/07/2022 14:19,5
08/07/2022 14:12,5
08/07/2022 14:10,2
08/07/2022 14:06,1
08/07/2022 14:05,2
08/07/2022 14:03,2
08/07/2022 13:58,4
08/07/2022 13:53,1
08/07/2022 13:53,2
08/07/2022 13:51,5
08/07/2022 13:51,5
08/07/2022 13:50,1
08/07/2022 13:48,2
08/07/2022 13:43,2
08/07/2022 13:41,1
08/07/2022 13:38,1
08/07/2022 13:32,1
08/07/2022 13:24,4
08/07/2022 13:19,5
08/07/2022 13:19,4
08/07/2022 13:18,1
08/07/2022 13:16,4
08/07/2022 13:13,1
08/07/2022 13:12,5
08/07/2022 13:08,5
08/07/2022 13:04,3
08/07/2022 13:03,1
08/07/2022 12:58,5
08/07/2022 12:58,3
08/07/2022 12:57,3
08/07/2022 12:54,1
08/07/2022 12:53,5
08/07/2022 12:49,5
08/07/2022 12:43,3
08/07/2022 12:34,5
08/07/2022 12:29,5
08/07/2022 12:28,5
08/07/2022 12:28,1
08/07/2022 12:26,5
08/07/2022 12:23,5
08/07/2022 12:17,1
08/07/2022 12:06,3
08/07/2022 11:59,5
08/07/2022 11:56,3
08/07/2022 11:56,2
08/07/2022 11:48,2
08/07/2022 11:48,1
08/07/2022 11:45,1
08/07/2022 11:43,2
08/07/2022 11:43,1
08/07/2022 11:41,4
08/07/2022 11:40,3
08/07/2022 11:37,5
08/07/2022 11:37,1
08/07/2022 11:34,3
08/07/2022 11:30,3
08/07/2022 11:14,1
08/07/2022 11:14,2
08/07/2022 11:08,1
08/07/2022 11:08,3
08/07/2022 11:08,5
08/07/2022 11:05,5
08/07/2022 11:04,3
08/07/2022 11:03,3
08/07/2022 11:03,1
08/07/2022 11:02,4
08/07/2022 11:01,3
08/07/2022 10:56,5
08/07/2022 10:51,5
08/07/2022 10:45,2
08/07/2022 10:44,1
08/07/2022 10:44,1
08/07/2022 10:44,3
08/07/2022 10:38,1
08/07/2022 10:36,5
08/07/2022 10:22,1
08/07/2022 10:17,2
08/07/2022 10:15,3
08/07/2022 10:13,1
08/07/2022 10:11,5
08/07/2022 10:08,2
08/07/2022 10:05,5
08/07/2022 10:02,1
08/07/2022 10:02,1
08/07/2022 09:58,1
08/07/2022 09:56,2
08/07/2022 09:56,5
08/07/2022 09:52,5
08/07/2022 09:50,5
08/07/2022 09:50,1
08/07/2022 09:49,3
08/07/2022 09:46,5
08/07/2022 09:40,3
08/07/2022 09:40,4
08/07/2022 09:37,1
08/07/2022 09:29,3
08/07/2022 09:27,2
08/07/2022 09:26,5
08/07/2022 09:25,4
08/07/2022 09:19,1
08/07/2022 09:15,5
08/07/2022 09:12,1
08/07/2022 09:06,1
08/07/2022 09:00,4
08/07/2022 08:59,4
08/07/2022 08:50,1
08/07/2022 08:45,4
08/07/2022 08:41,5
08/07/2022 08:40,1
08/07/2022 08:40,2
08/07/2022 08:36,1
08/07/2022 08:30,5
08/07/2022 08:29,5
08/07/2022 08:28,5
08/07/2022 08:22,5
08/07/2022 08:20,1
08/07/2022 08:20,4
08/07/2022 08:19,4
08/07/2022 08:13,1
08/07/2022 08:13,4
08/07/2022 08:11,1
08/07/2022 08:11,4
08/07/2022 08:05,1
08/07/2022 08:04,1
08/07/2022 08:01,5
08/07/2022 08:00,2
08/07/2022 07:53,1
08/07/2022 07:50,5
08/07/2022 07:48,2
08/07/2022 07:46,4
08/07/2022 07:46,1
08/07/2022 07:42,1
08/07/2022 07:34,5
08/07/2022 07:32,5
08/07/2022 07:28,5
08/07/2022 07:26,4
08/07/2022 07:22,3
08/07/2022 07:22,3
08/07/2022 07:18,5
08/07/2022 07:18,1
08/07/2022 07:14,1
08/07/2022 07:09,5
08/07/2022 07:06,4
08/07/2022 07:02,1
08/07/2022 06:58,1
08/07/2022 06:44,1
08/07/2022 06:41,5
08/07/2022 06:35,3
08/07/2022 06:35,3
08/07/2022 06:33,1
08/07/2022 06:31,4
08/07/2022 06:29,4
08/07/2022 06:27,2
08/07/2022 06:23,3
08/07/2022 06:23,5
08/07/2022 06:22,4
08/07/2022 06:19,1
08/07/2022 06:14,3
08/07/2022 06:04,1
08/07/2022 06:03,5
08/07/2022 05:54,5
08/07/2022 05:46,5
08/07/2022 05:43,1
08/07/2022 05:43,4
08/07/2022 05:14,5
08/07/2022 05:11,5
08/07/2022 05:07,1
08/07/2022 05:05,5
08/07/2022 05:00,1
08/07/2022 04:54,4
08/07/2022 04:50,5
08/07/2022 04:49,1
08/07/2022 04:42,5
08/07/2022 04:41,4
08/07/2022 04:34,5
08/07/2022 04:32,5
08/07/2022 04:30,5
08/07/2022 04:28,1
08/07/2022 04:25,5
08/07/2022 04:24,1
08/07/2022 04:21,5
08/07/2022 04:19,5
08/07/2022 04:11,5
08/07/2022 04:11,2
08/07/2022 04:10,1
08/07/2022 04:06,1
08/07/2022 04:05,5
08/07/2022 04:04,1
08/07/2022 03:54,5
08/07/2022 03:50,5
08/07/2022 03:50,4
08/07/2022 03:43,1
08/07/2022 03:34,5
08/07/2022 03:33,5
08/07/2022 03:32,2
08/07/2022 03:25,2
08/07/2022 03:20,4
08/07/2022 03:14,2
08/07/2022 03:13,5
08/07/2022 03:12,5
08/07/2022 03:11,5
08/07/2022 03:08,4
08/07/2022 03:06,3
08/07/2022 03:06,1
08/07/2022 03:04,5
08/07/2022 03:03,4
08/07/2022 03:02,2
08/07/2022 02:58,2
08/07/2022 02:58,5
08/07/2022 02:56,3
08/07/2022 02:54,1
08/07/2022 02:51,2
08/07/2022 02:49,5
08/07/2022 02:45,5
08/07/2022 02:44,1
08/07/2022 02:29,5
08/07/2022 02:28,5
08/07/2022 02:28,1
08/07/2022 02:21,5
08/07/2022 02:20,2
08/07/2022 02:18,4
08/07/2022 02:18,1
08/07/2022 02:13,1
08/07/2022 02:07,4
08/07/2022 02:07,3
08/07/2022 02:01,5
08/07/2022 01:57,1
08/07/2022 01:52,5
08/07/2022 01:51,4
08/07/2022 01:50,1
08/07/2022 01:47,4
08/07/2022 01:45,5
08/07/2022 01:43,5
08/07/2022 01:43,1
08/07/2022 01:40,4
08/07/2022 01:34,3
08/07/2022 01:25,5
08/07/2022 01:20,2
08/07/2022 01:20,1
08/07/2022 01:17,1
08/07/2022 01:12,5
08/07/2022 01:07,1
08/07/2022 01:05,2
08/07/2022 01:05,4
08/07/2022 01:04,1
08/07/2022 01:01,5
08/07/2022 00:58,1
08/07/2022 00:56,2
08/07/2022 00:56,1
08/07/2022 00:49,5
08/07/2022 00:48,1
08/07/2022 00:44,3
08/07/2022 00:38,4
08/07/2022 00:38,3
08/07/2022 00:33,3
08/07/2022 00:31,1
08/07/2022 00:30,1
08/07/2022 00:29,4
08/07/2022 00:25,5
08/07/2022 00:25,5
08/07/2022 00:24,5
08/07/2022 00:17,5
08/07/2022 00:15,4
08/07/2022 00:13,5
08/07/2022 00:11,1
08/07/2022 00:04,1
07/07/2022 23:59,1
07/07/2022 23:59,1
07/07/2022 23:57,2
07/07/2022 23:56,4
07/07/2022 23:53,3
07/07/2022 23:51,4
07/07/2022 23:45,4
07/07/2022 23:45,1
07/07/2022 23:43,5
07/07/2022 23:39,1
07/07/2022 23:34,5
07/07/2022 23:34,5
07/07/2022 23:27,5
07/07/2022 23:27,5
07/07/2022 23:24,5
07/07/2022 23:24,2
07/07/2022 23:23,3
07/07/2022 23:23,5
07/07/2022 23:22,5
07/07/2022 23:22,5
07/07/2022 23:21,5
07/07/2022 23:16,4
07/07/2022 23:12,1
07/07/2022 23:09,5
07/07/2022 23:07,3
07/07/2022 22:59,5
07/07/2022 22:58,1
07/07/2022 22:54,5
07/07/2022 22:43,5
07/07/2022 22:29,1
07/07/2022 22:25,5
07/07/2022 22:20,1
07/07/2022 22:02,5
07/07/2022 22:02,5
07/07/2022 22:01,1
07/07/2022 21:58,5
07/07/2022 21:55,1
07/07/2022 21:54,5
07/07/2022 21:51,4
07/07/2022 21:48,1
07/07/2022 21:45,5
07/07/2022 21:45,5
07/07/2022 21:40,4
07/07/2022 21:23,2
07/07/2022 21:22,5
07/07/2022 21:21,5
07/07/2022 21:20,5
07/07/2022 21:19,4
07/07/2022 21:18,1
07/07/2022 21:13,1
07/07/2022 21:13,4
07/07/2022 21:12,4
07/07/2022 21:09,3
07/07/2022 21:09,4
07/07/2022 21:06,5
07/07/2022 21:01,1
07/07/2022 21:00,5
07/07/2022 20:57,5
07/07/2022 20:55,5
07/07/2022 20:52,1
07/07/2022 20:52,2
07/07/2022 20:41,4
07/07/2022 20:40,1
07/07/2022 20:29,1
07/07/2022 20:24,5
07/07/2022 20:23,4
07/07/2022 20:22,5
07/07/2022 20:21,3
07/07/2022 20:19,1
07/07/2022 20:14,1
07/07/2022 20:05,1
07/07/2022 20:05,1
07/07/2022 20:04,5
07/07/2022 20:03,5
07/07/2022 20:03,1
07/07/2022 20:02,1
07/07/2022 20:02,2
07/07/2022 19:57,4
07/07/2022 19:49,2
07/07/2022 19:46,3
07/07/2022 19:42,5
07/07/2022 19:41,4
07/07/2022 19:40,5
07/07/2022 19:35,1
07/07/2022 19:35,5
07/07/2022 19:30,1
07/07/2022 19:28,5
07/07/2022 19:23,3
07/07/2022 19:11,2
07/07/2022 19:10,4
07/07/2022 19:07,1
07/07/2022 19:06,1
07/07/2022 19:06,1
07/07/2022 19:05,2
07/07/2022 18:58,5
07/07/2022 18:58,2
07/07/2022 18:55,5
07/07/2022 18:51,1
07/07/2022 18:50,5
07/07/2022 18:49,5
07/07/2022 18:48,5
07/07/2022 18:47,3
07/07/2022 18:45,2
07/07/2022 18:43,1
07/07/2022 18:41,1
07/07/2022 18:26,5
07/07/2022 18:25,5
07/07/2022 18:24,1
07/07/2022 18:23,4
07/07/2022 18:21,4
07/07/2022 18:18,3
07/07/2022 18:18,4
07/07/2022 18:09,1
07/07/2022 18:08,3
07/07/2022 18:08,3
07/07/2022 18:06,1
07/07/2022 18:04,3
07/07/2022 17:54,1
07/07/2022 17:47,5
07/07/2022 17:46,1
07/07/2022 17:41,3
07/07/2022 17:38,4
07/07/2022 17:37,5
07/07/2022 17:35,1
07/07/2022 17:33,5
07/07/2022 17:32,5
07/07/2022 17:29,2
07/07/2022 17:26,1
07/07/2022 17:25,5
07/07/2022 17:18,1
07/07/2022 17:16,3
07/07/2022 17:15,3
07/07/2022 17:11,5
07/07/2022 17:09,5
07/07/2022 17:06,4
07/07/2022 17:05,1
07/07/2022 16:59,5
07/07/2022 16:44,4
07/07/2022 16:40,5
07/07/2022 16:37,5
07/07/2022 16:33,3
07/07/2022 16:28,5
07/07/2022 16:27,3
07/07/2022 16:24,2
07/07/2022 16:20,1
07/07/2022 16:20,5
07/07/2022 16:19,5
07/07/2022 16:13,2
07/07/2022 16:09,5
07/07/2022 16:08,5
07/07/2022 16:07,2
07/07/2022 16:06,3
07/07/2022 16:01,5
07/07/2022 16:00,5
07/07/2022 15:57,1
07/07/2022 15:57,5
07/07/2022 15:54,5
07/07/2022 15:53,5
07/07/2022 15:48,2
07/07/2022 15:48,4
07/07/2022 15:44,4
07/07/2022 15:43,1
07/07/2022 15:42,5
07/07/2022 15:40,1
07/07/2022 15:40,5
07/07/2022 15:39,1
07/07/2022 15:39,4
07/07/2022 15:36,1
07/07/2022 15:34,5
07/07/2022 15:31,5
07/07/2022 15:26,3
07/07/2022 15:24,1
07/07/2022 15:24,1
07/07/2022 15:24,5
07/07/2022 15:23,1
07/07/2022 15:22,1
07/07/2022 15:18,2
07/07/2022 15:17,1
07/07/2022 15:17,1
07/07/2022 15:16,5
07/07/2022 15:15,1
07/07/2022 15:12,5
07/07/2022 15:12,1
07/07/2022 15:12,3
07/07/2022 15:12,5
07/07/2022 15:11,5
07/07/2022 15:10,1
07/07/2022 15:07,5
07/07/2022 15:07,5
07/07/2022 15:05,1
07/07/2022 15:04,5
07/07/2022 15:00,5
07/07/2022 14:54,5
07/07/2022 14:53,3
07/07/2022 14:51,5
07/07/2022 14:48,1
07/07/2022 14:47,5
07/07/2022 14:46,1
07/07/2022 14:44,5
07/07/2022 14:41,5
07/07/2022 14:37,4
07/07/2022 14:34,2
07/07/2022 14:30,4
07/07/2022 14:28,1
07/07/2022 14:26,1
07/07/2022 14:25,5
07/07/2022 14:20,3
07/07/2022 14:18,3
07/07/2022 14:13,5
07/07/2022 14:12,5
07/07/2022 14:11,5
07/07/2022 14:11,5
07/07/2022 14:11,2
07/07/2022 14:03,2
07/07/2022 14:02,5
07/07/2022 14:01,2
07/07/2022 14:00,1
07/07/2022 14:00,4
07/07/2022 14:00,5
07/07/2022 13:55,5
07/07/2022 13:50,2
07/07/2022 13:47,5
07/07/2022 13:43,5
07/07/2022 13:43,4
07/07/2022 13:42,1
07/07/2022 13:41,3
07/07/2022 13:34,5
07/07/2022 13:34,1
07/07/2022 13:27,5
07/07/2022 13:26,1
07/07/2022 13:22,5
07/07/2022 13:08,5
07/07/2022 13:07,4
07/07/2022 13:07,3
07/07/2022 13:07,3
07/07/2022 13:07,2
07/07/2022 13:05,5
07/07/2022 13:03,4
07/07/2022 13:02,5
07/07/2022 13:00,4
07/07/2022 12:59,3
07/07/2022 12:59,5
07/07/2022 12:59,3
07/07/2022 12:57,5
07/07/2022 12:57,5
07/07/2022 12:56,1
07/07/2022 12:54,1
07/07/2022 12:54,5
07/07/2022 12:54,1
07/07/2022 12:51,1
07/07/2022 12:49,1
07/07/2022 12:48,1
07/07/2022 12:47,5
07/07/2022 12:46,1
07/07/2022 12:43,5
07/07/2022 12:42,3
07/07/2022 12:41,4
07/07/2022 12:33,2
07/07/2022 12:33,1
07/07/2022 12:33,5
07/07/2022 12:31,4
07/07/2022 12:24,3
07/07/2022 12:20,4
07/07/2022 12:19,4
07/07/2022 12:14,2
07/07/2022 12:10,4
07/07/2022 12:10,2
07/07/2022 12:09,5
07/07/2022 12:09,5
07/07/2022 12:08,5
07/07/2022 12:07,1
07/07/2022 12:02,3
07/07/2022 11:57,4
07/07/2022 11:52,2
07/07/2022 11:39,5
07/07/2022 11:39,4
07/07/2022 11:34,5
07/07/2022 11:31,4
07/07/2022 11:21,1
07/07/2022 11:16,1
07/07/2022 11:10,1
07/07/2022 11:09,1
07/07/2022 11:08,3
07/07/2022 11:01,3
07/07/2022 11:01,3
07/07/2022 11:00,5
07/07/2022 10:51,1
07/07/2022 10:48,3
07/07/2022 10:40,1
07/07/2022 10:33,3
07/07/2022 10:29,1
07/07/2022 10:24,5
07/07/2022 10:23,5
07/07/2022 10:22,5
07/07/2022 10:22,1
07/07/2022 10:20,5
07/07/2022 10:18,5
07/07/2022 10:13,4
07/07/2022 10:08,5
07/07/2022 10:06,4
07/07/2022 10:05,2
07/07/2022 10:05,1
07/07/2022 09:48,5
07/07/2022 09:43,1
07/07/2022 09:39,1
07/07/2022 09:35,1
07/07/2022 09:24,1
07/07/2022 09:22,1
07/07/2022 09:22,4
07/07/2022 09:16,3
07/07/2022 09:15,3
07/07/2022 09:14,1
07/07/2022 09:13,2
07/07/2022 09:07,1
07/07/2022 09:06,5
07/07/2022 09:04,4
07/07/2022 08:56,1
07/07/2022 08:55,4
07/07/2022 08:53,2
07/07/2022 08:44,5
07/07/2022 08:44,2
07/07/2022 08:44,2
07/07/2022 08:40,1
07/07/2022 08:34,2
07/07/2022 08:33,2
07/07/2022 08:31,4
07/07/2022 08:27,5
07/07/2022 08:19,4
07/07/2022 08:19,5
07/07/2022 08:18,5
07/07/2022 08:16,1
07/07/2022 08:14,1
07/07/2022 08:04,3
07/07/2022 08:01,1
07/07/2022 07:58,5
07/07/2022 07:57,5
07/07/2022 07:56,1
07/07/2022 07:55,1
07/07/2022 07:49,1
07/07/2022 07:48,5
07/07/2022 07:44,5
07/07/2022 07:42,5
07/07/2022 07:39,5
07/07/2022 07:34,4
07/07/2022 07:33,5
07/07/2022 07:31,5
07/07/2022 07:31,5
07/07/2022 07:31,5
07/07/2022 07:31,3
07/07/2022 07:28,1
07/07/2022 07:27,3
07/07/2022 07:26,5
07/07/2022 07:24,5
07/07/2022 07:23,5
07/07/2022 07:20,1
07/07/2022 07:17,4
07/07/2022 07:14,5
07/07/2022 07:12,5
07/07/2022 07:11,1
07/07/2022 07:06,5
07/07/2022 07:05,5
07/07/2022 06:59,1
07/07/2022 06:57,5
07/07/2022 06:49,1
07/07/2022 06:42,5
07/07/2022 06:41,3
07/07/2022 06:41,5
07/07/2022 06:38,2
07/07/2022 06:27,2
07/07/2022 06:25,2
07/07/2022 06:22,1
07/07/2022 06:17,4
07/07/2022 06:09,5
07/07/2022 05:59,1
07/07/2022 05:56,4
07/07/2022 05:46,2
07/07/2022 05:46,3
07/07/2022 05:45,4
07/07/2022 05:44,5
07/07/2022 05:42,5
07/07/2022 05:40,5
07/07/2022 05:35,5
07/07/2022 05:34,2
07/07/2022 05:23,1
07/07/2022 05:21,1
07/07/2022 05:17,5
07/07/2022 05:12,1
07/07/2022 05:11,5
07/07/2022 05:08,1
07/07/2022 05:01,3
07/07/2022 05:01,2
07/07/2022 04:58,4
07/07/2022 04:57,2
07/07/2022 04:52,3
07/07/2022 04:46,5
07/07/2022 04:39,5
07/07/2022 04:37,1
07/07/2022 04:34,1
07/07/2022 04:27,5
07/07/2022 04:21,5
07/07/2022 04:19,5
07/07/2022 04:18,1
07/07/2022 04:17,1
07/07/2022 04:16,5
07/07/2022 04:13,1
07/07/2022 04:12,1
07/07/2022 04:09,2
07/07/2022 04:08,5
07/07/2022 04:07,4
07/07/2022 03:59,3
07/07/2022 03:55,1
07/07/2022 03:51,1
07/07/2022 03:45,5
07/07/2022 03:41,1
07/07/2022 03:39,1
07/07/2022 03:38,5
07/07/2022 03:29,4
07/07/2022 03:27,5
07/07/2022 03:23,3
07/07/2022 03:16,5
07/07/2022 03:13,1
07/07/2022 03:13,4
07/07/2022 03:10,4
07/07/2022 03:00,3
07/07/2022 02:59,1
07/07/2022 02:52,5
07/07/2022 02:51,2
07/07/2022 02:48,4
07/07/2022 02:47,1
07/07/2022 02:47,1
07/07/2022 02:46,4
07/07/2022 02:45,2
07/07/2022 02:45,1
07/07/2022 02:44,4
07/07/2022 02:37,5
07/07/2022 02:36,1
07/07/2022 02:36,2
07/07/2022 02:27,4
07/07/2022 02:26,1
07/07/2022 02:24,4
07/07/2022 02:19,5
07/07/2022 02:15,1
07/07/2022 02:13,1
07/07/2022 01:56,3
07/07/2022 01:56,5
07/07/2022 01:56,2
07/07/2022 01:52,5
07/07/2022 01:47,1
07/07/2022 01:46,4
07/07/2022 01:46,3
07/07/2022 01:45,1
07/07/2022 01:41,1
07/07/2022 01:40,5
07/07/2022 01:26,1
07/07/2022 01:25,1
07/07/2022 01:20,1
07/07/2022 01:18,5
07/07/2022 01:11,5
07/07/2022 01:03,1
07/07/2022 01:00,2
07/07/2022 00:59,3
07/07/2022 00:53,4
07/07/2022 00:53,1
07/07/2022 00:48,1
07/07/2022 00:45,5
07/07/2022 00:42,1
07/07/2022 00:41,1
07/07/2022 00:38,5
07/07/2022 00:35,5
07/07/2022 00:33,5
07/07/2022 00:28,5
07/07/2022 00:24,4
07/07/2022 00:23,4
07/07/2022 00:20,3
07/07/2022 00:17,4
07/07/2022 00:10,5
06/07/2022 23:55,2
06/07/2022 23:54,1
06/07/2022 23:54,5
06/07/2022 23:52,3
06/07/2022 23:50,4
06/07/2022 23:50,1
06/07/2022 23:45,1
06/07/2022 23:41,5
06/07/2022 23:40,1
06/07/2022 23:27,1
06/07/2022 23:25,1
06/07/2022 23:23,2
06/07/2022 23:19,4
06/07/2022 23:17,2
06/07/2022 23:05,5
06/07/2022 22:56,1
06/07/2022 22:46,5
06/07/2022 22:42,5
06/07/2022 22:41,4
06/07/2022 22:34,5
06/07/2022 22:32,5
06/07/2022 22:30,5
06/07/2022 22:28,3
06/07/2022 22:24,1
06/07/2022 22:12,1
06/07/2022 22:10,2
06/07/2022 22:06,5
06/07/2022 22:04,5
06/07/2022 22:00,1
06/07/2022 21:58,1
06/07/2022 21:57,1
06/07/2022 21:57,5
06/07/2022 21:53,4
06/07/2022 21:41,2
06/07/2022 21:38,5
06/07/2022 21:34,5
06/07/2022 21:33,3
06/07/2022 21:31,3
06/07/2022 21:30,1
06/07/2022 21:25,1
06/07/2022 21:23,1
06/07/2022 21:21,5
06/07/2022 21:19,5
06/07/2022 21:18,5
06/07/2022 21:17,1
06/07/2022 21:13,5
06/07/2022 21:10,5
06/07/2022 21:07,2
06/07/2022 21:07,1
06/07/2022 21:04,2
06/07/2022 21:04,1
06/07/2022 20:59,4
06/07/2022 20:54,4
06/07/2022 20:50,1
06/07/2022 20:48,1
06/07/2022 20:48,1
06/07/2022 20:38,2
06/07/2022 20:35,1
06/07/2022 20:32,4
06/07/2022 20:29,1
06/07/2022 20:27,3
06/07/2022 20:26,1
06/07/2022 20:22,1
06/07/2022 20:19,5
06/07/2022 20:16,5
06/07/2022 20:11,5
06/07/2022 20:10,1
06/07/2022 20:00,5
06/07/2022 20:00,1
06/07/2022 20:00,5
06/07/2022 19:57,1
06/07/2022 19:57,2
06/07/2022 19:56,2
06/07/2022 19:54,5
06/07/2022 19:50,5
06/07/2022 19:49,3
06/07/2022 19:45,5
06/07/2022 19:44,1
06/07/2022 19:42,5
06/07/2022 19:35,5
06/07/2022 19:34,5
06/07/2022 19:30,1
06/07/2022 19:26,4
06/07/2022 19:24,2
06/07/2022 19:23,2
06/07/2022 19:20,1
06/07/2022 19:17,4
06/07/2022 19:13,5
06/07/2022 19:12,5
06/07/2022 19:12,5
06/07/2022 19:04,3
06/07/2022 19:00,5
06/07/2022 18:58,1
06/07/2022 18:57,4
06/07/2022 18:54,1
06/07/2022 18:52,5
06/07/2022 18:48,2
06/07/2022 18:44,4
06/07/2022 18:43,5
06/07/2022 18:39,5
06/07/2022 18:37,2
06/07/2022 18:35,5
06/07/2022 18:27,5
06/07/2022 18:22,5
06/07/2022 18:22,3
06/07/2022 18:19,5
06/07/2022 18:10,1
06/07/2022 18:08,1
06/07/2022 18:06,1
06/07/2022 18:05,5
06/07/2022 18:01,2
06/07/2022 18:00,4
06/07/2022 17:51,5
06/07/2022 17:34,5
06/07/2022 17:33,5
06/07/2022 17:32,5
06/07/2022 17:32,4
06/07/2022 17:31,3
06/07/2022 17:30,1
06/07/2022 17:29,4
06/07/2022 17:24,1
06/07/2022 17:23,3
06/07/2022 17:12,5
06/07/2022 17:12,3
06/07/2022 17:11,5
06/07/2022 17:08,5
06/07/2022 17:03,2
06/07/2022 17:02,5
06/07/2022 17:01,1
06/07/2022 16:59,2
06/07/2022 16:51,1
06/07/2022 16:50,5
06/07/2022 16:48,2
06/07/2022 16:44,5
06/07/2022 16:40,5
06/07/2022 16:39,5
06/07/2022 16:34,5
06/07/2022 16:31,1
06/07/2022 16:28,3
06/07/2022 16:26,1
06/07/2022 16:23,4
06/07/2022 16:22,5
06/07/2022 16:21,5
06/07/2022 16:20,5
06/07/2022 16:20,5
06/07/2022 16:20,5
06/07/2022 16:19,5
06/07/2022 16:18,3
06/07/2022 16:18,1
06/07/2022 16:16,5
06/07/2022 16:12,1
06/07/2022 16:06,1
06/07/2022 16:05,5
06/07/2022 15:58,1
06/07/2022 15:58,3
06/07/2022 15:56,4
06/07/2022 15:55,2
06/07/2022 15:55,5
06/07/2022 15:54,1
06/07/2022 15:49,4
06/07/2022 15:47,1
06/07/2022 15:46,4
06/07/2022 15:39,5
06/07/2022 15:37,5
06/07/2022 15:31,4
06/07/2022 15:29,3
06/07/2022 15:29,4
06/07/2022 15:28,5
06/07/2022 15:27,4
06/07/2022 15:25,3
06/07/2022 15:22,1
06/07/2022 15:22,3
06/07/2022 15:19,2
06/07/2022 15:19,3
06/07/2022 15:16,4
06/07/2022 15:13,1
06/07/2022 15:13,2
06/07/2022 15:09,5
06/07/2022 15:08,1
06/07/2022 15:08,1
06/07/2022 15:03,5
06/07/2022 14:54,5
06/07/2022 14:54,3
06/07/2022 14:51,5
06/07/2022 14:50,5
06/07/2022 14:47,1
06/07/2022 14:44,1
06/07/2022 14:34,4
06/07/2022 14:32,5
06/07/2022 14:30,1
06/07/2022 14:29,5
06/07/2022 14:27,2
06/07/2022 14:26,2
06/07/2022 14:25,3
06/07/2022 14:25,1
06/07/2022 14:23,3
06/07/2022 14:23,5
06/07/2022 14:22,1
06/07/2022 14:20,2
06/07/2022 14:16,3
06/07/2022 14:15,1
06/07/2022 14:11,1
06/07/2022 14:11,5
06/07/2022 14:01,1
06/07/2022 14:00,1
06/07/2022 13:58,1
06/07/2022 13:58,4
06/07/2022 13:49,2
06/07/2022 13:48,1
06/07/2022 13:47,4
06/07/2022 13:42,1
06/07/2022 13:37,4
06/07/2022 13:35,1
06/07/2022 13:35,4
06/07/2022 13:33,2
06/07/2022 13:32,1
06/07/2022 13:27,5
06/07/2022 13:20,5
06/07/2022 13:18,3
06/07/2022 13:17,3
06/07/2022 13:13,4
06/07/2022 13:08,1
06/07/2022 13:07,1
06/07/2022 13:05,1
06/07/2022 13:04,1
06/07/2022 12:58,1
06/07/2022 12:53,5
06/07/2022 12:52,5
06/07/2022 12:49,2
06/07/2022 12:48,4
06/07/2022 12:48,3
06/07/2022 12:48,4
06/07/2022 12:46,5
06/07/2022 12:45,5
06/07/2022 12:45,5
06/07/2022 12:42,3
06/07/2022 12:41,5
06/07/2022 12:39,3
06/07/2022 12:39,5
06/07/2022 12:35,1
06/07/2022 12:34,5
06/07/2022 12:32,5
06/07/2022 12:30,1
06/07/2022 12:26,5
06/07/2022 12:23,4
06/07/2022 12:22,5
06/07/2022 12:21,1
06/07/2022 12:19,1
06/07/2022 12:19,1
06/07/2022 12:17,2
06/07/2022 12:15,5
06/07/2022 12:15,2
06/07/2022 12:14,5
06/07/2022 12:13,3
06/07/2022 12:12,1
06/07/2022 12:12,3
06/07/2022 12:12,2
06/07/2022 12:00,2
06/07/2022 11:58,1
06/07/2022 11:58,1
06/07/2022 11:56,1
06/07/2022 11:54,4
06/07/2022 11:52,3
06/07/2022 11:49,5
06/07/2022 11:40,3
06/07/2022 11:35,2
06/07/2022 11:33,1
06/07/2022 11:32,1
06/07/2022 11:32,5
06/07/2022 11:31,2
06/07/2022 11:29,3
06/07/2022 11:26,4
06/07/2022 11:23,5
06/07/2022 11:19,5
06/07/2022 11:18,5
06/07/2022 11:17,5
06/07/2022 11:13,5
06/07/2022 11:11,5
06/07/2022 11:10,5
06/07/2022 11:04,4
06/07/2022 11:02,1
06/07/2022 11:00,3
06/07/2022 10:49,3
06/07/2022 10:48,1
06/07/2022 10:45,4
06/07/2022 10:36,5
06/07/2022 10:32,5
06/07/2022 10:31,5
06/07/2022 10:30,4
06/07/2022 10:29,3
06/07/2022 10:29,5
06/07/2022 10:26,4
06/07/2022 10:24,5
06/07/2022 10:23,5
06/07/2022 10:13,4
06/07/2022 10:11,4
06/07/2022 10:09,5
06/07/2022 10:04,1
06/07/2022 10:04,1
06/07/2022 09:59,5
06/07/2022 09:57,1
06/07/2022 09:45,5
06/07/2022 09:35,5
06/07/2022 09:33,1
06/07/2022 09:28,3
06/07/2022 09:27,4
06/07/2022 09:27,4
06/07/2022 09:26,1
06/07/2022 09:13,1
06/07/2022 09:09,5
06/07/2022 09:03,5
06/07/2022 09:00,5
06/07/2022 08:55,3
06/07/2022 08:54,1
06/07/2022 08:48,1
06/07/2022 08:42,2
06/07/2022 08:40,1
06/07/2022 08:36,5
06/07/2022 08:36,5
06/07/2022 08:32,5
06/07/2022 08:30,2
06/07/2022 08:29,1
06/07/2022 08:25,3
06/07/2022 08:24,5
06/07/2022 08:24,5
06/07/2022 08:22,4
06/07/2022 08:20,5
06/07/2022 08:07,1
06/07/2022 08:05,5
06/07/2022 08:03,5
06/07/2022 07:56,5
06/07/2022 07:51,1
06/07/2022 07:51,1
06/07/2022 07:50,1
06/07/2022 07:44,5
06/07/2022 07:42,5
06/07/2022 07:42,2
06/07/2022 07:36,5
06/07/2022 07:24,5
06/07/2022 07:23,2
06/07/2022 07:17,2
06/07/2022 07:16,5
06/07/2022 07:14,1
06/07/2022 07:10,3
06/07/2022 07:06,5
06/07/2022 07:01,1
06/07/2022 07:00,3
06/07/2022 06:59,2
06/07/2022 06:57,1
06/07/2022 06:56,1
06/07/2022 06:56,1
06/07/2022 06:50,1
06/07/2022 06:49,4
06/07/2022 06:45,5
06/07/2022 06:40,3
06/07/2022 06:40,4
06/07/2022 06:40,1
06/07/2022 06:31,5
06/07/2022 06:30,4
06/07/2022 06:30,5
06/07/2022 06:20,3
06/07/2022 06:13,5
06/07/2022 06:09,5
06/07/2022 06:03,1
06/07/2022 06:02,4
06/07/2022 05:58,1
06/07/2022 05:58,5
06/07/2022 05:57,1
06/07/2022 05:53,1
06/07/2022 05:53,1
06/07/2022 05:52,3
06/07/2022 05:49,5
06/07/2022 05:46,5
06/07/2022 05:43,5
06/07/2022 05:40,3
06/07/2022 05:39,1
06/07/2022 05:37,2
06/07/2022 05:36,4
06/07/2022 05:25,5
06/07/2022 05:20,1
06/07/2022 05:19,5
06/07/2022 05:11,5
06/07/2022 05:06,3
06/07/2022 05:06,5
06/07/2022 05:02,1
06/07/2022 04:55,5
06/07/2022 04:44,5
06/07/2022 04:41,5
06/07/2022 04:40,1
06/07/2022 04:39,1
06/07/2022 04:38,4
06/07/2022 04:38,1
06/07/2022 04:35,5
06/07/2022 04:33,1
06/07/2022 04:27,5
06/07/2022 04:22,1
06/07/2022 04:20,1
06/07/2022 04:20,5
06/07/2022 04:20,1
06/07/2022 04:19,2
06/07/2022 04:15,2
06/07/2022 04:11,5
06/07/2022 04:09,5
06/07/2022 04:07,2
06/07/2022 04:06,3
06/07/2022 04:06,4
06/07/2022 03:56,1
06/07/2022 03:56,5
06/07/2022 03:55,1
06/07/2022 03:50,2
06/07/2022 03:46,3
06/07/2022 03:42,5
06/07/2022 03:39,5
06/07/2022 03:33,5
06/07/2022 03:30,5
06/07/2022 03:25,5
06/07/2022 03:25,1
06/07/2022 03:19,1
06/07/2022 03:15,1
06/07/2022 03:12,2
06/07/2022 03:08,1
06/07/2022 03:07,4
06/07/2022 03:01,3
06/07/2022 02:56,2
06/07/2022 02:55,3
06/07/2022 02:54,5
06/07/2022 02:52,2
06/07/2022 02:51,5
06/07/2022 02:50,5
06/07/2022 02:46,4
06/07/2022 02:45,1
06/07/2022 02:43,5
06/07/2022 02:38,1
06/07/2022 02:37,4
06/07/2022 02:36,1
06/07/2022 02:28,4
06/07/2022 02:26,1
06/07/2022 02:26,5
06/07/2022 02:22,4
06/07/2022 02:22,2
06/07/2022 02:21,3
06/07/2022 02:20,3
06/07/2022 02:19,5
06/07/2022 02:18,1
06/07/2022 02:16,3
06/07/2022 02:13,1
06/07/2022 02:12,5
06/07/2022 02:02,5
06/07/2022 02:01,4
06/07/2022 01:59,1
06/07/2022 01:59,5
06/07/2022 01:57,5
06/07/2022 01:36,3
06/07/2022 01:23,1
06/07/2022 01:16,5
06/07/2022 00:59,3
06/07/2022 00:59,5
06/07/2022 00:59,5
06/07/2022 00:54,1
06/07/2022 00:47,1
06/07/2022 00:41,5
06/07/2022 00:40,3
06/07/2022 00:34,4
06/07/2022 00:15,2
06/07/2022 00:08,3
06/07/2022 00:02,1
06/07/2022 00:02,5
05/07/2022 23:55,2
05/07/2022 23:53,1
05/07/2022 23:51,1
05/07/2022 23:43,4
05/07/2022 23:42,3
05/07/2022 23:37,1
05/07/2022 23:35,5
05/07/2022 23:35,5
05/07/2022 23:33,2
05/07/2022 23:28,1
05/07/2022 23:23,1
05/07/2022 23:23,5
05/07/2022 23:17,5
05/07/2022 23:12,5
05/07/2022 23:09,3
05/07/2022 23:06,1
05/07/2022 23:00,5
05/07/2022 22:58,3
05/07/2022 22:55,1
05/07/2022 22:55,5
05/07/2022 22:54,3
05/07/2022 22:52,5
05/07/2022 22:49,2
05/07/2022 22:48,5
05/07/2022 22:41,3
05/07/2022 22:39,4
05/07/2022 22:34,1
05/07/2022 22:34,3
05/07/2022 22:33,1
05/07/2022 22:31,1
05/07/2022 22:30,3
05/07/2022 22:19,2
05/07/2022 22:18,1
05/07/2022 22:16,2
05/07/2022 22:08,1
05/07/2022 22:06,5
05/07/2022 22:03,1
05/07/2022 21:55,3
05/07/2022 21:48,2
05/07/2022 21:47,4
05/07/2022 21:47,3
05/07/2022 21:41,2
05/07/2022 21:31,1
05/07/2022 21:26,5
05/07/2022 21:24,5
05/07/2022 21:24,1
05/07/2022 21:22,5
05/07/2022 21:21,1
05/07/2022 21:18,1
05/07/2022 21:16,4
05/07/2022 21:12,5
05/07/2022 21:06,5
05/07/2022 21:06,1
05/07/2022 21:06,1
05/07/2022 21:05,5
05/07/2022 21:05,5
05/07/2022 20:57,2
05/07/2022 20:55,2
05/07/2022 20:55,1
05/07/2022 20:53,1
05/07/2022 20:49,5
05/07/2022 20:43,4
05/07/2022 20:41,1
05/07/2022 20:34,5
05/07/2022 20:30,1
05/07/2022 20:29,1
05/07/2022 20:28,2
05/07/2022 20:23,1
05/07/2022 20:20,3
05/07/2022 20:16,2
05/07/2022 20:14,5
05/07/2022 20:07,3
05/07/2022 20:06,4
05/07/2022 20:05,1
05/07/2022 20:01,5
05/07/2022 20:01,5
05/07/2022 19:56,5
05/07/2022 19:51,1
05/07/2022 19:47,5
05/07/2022 19:44,3
05/07/2022 19:41,3
05/07/2022 19:39,5
05/07/2022 19:36,1
05/07/2022 19:35,1
05/07/2022 19:33,4
05/07/2022 19:32,2
05/07/2022 19:30,1
05/07/2022 19:29,1
05/07/2022 19:25,2
05/07/2022 19:24,2
05/07/2022 19:21,4
05/07/2022 19:20,1
05/07/2022 19:19,1
05/07/2022 19:08,3
05/07/2022 19:05,5
05/07/2022 19:02,1
05/07/2022 19:00,1
05/07/2022 19:00,5
05/07/2022 18:56,4
05/07/2022 18:56,5
05/07/2022 18:51,1
05/07/2022 18:51,5
05/07/2022 18:51,5
05/07/2022 18:49,4
05/07/2022 18:49,5
05/07/2022 18:49,1
05/07/2022 18:47,1
05/07/2022 18:41,1
05/07/2022 18:39,2
05/07/2022 18:35,5
05/07/2022 18:32,1
05/07/2022 18:28,3
05/07/2022 18:24,5
05/07/2022 18:18,2
05/07/2022 18:05,2
05/07/2022 17:59,2
05/07/2022 17:56,4
05/07/2022 17:54,5
05/07/2022 17:50,4
05/07/2022 17:49,3
05/07/2022 17:49,1
05/07/2022 17:46,1
05/07/2022 17:46,5
05/07/2022 17:45,5
05/07/2022 17:40,5
05/07/2022 17:39,1
05/07/2022 17:35,1
05/07/2022 17:35,5
05/07/2022 17:35,1
05/07/2022 17:28,1
05/07/2022 17:27,3
05/07/2022 17:25,5
05/07/2022 17:22,1
05/07/2022 17:21,5
05/07/2022 17:21,4
05/07/2022 17:17,1
05/07/2022 17:14,1
05/07/2022 17:08,5
05/07/2022 17:08,1
05/07/2022 17:04,5
05/07/2022 17:02,5
05/07/2022 16:59,5
05/07/2022 16:58,5
05/07/2022 16:56,1
05/07/2022 16:55,5
05/07/2022 16:54,1
05/07/2022 16:54,2
05/07/2022 16:54,1
05/07/2022 16:51,5
05/07/2022 16:47,4
05/07/2022 16:45,5
05/07/2022 16:43,5
05/07/2022 16:40,5
05/07/2022 16:38,1
05/07/2022 16:35,5
05/07/2022 16:33,1
05/07/2022 16:29,5
05/07/2022 16:26,1
05/07/2022 16:18,1
05/07/2022 16:17,4
05/07/2022 16:15,5
05/07/2022 16:15,5
05/07/2022 16:14,5
05/07/2022 16:03,1
05/07/2022 15:55,1
05/07/2022 15:51,1
05/07/2022 15:50,4
05/07/2022 15:48,1
05/07/2022 15:45,1
05/07/2022 15:32,4
05/07/2022 15:29,5
05/07/2022 15:29,2
05/07/2022 15:29,5
05/07/2022 15:28,1
05/07/2022 15:27,5
05/07/2022 15:26,1
05/07/2022 15:26,1
05/07/2022 15:26,1
05/07/2022 15:26,4
05/07/2022 15:22,1
05/07/2022 15:18,5
05/07/2022 15:17,1
05/07/2022 15:17,4
05/07/2022 15:16,5
05/07/2022 15:15,5
05/07/2022 15:15,4
05/07/2022 15:14,1
05/07/2022 15:12,2
05/07/2022 15:10,3
05/07/2022 15:05,5
05/07/2022 15:03,3
05/07/2022 15:00,1
05/07/2022 14:58,3
05/07/2022 14:57,1
05/07/2022 14:54,1
05/07/2022 14:51,1
05/07/2022 14:49,3
05/07/2022 14:48,5
05/07/2022 14:44,5
05/07/2022 14:34,3
05/07/2022 14:30,5
05/07/2022 14:29,5
05/07/2022 14:27,4
05/07/2022 14:24,1
05/07/2022 14:23,5
05/07/2022 14:21,4
05/07/2022 14:17,1
05/07/2022 14:16,1
05/07/2022 14:13,4
05/07/2022 14:04,4
05/07/2022 14:03,2
05/07/2022 14:01,5
05/07/2022 14:00,1
05/07/2022 14:00,2
05/07/2022 13:58,4
05/07/2022 13:58,5
05/07/2022 13:56,5
05/07/2022 13:55,4
05/07/2022 13:54,5
05/07/2022 13:54,2
05/07/2022 13:54,1
05/07/2022 13:53,1
05/07/2022 13:53,2
05/07/2022 13:51,5
05/07/2022 13:46,1
05/07/2022 13:44,5
05/07/2022 13:41,2
05/07/2022 13:40,4
05/07/2022 13:37,3
05/07/2022 13:35,2
05/07/2022 13:33,5
05/07/2022 13:30,1
05/07/2022 13:28,5
05/07/2022 13:27,1
05/07/2022 13:22,5
05/07/2022 13:20,5
05/07/2022 13:19,5
05/07/2022 13:16,2
05/07/2022 13:06,5
05/07/2022 13:03,4
05/07/2022 13:01,3
05/07/2022 13:00,1
05/07/2022 12:56,5
05/07/2022 12:53,5
05/07/2022 12:50,2
05/07/2022 12:44,5
05/07/2022 12:43,3
05/07/2022 12:42,5
05/07/2022 12:34,5
05/07/2022 12:31,1
05/07/2022 12:29,5
05/07/2022 12:27,3
05/07/2022 12:24,4
05/07/2022 12:21,2
05/07/2022 12:20,4
05/07/2022 12:19,3
05/07/2022 12:13,1
05/07/2022 12:12,4
05/07/2022 12:11,5
05/07/2022 12:10,1
05/07/2022 12:09,5
05/07/2022 12:07,1
05/07/2022 12:02,5
05/07/2022 12:00,4
05/07/2022 11:58,1
05/07/2022 11:57,5
05/07/2022 11:57,5
05/07/2022 11:56,1
05/07/2022 11:54,1
05/07/2022 11:49,1
05/07/2022 11:45,1
05/07/2022 11:41,5
05/07/2022 11:37,3
05/07/2022 11:35,1
05/07/2022 11:32,1
05/07/2022 11:31,2
05/07/2022 11:21,3
05/07/2022 11:13,5
05/07/2022 11:11,1
05/07/2022 11:03,5
05/07/2022 11:02,1
05/07/2022 10:54,5
05/07/2022 10:50,2
05/07/2022 10:41,4
05/07/2022 10:39,5
05/07/2022 10:38,5
05/07/2022 10:36,5
05/07/2022 10:32,1
05/07/2022 10:27,4
05/07/2022 10:25,5
05/07/2022 10:23,1
05/07/2022 10:22,5
05/07/2022 10:21,5
05/07/2022 10:19,4
05/07/2022 10:17,5
05/07/2022 10:10,3
05/07/2022 10:06,4
05/07/2022 09:55,1
05/07/2022 09:47,1
05/07/2022 09:42,1
05/07/2022 09:39,5
05/07/2022 09:35,1
05/07/2022 09:33,2
05/07/2022 09:29,1
05/07/2022 09:29,1
05/07/2022 09:25,4
05/07/2022 09:25,1
05/07/2022 09:24,3
05/07/2022 09:22,5
05/07/2022 09:18,1
05/07/2022 09:16,1
05/07/2022 09:12,1
05/07/2022 09:11,1
05/07/2022 09:05,5
05/07/2022 09:01,1
05/07/2022 08:52,4
05/07/2022 08:49,5
05/07/2022 08:45,4
05/07/2022 08:42,4
05/07/2022 08:37,1
05/07/2022 08:35,5
05/07/2022 08:32,1
05/07/2022 08:30,4
05/07/2022 08:25,1
05/07/2022 08:24,1
05/07/2022 08:13,3
05/07/2022 08:01,4
05/07/2022 08:01,1
05/07/2022 07:51,4
05/07/2022 07:45,2
05/07/2022 07:44,1
05/07/2022 07:43,5
05/07/2022 07:41,5
05/07/2022 07:39,3
05/07/2022 07:39,1
05/07/2022 07:33,2
05/07/2022 07:32,3
05/07/2022 07:30,2
05/07/2022 07:23,4
05/07/2022 07:11,2
05/07/2022 07:08,1
05/07/2022 07:07,5
05/07/2022 07:05,1
05/07/2022 07:03,1
05/07/2022 06:55,5
05/07/2022 06:48,1
05/07/2022 06:46,1
05/07/2022 06:44,2
05/07/2022 06:44,4
05/07/2022 06:43,5
05/07/2022 06:42,5
05/07/2022 06:40,3
05/07/2022 06:37,5
05/07/2022 06:36,5
05/07/2022 06:35,5
05/07/2022 06:31,2
05/07/2022 06:29,4
05/07/2022 06:29,4
05/07/2022 06:28,4
05/07/2022 06:15,2
05/07/2022 06:14,4
05/07/2022 05:58,5
05/07/2022 05:58,2
05/07/2022 05:54,2
05/07/2022 05:54,5
05/07/2022 05:46,5
05/07/2022 05:40,5
05/07/2022 05:37,5
05/07/2022 05:29,4
05/07/2022 05:27,2
05/07/2022 05:21,3
05/07/2022 05:20,1
05/07/2022 05:19,1
05/07/2022 05:19,2
05/07/2022 05:18,5
05/07/2022 05:15,1
05/07/2022 04:56,5
05/07/2022 04:48,2
05/07/2022 04:48,1
05/07/2022 04:45,5
05/07/2022 04:45,1
05/07/2022 04:42,5
05/07/2022 04:40,1
05/07/2022 04:38,4
05/07/2022 04:32,5
05/07/2022 04:31,1
05/07/2022 04:24,4
05/07/2022 04:23,4
05/07/2022 04:15,5
05/07/2022 04:13,5
05/07/2022 04:09,1
05/07/2022 03:59,2
05/07/2022 03:58,5
05/07/2022 03:54,5
05/07/2022 03:48,5
05/07/2022 03:45,5
05/07/2022 03:42,5
05/07/2022 03:34,1
05/07/2022 03:29,3
05/07/2022 03:24,5
05/07/2022 03:23,1
05/07/2022 03:19,1
05/07/2022 03:18,1
05/07/2022 03:14,1
05/07/2022 03:05,5
05/07/2022 03:03,1
05/07/2022 03:00,4
05/07/2022 03:00,5
05/07/2022 02:45,3
05/07/2022 02:43,4
05/07/2022 02:39,2
05/07/2022 02:38,2
05/07/2022 02:33,5
05/07/2022 02:30,5
05/07/2022 02:28,2
05/07/2022 02:27,1
05/07/2022 02:18,1
05/07/2022 02:17,5
05/07/2022 02:13,5
05/07/2022 02:11,5
05/07/2022 02:09,4
05/07/2022 02:05,3
05/07/2022 02:04,3
05/07/2022 02:03,5
05/07/2022 02:01,2
05/07/2022 01:50,3
05/07/2022 01:46,5
05/07/2022 01:33,2
05/07/2022 01:31,5
05/07/2022 01:27,5
05/07/2022 01:27,4
05/07/2022 01:26,3
05/07/2022 01:12,2
05/07/2022 01:12,5
05/07/2022 01:05,1
05/07/2022 01:05,5
05/07/2022 00:59,1
05/07/2022 00:58,1
05/07/2022 00:51,1
05/07/2022 00:51,1
05/07/2022 00:44,1
05/07/2022 00:42,4
05/07/2022 00:41,1
05/07/2022 00:30,1
05/07/2022 00:29,5
05/07/2022 00:29,5
05/07/2022 00:23,3
05/07/2022 00:22,5
05/07/2022 00:15,1
05/07/2022 00:15,1
05/07/2022 00:09,1
05/07/2022 00:06,1
05/07/2022 00:04,4
05/07/2022 00:02,4
04/07/2022 23:57,3
04/07/2022 23:54,1
04/07/2022 23:53,5
04/07/2022 23:51,5
04/07/2022 23:44,4
04/07/2022 23:38,3
04/07/2022 23:37,1
04/07/2022 23:36,1
04/07/2022 23:35,2
04/07/2022 23:34,5
04/07/2022 23:24,5
04/07/2022 23:17,5
04/07/2022 23:16,5
04/07/2022 23:14,5
04/07/2022 23:13,4
04/07/2022 23:13,4
04/07/2022 23:08,1
04/07/2022 22:58,1
04/07/2022 22:57,5
04/07/2022 22:57,5
04/07/2022 22:42,1
04/07/2022 22:35,5
04/07/2022 22:33,5
04/07/2022 22:29,1
04/07/2022 22:26,5
04/07/2022 22:26,4
04/07/2022 22:25,1
04/07/2022 22:17,2
04/07/2022 22:15,5
04/07/2022 22:14,5
04/07/2022 22:03,5
04/07/2022 21:56,1
04/07/2022 21:53,1
04/07/2022 21:50,5
04/07/2022 21:48,4
04/07/2022 21:46,1
04/07/2022 21:44,5
04/07/2022 21:44,5
04/07/2022 21:42,5
04/07/2022 21:40,5
04/07/2022 21:40,4
04/07/2022 21:39,3
04/07/2022 21:37,3
04/07/2022 21:28,5
04/07/2022 21:17,5
04/07/2022 21:15,5
04/07/2022 21:13,5
04/07/2022 21:12,5
04/07/2022 21:11,3
04/07/2022 21:11,2
04/07/2022 21:01,5
04/07/2022 20:54,3
04/07/2022 20:50,5
04/07/2022 20:40,2
04/07/2022 20:38,5
04/07/2022 20:27,4
04/07/2022 20:27,1
04/07/2022 20:27,2
04/07/2022 20:26,5
04/07/2022 20:25,4
04/07/2022 20:19,4
04/07/2022 20:19,1
04/07/2022 20:17,4
04/07/2022 20:17,5
04/07/2022 20:12,5
04/07/2022 20:11,5
04/07/2022 20:05,5
04/07/2022 20:02,4
04/07/2022 19:57,2
04/07/2022 19:55,5
04/07/2022 19:54,3
04/07/2022 19:50,3
04/07/2022 19:46,1
04/07/2022 19:45,5
04/07/2022 19:44,4
04/07/2022 19:43,5
04/07/2022 19:41,4
04/07/2022 19:36,5
04/07/2022 19:33,2
04/07/2022 19:29,4
04/07/2022 19:29,1
04/07/2022 19:29,5
04/07/2022 19:29,1
04/07/2022 19:26,5
04/07/2022 19:20,5
04/07/2022 19:15,5
04/07/2022 19:08,5
04/07/2022 19:06,5
04/07/2022 19:04,3
04/07/2022 19:04,5
04/07/2022 19:04,4
04/07/2022 18:56,5
04/07/2022 18:53,5
04/07/2022 18:46,3
04/07/2022 18:43,2
04/07/2022 18:43,3
04/07/2022 18:41,5
04/07/2022 18:41,5
04/07/2022 18:34,1
04/07/2022 18:33,4
04/07/2022 18:33,3
04/07/2022 18:31,1
04/07/2022 18:27,4
04/07/2022 18:25,1
04/07/2022 18:25,2
04/07/2022 18:24,1
04/07/2022 18:19,5
04/07/2022 18:17,1
04/07/2022 18:13,2
04/07/2022 18:11,3
04/07/2022 18:10,1
04/07/2022 18:07,1
04/07/2022 18:06,3
04/07/2022 18:05,4
04/07/2022 18:01,5
04/07/2022 17:59,5
04/07/2022 17:56,3
04/07/2022 17:52,1
04/07/2022 17:50,1
04/07/2022 17:50,3
04/07/2022 17:48,1
04/07/2022 17:48,5
04/07/2022 17:46,1
04/07/2022 17:45,5
04/07/2022 17:44,5
04/07/2022 17:43,5
04/07/2022 17:42,2
04/07/2022 17:36,1
04/07/2022 17:35,1
04/07/2022 17:35,4
04/07/2022 17:35,4
04/07/2022 17:34,5
04/07/2022 17:25,3
04/07/2022 17:19,5
04/07/2022 17:18,5
04/07/2022 17:17,4
04/07/2022 17:16,5
04/07/2022 17:12,5
04/07/2022 17:11,5
04/07/2022 17:11,4
04/07/2022 17:10,1
04/07/2022 17:08,5
04/07/2022 17:08,5
04/07/2022 17:07,5
04/07/2022 17:05,2
04/07/2022 17:03,5
04/07/2022 17:02,3
04/07/2022 17:02,1
04/07/2022 16:59,2
04/07/2022 16:58,1
04/07/2022 16:57,2
04/07/2022 16:55,2
04/07/2022 16:54,5
04/07/2022 16:53,1
04/07/2022 16:51,5
04/07/2022 16:47,1
04/07/2022 16:46,5
04/07/2022 16:45,4
04/07/2022 16:43,5
04/07/2022 16:42,1
04/07/2022 16:41,3
04/07/2022 16:41,4
04/07/2022 16:40,1
04/07/2022 16:39,3
04/07/2022 16:37,5
04/07/2022 16:37,5
04/07/2022 16:35,5
04/07/2022 16:33,3
04/07/2022 16:33,5
04/07/2022 16:32,3
04/07/2022 16:30,3
04/07/2022 16:27,5
04/07/2022 16:26,1
04/07/2022 16:26,1
04/07/2022 16:22,1
04/07/2022 16:19,1
04/07/2022 16:19,5
04/07/2022 16:19,1
04/07/2022 16:17,4
04/07/2022 16:16,4
04/07/2022 16:15,5
04/07/2022 16:12,5
04/07/2022 16:09,1
04/07/2022 16:08,3
04/07/2022 16:06,1
04/07/2022 16:03,5
04/07/2022 15:58,5
04/07/2022 15:56,4
04/07/2022 15:55,5
04/07/2022 15:50,2
04/07/2022 15:47,5
04/07/2022 15:43,1
04/07/2022 15:40,1
04/07/2022 15:38,5
04/07/2022 15:37,5
04/07/2022 15:30,5
04/07/2022 15:30,4
04/07/2022 15:27,4
04/07/2022 15:22,1
04/07/2022 15:13,5
04/07/2022 15:10,5
04/07/2022 15:10,5
04/07/2022 15:03,3
04/07/2022 15:03,3
04/07/2022 15:01,5
04/07/2022 14:59,2
04/07/2022 14:57,1
04/07/2022 14:57,5
04/07/2022 14:56,2
04/07/2022 14:55,4
04/07/2022 14:55,5
04/07/2022 14:52,5
04/07/2022 14:47,5
04/07/2022 14:35,4
04/07/2022 14:34,3
04/07/2022 14:33,5
04/07/2022 14:31,5
04/07/2022 14:29,2
04/07/2022 14:28,1
04/07/2022 14:27,1
04/07/2022 14:26,5
04/07/2022 14:18,4
04/07/2022 14:14,5
04/07/2022 14:11,5
04/07/2022 14:03,5
04/07/2022 13:52,1
04/07/2022 13:48,3
04/07/2022 13:47,5
04/07/2022 13:45,5
04/07/2022 13:44,5
04/07/2022 13:39,5
04/07/2022 13:33,5
04/07/2022 13:33,5
04/07/2022 13:33,3
04/07/2022 13:32,2
04/07/2022 13:31,1
04/07/2022 13:29,5
04/07/2022 13:29,5
04/07/2022 13:23,5
04/07/2022 13:16,3
04/07/2022 13:15,3
04/07/2022 13:07,5
04/07/2022 13:00,5
04/07/2022 12:58,5
04/07/2022 12:57,3
04/07/2022 12:57,3
04/07/2022 12:57,5
04/07/2022 12:56,5
04/07/2022 12:54,5
04/07/2022 12:54,5
04/07/2022 12:52,5
04/07/2022 12:48,1
04/07/2022 12:40,1
04/07/2022 12:21,5
04/07/2022 12:10,1
04/07/2022 12:06,5
04/07/2022 12:01,5
04/07/2022 12:01,1
04/07/2022 11:57,2
04/07/2022 11:53,1
04/07/2022 11:44,1
04/07/2022 11:36,1
04/07/2022 11:29,5
04/07/2022 11:27,1
04/07/2022 11:26,5
04/07/2022 11:21,3
04/07/2022 11:19,2
04/07/2022 11:16,2
04/07/2022 11:16,5
04/07/2022 11:12,5
04/07/2022 11:09,2
04/07/2022 11:07,5
04/07/2022 11:05,5
04/07/2022 11:03,1
04/07/2022 10:53,3
04/07/2022 10:37,3
04/07/2022 10:30,5
04/07/2022 10:27,5
04/07/2022 10:23,4
04/07/2022 10:10,1
04/07/2022 10:10,5
04/07/2022 10:02,5
04/07/2022 10:00,2
04/07/2022 09:56,5
04/07/2022 09:54,5
04/07/2022 09:53,1
04/07/2022 09:52,1
04/07/2022 09:39,2
04/07/2022 09:36,4
04/07/2022 09:25,5
04/07/2022 09:21,4
04/07/2022 09:18,4
04/07/2022 09:16,1
04/07/2022 09:12,3
04/07/2022 09:02,5
04/07/2022 08:59,2
04/07/2022 08:52,1
04/07/2022 08:51,5
04/07/2022 08:49,2
04/07/2022 08:45,5
04/07/2022 08:44,1
04/07/2022 08:41,5
04/07/2022 08:41,5
04/07/2022 08:35,5
04/07/2022 08:35,1
04/07/2022 08:30,5
04/07/2022 08:29,5
04/07/2022 08:27,2
04/07/2022 08:24,5
04/07/2022 08:21,1
04/07/2022 08:18,5
04/07/2022 08:16,4
04/07/2022 08:13,4
04/07/2022 08:10,5
04/07/2022 08:06,2
04/07/2022 08:04,2
04/07/2022 07:59,5
04/07/2022 07:59,2
04/07/2022 07:57,1
04/07/2022 07:57,1
04/07/2022 07:46,4
04/07/2022 07:44,4
04/07/2022 07:27,1
04/07/2022 07:26,1
04/07/2022 07:25,1
04/07/2022 07:21,4
04/07/2022 07:14,3
04/07/2022 07:13,3
04/07/2022 07:11,5
04/07/2022 07:10,1
04/07/2022 07:10,1
04/07/2022 07:02,1
04/07/2022 06:59,4
04/07/2022 06:59,1
04/07/2022 06:55,1
04/07/2022 06:54,4
04/07/2022 06:52,3
04/07/2022 06:51,1
04/07/2022 06:50,3
04/07/2022 06:48,3
04/07/2022 06:45,3
04/07/2022 06:43,3
04/07/2022 06:32,1
04/07/2022 06:30,3
04/07/2022 06:26,1
04/07/2022 06:17,5
04/07/2022 06:14,5
04/07/2022 06:13,5
04/07/2022 06:12,1
04/07/2022 06:11,1
04/07/2022 06:06,4
04/07/2022 05:59,5
04/07/2022 05:57,1
04/07/2022 05:52,2
04/07/2022 05:44,5
04/07/2022 05:35,1
04/07/2022 05:30,4
04/07/2022 05:29,5
04/07/2022 05:29,5
04/07/2022 05:28,2
04/07/2022 05:26,2
04/07/2022 05:25,5
04/07/2022 05:18,5
04/07/2022 05:18,1
04/07/2022 05:16,4
04/07/2022 05:12,5
04/07/2022 05:03,1
04/07/2022 04:59,5
04/07/2022 04:55,5
04/07/2022 04:55,4
04/07/2022 04:52,4
04/07/2022 04:45,2
04/07/2022 04:35,1
04/07/2022 04:35,1
04/07/2022 04:30,3
04/07/2022 04:30,2
04/07/2022 04:30,5
04/07/2022 04:29,1
04/07/2022 04:26,5
04/07/2022 04:22,1
04/07/2022 04:08,5
04/07/2022 04:02,3
04/07/2022 04:00,3
04/07/2022 03:58,5
04/07/2022 03:52,4
04/07/2022 03:50,1
04/07/2022 03:49,5
04/07/2022 03:41,2
04/07/2022 03:36,3
04/07/2022 03:30,1
04/07/2022 03:24,5
04/07/2022 03:23,2
04/07/2022 03:19,5
04/07/2022 03:12,5
04/07/2022 03:11,4
04/07/2022 03:09,5
04/07/2022 03:03,5
04/07/2022 03:00,5
04/07/2022 02:57,4
04/07/2022 02:56,3
04/07/2022 02:54,5
04/07/2022 02:51,4
04/07/2022 02:41,5
04/07/2022 02:38,5
04/07/2022 02:35,1
04/07/2022 02:27,2
04/07/2022 02:20,5
04/07/2022 02:17,5
04/07/2022 02:15,3
04/07/2022 02:03,5
04/07/2022 02:03,5
04/07/2022 01:57,1
04/07/2022 01:48,5
04/07/2022 01:26,1
04/07/2022 01:26,5
04/07/2022 01:26,1
04/07/2022 01:25,5
04/07/2022 01:16,1
04/07/2022 00:57,1
04/07/2022 00:51,1
04/07/2022 00:50,5
04/07/2022 00:33,1
04/07/2022 00:28,5
04/07/2022 00:20,5
04/07/2022 00:12,1
04/07/2022 00:08,5
04/07/2022 00:04,4
04/07/2022 00:01,5
03/07/2022 23:31,1
03/07/2022 23:31,4
03/07/2022 23:30,4
03/07/2022 23:24,5
03/07/2022 23:22,5
03/07/2022 23:21,5
03/07/2022 23:21,5
03/07/2022 23:16,3
03/07/2022 23:13,4
03/07/2022 23:09,5
03/07/2022 23:09,4
03/07/2022 23:08,3
03/07/2022 23:05,1
03/07/2022 23:02,1
03/07/2022 22:58,1
03/07/2022 22:56,1
03/07/2022 22:50,5
03/07/2022 22:50,2
03/07/2022 22:48,2
03/07/2022 22:47,5
03/07/2022 22:46,5
03/07/2022 22:46,5
03/07/2022 22:34,3
03/07/2022 22:32,5
03/07/2022 22:19,1
03/07/2022 22:15,5
03/07/2022 22:05,5
03/07/2022 22:04,1
03/07/2022 22:04,2
03/07/2022 22:03,3
03/07/2022 21:59,2
03/07/2022 21:54,4
03/07/2022 21:53,5
03/07/2022 21:49,4
03/07/2022 21:43,5
03/07/2022 21:43,4
03/07/2022 21:40,5
03/07/2022 21:38,4
03/07/2022 21:38,5
03/07/2022 21:35,1
03/07/2022 21:33,5
03/07/2022 21:29,5
03/07/2022 21:29,1
03/07/2022 21:28,1
03/07/2022 21:27,1
03/07/2022 21:24,2
03/07/2022 21:22,1
03/07/2022 21:19,5
03/07/2022 21:16,2
03/07/2022 21:04,5
03/07/2022 21:03,5
03/07/2022 21:02,5
03/07/2022 20:53,5
03/07/2022 20:47,5
03/07/2022 20:43,5
03/07/2022 20:40,5
03/07/2022 20:39,4
03/07/2022 20:36,1
03/07/2022 20:34,3
03/07/2022 20:21,5
03/07/2022 20:21,5
03/07/2022 20:21,1
03/07/2022 20:17,5
03/07/2022 20:15,1
03/07/2022 20:15,2
03/07/2022 20:13,5
03/07/2022 20:11,1
03/07/2022 20:10,4
03/07/2022 20:07,3
03/07/2022 19:55,2
03/07/2022 19:52,4
03/07/2022 19:45,5
03/07/2022 19:45,5
03/07/2022 19:45,5
03/07/2022 19:41,5
03/07/2022 19:39,1
03/07/2022 19:35,4
03/07/2022 19:35,5
03/07/2022 19:33,4
03/07/2022 19:32,5
03/07/2022 19:31,2
03/07/2022 19:28,5
03/07/2022 19:25,4
03/07/2022 19:23,5
03/07/2022 19:21,5
03/07/2022 19:20,3
03/07/2022 19:17,1
03/07/2022 19:10,3
03/07/2022 18:58,5
03/07/2022 18:55,5
03/07/2022 18:54,5
03/07/2022 18:52,5
03/07/2022 18:49,5
03/07/2022 18:44,1
03/07/2022 18:42,1
03/07/2022 18:40,5
03/07/2022 18:33,5
03/07/2022 18:32,4
03/07/2022 18:26,2
03/07/2022 18:25,4
03/07/2022 18:25,2
03/07/2022 18:18,2
03/07/2022 18:15,5
03/07/2022 18:15,5
03/07/2022 18:08,5
03/07/2022 18:06,3
03/07/2022 18:02,2
03/07/2022 18:02,1
03/07/2022 17:59,5
03/07/2022 17:59,3
03/07/2022 17:58,1
03/07/2022 17:56,5
03/07/2022 17:54,5
03/07/2022 17:53,2
03/07/2022 17:49,1
03/07/2022 17:44,5
03/07/2022 17:35,1
03/07/2022 17:32,5
03/07/2022 17:31,3
03/07/2022 17:28,5
03/07/2022 17:24,3
03/07/2022 17:24,5
03/07/2022 17:23,4
03/07/2022 17:07,5
03/07/2022 17:07,1
03/07/2022 17:03,4
03/07/2022 17:01,3
03/07/2022 16:57,5
03/07/2022 16:55,2
03/07/2022 16:53,2
03/07/2022 16:52,5
03/07/2022 16:49,4
03/07/2022 16:41,1
03/07/2022 16:37,1
03/07/2022 16:36,1
03/07/2022 16:35,1
03/07/2022 16:31,5
03/07/2022 16:28,1
03/07/2022 16:28,3
03/07/2022 16:22,5
03/07/2022 16:22,5
03/07/2022 16:21,1
03/07/2022 16:18,3
03/07/2022 16:17,5
03/07/2022 16:17,3
03/07/2022 16:17,1
03/07/2022 16:16,5
03/07/2022 16:15,5
03/07/2022 16:11,1
03/07/2022 16:11,3
03/07/2022 16:11,2
03/07/2022 16:10,5
03/07/2022 16:07,4
03/07/2022 16:03,5
03/07/2022 16:01,5
03/07/2022 15:50,2
03/07/2022 15:49,5
03/07/2022 15:47,4
03/07/2022 15:46,1
03/07/2022 15:44,1
03/07/2022 15:42,1
03/07/2022 15:38,5
03/07/2022 15:38,5
03/07/2022 15:37,1
03/07/2022 15:37,1
03/07/2022 15:37,2
03/07/2022 15:36,1
03/07/2022 15:35,4
03/07/2022 15:33,1
03/07/2022 15:32,5
03/07/2022 15:32,3
03/07/2022 15:31,5
03/07/2022 15:28,3
03/07/2022 15:26,5
03/07/2022 15:24,5
03/07/2022 15:20,5
03/07/2022 15:16,3
03/07/2022 15:12,1
03/07/2022 15:10,4
03/07/2022 14:58,3
03/07/2022 14:55,5
03/07/2022 14:54,1
03/07/2022 14:53,5
03/07/2022 14:51,5
03/07/2022 14:50,5
03/07/2022 14:39,5
03/07/2022 14:38,1
03/07/2022 14:33,4
03/07/2022 14:28,5
03/07/2022 14:25,5
03/07/2022 14:25,4
03/07/2022 14:24,1
03/07/2022 14:23,1
03/07/2022 14:22,2
03/07/2022 14:15,2
03/07/2022 14:08,1
03/07/2022 14:00,5
03/07/2022 13:50,5
03/07/2022 13:48,5
03/07/2022 13:46,5
03/07/2022 13:44,5
03/07/2022 13:43,5
03/07/2022 13:41,5
03/07/2022 13:31,1
03/07/2022 13:30,5
03/07/2022 13:27,3
03/07/2022 13:20,1
03/07/2022 13:16,5
03/07/2022 13:13,4
03/07/2022 13:12,1
03/07/2022 13:08,5
03/07/2022 12:59,5
03/07/2022 12:59,1
03/07/2022 12:57,1
03/07/2022 12:51,1
03/07/2022 12:51,5
03/07/2022 12:50,1
03/07/2022 12:50,5
03/07/2022 12:49,1
03/07/2022 12:48,2
03/07/2022 12:44,1
03/07/2022 12:42,3
03/07/2022 12:40,5
03/07/2022 12:39,5
03/07/2022 12:39,5
03/07/2022 12:38,2
03/07/2022 12:33,5
03/07/2022 12:28,5
03/07/2022 12:28,3
03/07/2022 12:26,1
03/07/2022 12:24,2
03/07/2022 12:24,1
03/07/2022 12:19,4
03/07/2022 12:14,1
03/07/2022 12:07,5
03/07/2022 12:05,2
03/07/2022 12:02,5
03/07/2022 11:58,1
03/07/2022 11:52,2
03/07/2022 11:46,5
03/07/2022 11:44,5
03/07/2022 11:37,2
03/07/2022 11:35,5
03/07/2022 11:29,2
03/07/2022 11:26,4
03/07/2022 11:17,5
03/07/2022 11:15,1
03/07/2022 11:10,1
03/07/2022 11:06,2
03/07/2022 11:06,5
03/07/2022 11:04,5
03/07/2022 11:04,4
03/07/2022 11:04,3
03/07/2022 11:03,3
03/07/2022 11:00,3
03/07/2022 11:00,5
03/07/2022 10:55,4
03/07/2022 10:50,5
03/07/2022 10:47,5
03/07/2022 10:27,5
03/07/2022 10:21,5
03/07/2022 10:19,5
03/07/2022 10:17,5
03/07/2022 10:10,5
03/07/2022 10:09,5
03/07/2022 10:09,5
03/07/2022 10:06,5
03/07/2022 10:03,5
03/07/2022 10:01,4
03/07/2022 10:00,1
03/07/2022 10:00,4
03/07/2022 09:52,5
03/07/2022 09:49,5
03/07/2022 09:45,1
03/07/2022 09:45,5
03/07/2022 09:44,5
03/07/2022 09:42,1
03/07/2022 09:39,4
03/07/2022 09:39,5
03/07/2022 09:35,4
03/07/2022 09:34,5
03/07/2022 09:32,5
03/07/2022 09:32,5
03/07/2022 09:22,5
03/07/2022 09:21,1
03/07/2022 09:20,5
03/07/2022 09:17,5
03/07/2022 09:11,1
03/07/2022 09:06,1
03/07/2022 09:01,1
03/07/2022 08:59,5
03/07/2022 08:52,5
03/07/2022 08:52,1
03/07/2022 08:52,1
03/07/2022 08:51,5
03/07/2022 08:50,3
03/07/2022 08:50,1
03/07/2022 08:45,4
03/07/2022 08:44,5
03/07/2022 08:43,1
03/07/2022 08:36,4
03/07/2022 08:30,5
03/07/2022 08:30,5
03/07/2022 08:30,5
03/07/2022 08:26,1
03/07/2022 08:25,1
03/07/2022 08:22,4
03/07/2022 08:10,2
03/07/2022 08:04,4
03/07/2022 08:01,1
03/07/2022 08:01,4
03/07/2022 07:59,2
03/07/2022 07:57,5
03/07/2022 07:49,1
03/07/2022 07:30,2
03/07/2022 07:29,4
03/07/2022 07:24,5
03/07/2022 07:23,5
03/07/2022 07:23,1
03/07/2022 07:20,5
03/07/2022 07:20,1
03/07/2022 07:16,5
03/07/2022 07:13,1
03/07/2022 07:10,4
03/07/2022 07:08,4
03/07/2022 07:03,5
03/07/2022 07:02,3
03/07/2022 06:57,1
03/07/2022 06:57,5
03/07/2022 06:57,2
03/07/2022 06:56,5
03/07/2022 06:56,5
03/07/2022 06:46,2
03/07/2022 06:43,4
03/07/2022 06:34,5
03/07/2022 06:26,3
03/07/2022 06:22,4
03/07/2022 06:21,5
03/07/2022 06:20,4
03/07/2022 06:14,5
03/07/2022 06:13,4
03/07/2022 06:12,1
03/07/2022 06:12,3
03/07/2022 06:00,1
03/07/2022 05:57,5
03/07/2022 05:56,5
03/07/2022 05:54,3
03/07/2022 05:53,3
03/07/2022 05:51,1
03/07/2022 05:49,5
03/07/2022 05:47,2
03/07/2022 05:45,5
03/07/2022 05:42,5
03/07/2022 05:41,2
03/07/2022 05:41,2
03/07/2022 05:40,1
03/07/2022 05:37,1
03/07/2022 05:35,5
03/07/2022 05:30,5
03/07/2022 05:24,5
03/07/2022 05:23,1
03/07/2022 05:20,2
03/07/2022 05:13,2
03/07/2022 05:11,5
03/07/2022 05:10,4
03/07/2022 05:05,5
03/07/2022 05:02,1
03/07/2022 05:02,5
03/07/2022 05:01,5
03/07/2022 04:52,5
03/07/2022 04:50,5
03/07/2022 04:49,3
03/07/2022 04:42,1
03/07/2022 04:40,5
03/07/2022 04:31,2
03/07/2022 04:24,5
03/07/2022 04:24,5
03/07/2022 04:21,3
03/07/2022 04:21,2
03/07/2022 04:21,5
03/07/2022 04:20,3
03/07/2022 04:17,2
03/07/2022 04:15,5
03/07/2022 04:13,5
03/07/2022 04:07,3
03/07/2022 04:06,1
03/07/2022 04:02,3
03/07/2022 04:01,3
03/07/2022 04:01,1
03/07/2022 03:59,5
03/07/2022 03:58,2
03/07/2022 03:51,1
03/07/2022 03:50,1
03/07/2022 03:48,5
03/07/2022 03:44,4
03/07/2022 03:42,4
03/07/2022 03:42,3
03/07/2022 03:40,2
03/07/2022 03:34,5
03/07/2022 03:30,1
03/07/2022 03:28,4
03/07/2022 03:28,3
03/07/2022 03:15,5
03/07/2022 03:13,5
03/07/2022 03:08,3
03/07/2022 03:07,4
03/07/2022 03:05,4
03/07/2022 03:04,5
03/07/2022 03:03,5
03/07/2022 03:02,5
03/07/2022 02:59,2
03/07/2022 02:57,5
03/07/2022 02:49,2
03/07/2022 02:41,4
03/07/2022 02:40,1
03/07/2022 02:38,5
03/07/2022 02:36,4
03/07/2022 02:36,1
03/07/2022 02:36,5
03/07/2022 02:35,5
03/07/2022 02:32,5
03/07/2022 02:31,1
03/07/2022 02:26,5
03/07/2022 02:21,4
03/07/2022 02:12,2
03/07/2022 02:04,5
03/07/2022 01:52,5
03/07/2022 01:43,5
03/07/2022 01:41,5
03/07/2022 01:41,2
03/07/2022 01:35,5
03/07/2022 01:31,5
03/07/2022 01:27,2
03/07/2022 01:24,1
03/07/2022 01:23,5
03/07/2022 01:21,5
03/07/2022 01:21,1
03/07/2022 01:09,5
03/07/2022 01:09,1
03/07/2022 01:00,4
03/07/2022 00:57,4
03/07/2022 00:55,5
03/07/2022 00:51,5
03/07/2022 00:51,5
03/07/2022 00:36,2
03/07/2022 00:33,5
03/07/2022 00:32,1
03/07/2022 00:25,4
03/07/2022 00:22,5
03/07/2022 00:17,5
03/07/2022 00:17,5
03/07/2022 00:17,5
03/07/2022 00:12,1
03/07/2022 00:05,1
03/07/2022 00:02,5
02/07/2022 23:59,4
02/07/2022 23:50,5
02/07/2022 23:49,1
02/07/2022 23:48,5
02/07/2022 23:47,5
02/07/2022 23:46,1
02/07/2022 23:44,5
02/07/2022 23:39,2
02/07/2022 23:37,5
02/07/2022 23:36,1
02/07/2022 23:30,5
02/07/2022 23:24,5
02/07/2022 23:14,5
02/07/2022 23:12,5
02/07/2022 23:05,1
02/07/2022 22:59,1
02/07/2022 22:58,5
02/07/2022 22:56,1
02/07/2022 22:51,2
02/07/2022 22:49,1
02/07/2022 22:48,4
02/07/2022 22:48,5
02/07/2022 22:37,5
02/07/2022 22:27,1
02/07/2022 22:24,5
02/07/2022 22:23,5
02/07/2022 22:23,5
02/07/2022 22:17,5
02/07/2022 22:14,5
02/07/2022 22:12,5
02/07/2022 22:10,5
02/07/2022 22:10,1
02/07/2022 22:09,5
02/07/2022 22:08,3
02/07/2022 21:53,5
02/07/2022 21:35,1
02/07/2022 21:32,3
02/07/2022 21:32,2
02/07/2022 21:30,1
02/07/2022 21:27,2
02/07/2022 21:25,1
02/07/2022 21:20,5
02/07/2022 21:16,4
02/07/2022 21:06,5
02/07/2022 21:05,2
02/07/2022 21:05,3
02/07/2022 21:04,5
02/07/2022 21:02,4
02/07/2022 21:02,1
02/07/2022 20:56,5
02/07/2022 20:54,1
02/07/2022 20:52,1
02/07/2022 20:51,5
02/07/2022 20:49,3
02/07/2022 20:47,5
02/07/2022 20:45,5
02/07/2022 20:42,5
02/07/2022 20:41,3
02/07/2022 20:40,5
02/07/2022 20:40,1
02/07/2022 20:35,3
02/07/2022 20:35,3
02/07/2022 20:35,5
02/07/2022 20:29,4
02/07/2022 20:28,1
02/07/2022 20:20,5
02/07/2022 20:19,5
02/07/2022 20:18,1
02/07/2022 20:12,5
02/07/2022 20:04,4
02/07/2022 20:01,5
02/07/2022 20:01,5
02/07/2022 19:56,5
02/07/2022 19:54,3
02/07/2022 19:54,5
02/07/2022 19:53,1
02/07/2022 19:39,3
02/07/2022 19:36,3
02/07/2022 19:33,4
02/07/2022 19:32,1
02/07/2022 19:32,2
02/07/2022 19:30,4
02/07/2022 19:25,5
02/07/2022 19:21,5
02/07/2022 19:19,5
02/07/2022 19:17,3
02/07/2022 19:16,5
02/07/2022 19:11,1
02/07/2022 19:09,5
02/07/2022 19:05,5
02/07/2022 18:57,5
02/07/2022 18:56,3
02/07/2022 18:46,5
02/07/2022 18:45,5
02/07/2022 18:43,5
02/07/2022 18:43,3
02/07/2022 18:43,2
02/07/2022 18:40,1
02/07/2022 18:35,5
02/07/2022 18:32,5
02/07/2022 18:27,1
02/07/2022 18:21,5
02/07/2022 18:19,1
02/07/2022 18:19,1
02/07/2022 18:18,5
02/07/2022 18:03,1
02/07/2022 18:00,4
02/07/2022 17:59,1
02/07/2022 17:54,5
02/07/2022 17:51,1
02/07/2022 17:47,5
02/07/2022 17:44,5
02/07/2022 17:39,1
02/07/2022 17:38,3
02/07/2022 17:25,5
02/07/2022 17:20,5
02/07/2022 17:19,5
02/07/2022 17:16,5
02/07/2022 17:14,2
02/07/2022 17:08,3
02/07/2022 17:08,5
02/07/2022 17:08,5
02/07/2022 17:05,3
02/07/2022 17:04,5
02/07/2022 17:03,5
02/07/2022 16:58,5
02/07/2022 16:56,5
02/07/2022 16:54,1
02/07/2022 16:49,1
02/07/2022 16:45,4
02/07/2022 16:40,1
02/07/2022 16:40,5
02/07/2022 16:38,5
02/07/2022 16:34,1
02/07/2022 16:30,5
02/07/2022 16:29,4
02/07/2022 16:29,1
02/07/2022 16:26,5
02/07/2022 16:24,5
02/07/2022 16:23,5
02/07/2022 16:23,5
02/07/2022 16:23,2
02/07/2022 16:22,1
02/07/2022 16:19,5
02/07/2022 16:17,1
02/07/2022 16:14,1
02/07/2022 16:11,2
02/07/2022 16:10,4
02/07/2022 16:10,5
02/07/2022 16:10,1
02/07/2022 16:06,5
02/07/2022 16:06,4
02/07/2022 16:05,2
02/07/2022 16:05,4
02/07/2022 16:04,5
02/07/2022 16:01,2
02/07/2022 15:59,3
02/07/2022 15:56,5
02/07/2022 15:56,5
02/07/2022 15:56,4
02/07/2022 15:49,5
02/07/2022 15:47,5
02/07/2022 15:43,5
02/07/2022 15:42,1
02/07/2022 15:37,5
02/07/2022 15:36,1
02/07/2022 15:33,1
02/07/2022 15:30,5
02/07/2022 15:29,1
02/07/2022 15:28,1
02/07/2022 15:27,2
02/07/2022 15:26,1
02/07/2022 15:26,1
02/07/2022 15:25,5
02/07/2022 15:24,5
02/07/2022 15:16,5
02/07/2022 15:12,5
02/07/2022 15:11,1
02/07/2022 15:09,5
02/07/2022 15:02,5
02/07/2022 15:01,1
02/07/2022 14:59,2
02/07/2022 14:57,5
02/07/2022 14:56,5
02/07/2022 14:54,1
02/07/2022 14:53,3
02/07/2022 14:52,2
02/07/2022 14:51,4
02/07/2022 14:50,5
02/07/2022 14:49,5
02/07/2022 14:47,3
02/07/2022 14:43,3
02/07/2022 14:42,1
02/07/2022 14:40,5
02/07/2022 14:38,1
02/07/2022 14:36,1
02/07/2022 14:35,1
02/07/2022 14:33,1
02/07/2022 14:32,5
02/07/2022 14:32,5
02/07/2022 14:32,5
02/07/2022 14:31,5
02/07/2022 14:30,1
02/07/2022 14:29,5
02/07/2022 14:29,3
02/07/2022 14:27,5
02/07/2022 14:27,5
02/07/2022 14:26,4
02/07/2022 14:25,5
02/07/2022 14:22,4
02/07/2022 14:18,4
02/07/2022 14:16,4
02/07/2022 14:15,5
02/07/2022 14:13,5
02/07/2022 14:11,5
02/07/2022 14:10,1
02/07/2022 14:09,2
02/07/2022 14:08,1
02/07/2022 14:07,5
02/07/2022 14:05,1
02/07/2022 14:04,4
02/07/2022 13:53,5
02/07/2022 13:45,4
02/07/2022 13:36,5
02/07/2022 13:32,5
02/07/2022 13:30,5
02/07/2022 13:28,1
02/07/2022 13:21,4
02/07/2022 13:21,5
02/07/2022 13:20,1
02/07/2022 13:19,3
02/07/2022 13:16,1
02/07/2022 13:15,5
02/07/2022 13:11,2
02/07/2022 13:11,5
02/07/2022 13:08,1
02/07/2022 13:04,1
02/07/2022 13:03,4
02/07/2022 13:03,1
02/07/2022 13:02,5
02/07/2022 12:59,5
02/07/2022 12:58,1
02/07/2022 12:57,1
02/07/2022 12:56,3
02/07/2022 12:49,5
02/07/2022 12:48,1
02/07/2022 12:43,4
02/07/2022 12:42,1
02/07/2022 12:35,2
02/07/2022 12:31,1
02/07/2022 12:28,5
02/07/2022 12:27,5
02/07/2022 12:26,5
02/07/2022 12:26,5
02/07/2022 12:19,1
02/07/2022 12:13,5
02/07/2022 12:02,5
02/07/2022 11:55,3
02/07/2022 11:51,1
02/07/2022 11:51,5
02/07/2022 11:45,4
02/07/2022 11:44,4
02/07/2022 11:39,5
02/07/2022 11:38,1
02/07/2022 11:37,2
02/07/2022 11:36,5
02/07/2022 11:36,4
02/07/2022 11:35,4
02/07/2022 11:34,4
02/07/2022 11:29,5
02/07/2022 11:27,5
02/07/2022 11:21,4
02/07/2022 11:18,5
02/07/2022 10:50,2
02/07/2022 10:48,2
02/07/2022 10:47,3
02/07/2022 10:39,5
02/07/2022 10:31,3
02/07/2022 10:30,5
02/07/2022 10:30,1
02/07/2022 10:28,1
02/07/2022 10:25,1
02/07/2022 10:23,5
02/07/2022 10:08,5
02/07/2022 10:08,3
02/07/2022 10:08,1
02/07/2022 10:03,1
02/07/2022 09:57,5
02/07/2022 09:55,5
02/07/2022 09:49,3
02/07/2022 09:46,5
02/07/2022 09:37,1
02/07/2022 09:36,5
02/07/2022 09:35,4
02/07/2022 09:32,5
02/07/2022 09:16,3
02/07/2022 09:16,1
02/07/2022 09:12,2
02/07/2022 09:11,5
02/07/2022 09:10,5
02/07/2022 09:07,5
02/07/2022 09:03,2
02/07/2022 08:57,5
02/07/2022 08:53,1
02/07/2022 08:50,5
02/07/2022 08:47,4
02/07/2022 08:37,5
02/07/2022 08:31,1
02/07/2022 08:30,1
02/07/2022 08:29,5
02/07/2022 08:27,1
02/07/2022 08:16,5
02/07/2022 08:10,5
02/07/2022 08:01,3
02/07/2022 07:59,4
02/07/2022 07:47,5
02/07/2022 07:40,5
02/07/2022 07:38,5
02/07/2022 07:33,5
02/07/2022 07:31,5
02/07/2022 07:29,5
02/07/2022 07:23,1
02/07/2022 07:23,4
02/07/2022 07:20,1
02/07/2022 07:18,4
02/07/2022 07:17,3
02/07/2022 07:13,2
02/07/2022 07:11,5
02/07/2022 07:10,3
02/07/2022 07:06,5
02/07/2022 07:04,3
02/07/2022 06:59,4
02/07/2022 06:55,5
02/07/2022 06:51,2
02/07/2022 06:50,2
02/07/2022 06:39,1
02/07/2022 06:31,3
02/07/2022 06:29,5
02/07/2022 06:28,1
02/07/2022 06:20,1
02/07/2022 06:08,1
02/07/2022 06:06,1
02/07/2022 05:49,2
02/07/2022 05:45,5
02/07/2022 05:41,1
02/07/2022 05:37,1
02/07/2022 05:37,5
02/07/2022 05:35,1
02/07/2022 05:32,5
02/07/2022 05:26,1
02/07/2022 05:22,4
02/07/2022 05:19,5
02/07/2022 05:17,4
02/07/2022 05:17,5
02/07/2022 05:11,3
02/07/2022 04:59,3
02/07/2022 04:44,4
02/07/2022 04:39,3
02/07/2022 04:37,5
02/07/2022 04:36,1
02/07/2022 04:35,5
02/07/2022 04:14,1
02/07/2022 04:11,5
02/07/2022 04:10,4
02/07/2022 04:10,1
02/07/2022 04:08,1
02/07/2022 04:06,4
02/07/2022 04:02,1
02/07/2022 04:00,5
02/07/2022 03:59,4
02/07/2022 03:58,1
02/07/2022 03:56,5
02/07/2022 03:56,5
02/07/2022 03:50,4
02/07/2022 03:48,5
02/07/2022 03:41,5
02/07/2022 03:39,5
02/07/2022 03:37,1
02/07/2022 03:28,5
02/07/2022 03:20,4
02/07/2022 03:16,4
02/07/2022 03:13,2
02/07/2022 03:09,2
02/07/2022 03:05,5
02/07/2022 03:04,1
02/07/2022 03:02,5
02/07/2022 02:59,5
02/07/2022 02:57,5
02/07/2022 02:55,5
02/07/2022 02:46,3
02/07/2022 02:41,5
02/07/2022 02:34,1
02/07/2022 02:34,4
02/07/2022 02:31,4
02/07/2022 02:31,5
02/07/2022 02:29,5
02/07/2022 02:26,5
02/07/2022 02:25,4
02/07/2022 02:21,5
02/07/2022 02:19,5
02/07/2022 02:12,5
02/07/2022 02:08,1
02/07/2022 02:04,5
02/07/2022 01:59,5
02/07/2022 01:58,2
02/07/2022 01:56,5
02/07/2022 01:55,5
02/07/2022 01:54,5
02/07/2022 01:53,5
02/07/2022 01:53,5
02/07/2022 01:53,4
02/07/2022 01:50,3
02/07/2022 01:47,5
02/07/2022 01:44,1
02/07/2022 01:41,5
02/07/2022 01:37,4
02/07/2022 01:32,5
02/07/2022 01:19,1
02/07/2022 00:56,5
02/07/2022 00:54,4
02/07/2022 00:51,1
02/07/2022 00:45,4
02/07/2022 00:44,5
02/07/2022 00:43,1
02/07/2022 00:42,4
02/07/2022 00:39,4
02/07/2022 00:34,2
02/07/2022 00:32,1
02/07/2022 00:28,5
02/07/2022 00:21,5
02/07/2022 00:17,4
02/07/2022 00:12,3
02/07/2022 00:11,5
02/07/2022 00:10,5
02/07/2022 00:04,5
02/07/2022 00:00,5
02/07/2022 00:00,4
01/07/2022 23:55,5
01/07/2022 23:55,4
01/07/2022 23:52,4
01/07/2022 23:48,5
01/07/2022 23:47,5
01/07/2022 23:47,5
01/07/2022 23:39,5
01/07/2022 23:19,5
01/07/2022 23:06,1
01/07/2022 23:05,1
01/07/2022 22:43,1
01/07/2022 22:41,1
01/07/2022 22:37,1
01/07/2022 22:28,2
01/07/2022 22:22,2
01/07/2022 22:14,3
01/07/2022 22:12,5
01/07/2022 22:12,5
01/07/2022 22:06,5
01/07/2022 22:00,4
01/07/2022 21:53,3
01/07/2022 21:52,1
01/07/2022 21:43,1
01/07/2022 21:38,5
01/07/2022 21:32,1
01/07/2022 21:27,5
01/07/2022 21:23,5
01/07/2022 21:22,5
01/07/2022 21:20,3
01/07/2022 21:16,5
01/07/2022 21:16,1
01/07/2022 21:15,4
01/07/2022 21:13,4
01/07/2022 21:07,5
01/07/2022 21:07,5
01/07/2022 20:59,1
01/07/2022 20:51,4
01/07/2022 20:51,2
01/07/2022 20:49,1
01/07/2022 20:45,5
01/07/2022 20:41,5
01/07/2022 20:41,1
01/07/2022 20:36,5
01/07/2022 20:35,5
01/07/2022 20:33,4
01/07/2022 20:25,4
01/07/2022 20:25,2
01/07/2022 20:24,5
01/07/2022 20:19,1
01/07/2022 20:16,4
01/07/2022 20:13,5
01/07/2022 20:11,5
01/07/2022 20:10,1
01/07/2022 20:10,3
01/07/2022 20:09,1
01/07/2022 19:59,1
01/07/2022 19:52,5
01/07/2022 19:49,5
01/07/2022 19:48,1
01/07/2022 19:47,1
01/07/2022 19:45,5
01/07/2022 19:38,2
01/07/2022 19:33,2
01/07/2022 19:27,2
01/07/2022 19:27,2
01/07/2022 19:25,5
01/07/2022 19:24,1
01/07/2022 19:22,1
01/07/2022 19:21,5
01/07/2022 19:19,2
01/07/2022 19:14,4
01/07/2022 19:12,1
01/07/2022 19:09,4
01/07/2022 19:09,2
01/07/2022 19:09,4
01/07/2022 19:08,4
01/07/2022 19:06,2
01/07/2022 19:05,1
01/07/2022 19:05,5
01/07/2022 19:04,5
01/07/2022 18:54,3
01/07/2022 18:48,1
01/07/2022 18:46,5
01/07/2022 18:44,5
01/07/2022 18:44,5
01/07/2022 18:43,1
01/07/2022 18:42,2
01/07/2022 18:40,5
01/07/2022 18:35,4
01/07/2022 18:32,5
01/07/2022 18:31,5
01/07/2022 18:28,1
01/07/2022 18:26,1
01/07/2022 18:25,5
01/07/2022 18:07,3
01/07/2022 18:04,1
01/07/2022 18:03,4
01/07/2022 17:58,1
01/07/2022 17:52,3
01/07/2022 17:50,5
01/07/2022 17:50,4
01/07/2022 17:44,3
01/07/2022 17:41,5
01/07/2022 17:41,1
01/07/2022 17:40,3
01/07/2022 17:36,5
01/07/2022 17:34,1
01/07/2022 17:28,5
01/07/2022 17:25,5
01/07/2022 17:19,4
01/07/2022 17:16,5
01/07/2022 17:16,5
01/07/2022 17:13,1
01/07/2022 17:02,1
01/07/2022 16:59,5
01/07/2022 16:57,2
01/07/2022 16:54,5
01/07/2022 16:53,4
01/07/2022 16:53,5
01/07/2022 16:51,5
01/07/2022 16:49,4
01/07/2022 16:48,1
01/07/2022 16:45,5
01/07/2022 16:42,3
01/07/2022 16:38,2
01/07/2022 16:36,1
01/07/2022 16:35,1
01/07/2022 16:34,4
01/07/2022 16:30,1
01/07/2022 16:29,2
01/07/2022 16:29,5
01/07/2022 16:25,5
01/07/2022 16:25,3
01/07/2022 16:24,5
01/07/2022 16:21,1
01/07/2022 16:21,5
01/07/2022 16:17,5
01/07/2022 16:15,1
01/07/2022 16:11,3
01/07/2022 16:05,5
01/07/2022 15:58,5
01/07/2022 15:56,5
01/07/2022 15:50,5
01/07/2022 15:50,1
01/07/2022 15:50,3
01/07/2022 15:48,5
01/07/2022 15:47,2
01/07/2022 15:47,1
01/07/2022 15:43,1
01/07/2022 15:40,4
01/07/2022 15:39,1
01/07/2022 15:39,5
01/07/2022 15:37,4
01/07/2022 15:32,3
01/07/2022 15:29,5
01/07/2022 15:27,5
01/07/2022 15:27,4
01/07/2022 15:24,5
01/07/2022 15:18,5
01/07/2022 15:18,5
01/07/2022 15:18,5
01/07/2022 15:16,4
01/07/2022 15:12,1
01/07/2022 15:10,5
01/07/2022 15:08,3
01/07/2022 15:06,5
01/07/2022 15:02,1
01/07/2022 15:02,5
01/07/2022 15:02,4
01/07/2022 14:58,2
01/07/2022 14:57,5
01/07/2022 14:56,4
01/07/2022 14:56,5
01/07/2022 14:54,5
01/07/2022 14:51,5
01/07/2022 14:49,1
01/07/2022 14:47,2
01/07/2022 14:46,5
01/07/2022 14:45,1
01/07/2022 14:45,5
01/07/2022 14:41,5
01/07/2022 14:38,5
01/07/2022 14:34,5
01/07/2022 14:30,2
01/07/2022 14:30,1
01/07/2022 14:29,1
01/07/2022 14:20,1
01/07/2022 14:18,4
01/07/2022 14:15,5
01/07/2022 14:13,2
01/07/2022 14:12,1
01/07/2022 14:11,5
01/07/2022 14:11,1
01/07/2022 14:08,3
01/07/2022 14:06,5
01/07/2022 14:05,1
01/07/2022 14:01,3
01/07/2022 14:00,4
01/07/2022 14:00,1
01/07/2022 14:00,1
01/07/2022 13:58,5
01/07/2022 13:56,1
01/07/2022 13:53,5
01/07/2022 13:43,5
01/07/2022 13:27,4
01/07/2022 13:25,2
01/07/2022 13:25,5
01/07/2022 13:22,5
01/07/2022 13:21,5
01/07/2022 13:21,5
01/07/2022 13:16,1
01/07/2022 13:13,5
01/07/2022 13:11,1
01/07/2022 13:08,1
01/07/2022 13:02,4
01/07/2022 12:52,2
01/07/2022 12:50,3
01/07/2022 12:40,5
01/07/2022 12:36,4
01/07/2022 12:33,3
01/07/2022 12:30,5
01/07/2022 12:29,5
01/07/2022 12:27,1
01/07/2022 12:21,1
01/07/2022 12:18,5
01/07/2022 12:18,1
01/07/2022 12:15,1
01/07/2022 12:05,5
01/07/2022 12:04,1
01/07/2022 12:03,3
01/07/2022 11:59,1
01/07/2022 11:58,5
01/07/2022 11:52,4
01/07/2022 11:49,5
01/07/2022 11:46,3
01/07/2022 11:45,2
01/07/2022 11:41,4
01/07/2022 11:39,3
01/07/2022 11:36,1
01/07/2022 11:34,3
01/07/2022 11:30,1
01/07/2022 11:28,5
01/07/2022 11:25,5
01/07/2022 11:22,1
01/07/2022 11:18,5
01/07/2022 11:11,5
01/07/2022 11:06,1
01/07/2022 11:03,5
01/07/2022 11:01,5
01/07/2022 10:59,5
01/07/2022 10:54,5
01/07/2022 10:53,3
01/07/2022 10:47,5
01/07/2022 10:41,2
01/07/2022 10:41,5
01/07/2022 10:41,5
01/07/2022 10:35,2
01/07/2022 10:34,3
01/07/2022 10:25,3
01/07/2022 10:19,5
01/07/2022 10:19,1
01/07/2022 10:14,3
01/07/2022 10:14,5
01/07/2022 10:13,2
01/07/2022 10:11,5
01/07/2022 10:09,5
01/07/2022 10:08,4
01/07/2022 10:08,3
01/07/2022 10:05,1
01/07/2022 10:05,5
01/07/2022 10:04,1
01/07/2022 10:02,2
01/07/2022 09:59,5
01/07/2022 09:57,4
01/07/2022 09:56,4
01/07/2022 09:53,5
01/07/2022 09:47,1
01/07/2022 09:44,5
01/07/2022 09:41,5
01/07/2022 09:34,4
01/07/2022 09:33,3
01/07/2022 09:32,5
01/07/2022 09:27,4
01/07/2022 09:24,5
01/07/2022 09:16,1
01/07/2022 09:09,1
01/07/2022 09:06,5
01/07/2022 09:04,5
01/07/2022 09:01,5
01/07/2022 09:01,1
01/07/2022 08:59,4
01/07/2022 08:51,5
01/07/2022 08:50,3
01/07/2022 08:50,4
01/07/2022 08:49,3
01/07/2022 08:47,1
01/07/2022 08:38,1
01/07/2022 08:37,4
01/07/2022 08:36,5
01/07/2022 08:32,3
01/07/2022 08:30,4
01/07/2022 08:23,1
01/07/2022 08:22,4
01/07/2022 08:19,1
01/07/2022 08:14,1
01/07/2022 08:14,2
01/07/2022 08:10,1
01/07/2022 08:06,5
01/07/2022 08:06,5
01/07/2022 07:58,5
01/07/2022 07:57,5
01/07/2022 07:56,5
01/07/2022 07:56,4
01/07/2022 07:52,5
01/07/2022 07:50,1
01/07/2022 07:49,5
01/07/2022 07:48,1
01/07/2022 07:45,3
01/07/2022 07:38,1
01/07/2022 07:33,4
01/07/2022 07:30,4
01/07/2022 07:28,5
01/07/2022 07:25,1
01/07/2022 07:21,4
01/07/2022 07:17,5
01/07/2022 06:54,4
01/07/2022 06:48,1
01/07/2022 06:45,5
01/07/2022 06:45,4
01/07/2022 06:44,5
01/07/2022 06:44,5
01/07/2022 06:40,1
01/07/2022 06:38,3
01/07/2022 06:36,5
01/07/2022 06:28,1
01/07/2022 06:21,5
01/07/2022 06:19,3
01/07/2022 06:19,5
01/07/2022 06:17,4
01/07/2022 06:11,4
01/07/2022 06:10,1
01/07/2022 06:10,5
01/07/2022 06:10,4
01/07/2022 06:07,1
01/07/2022 06:05,1
01/07/2022 06:05,2
01/07/2022 06:03,5
01/07/2022 05:59,4
01/07/2022 05:45,4
01/07/2022 05:42,1
01/07/2022 05:41,1
01/07/2022 05:41,4
01/07/2022 05:39,5
01/07/2022 05:33,1
01/07/2022 05:28,3
01/07/2022 05:23,4
01/07/2022 05:18,5
01/07/2022 05:15,1
01/07/2022 05:15,1
01/07/2022 05:15,1
01/07/2022 05:10,3
01/07/2022 05:10,1
01/07/2022 05:08,5
01/07/2022 05:08,5
01/07/2022 05:05,5
01/07/2022 04:57,1
01/07/2022 04:56,4
01/07/2022 04:56,5
01/07/2022 04:49,1
01/07/2022 04:46,3
01/07/2022 04:43,4
01/07/2022 04:41,5
01/07/2022 04:40,5
01/07/2022 04:39,4
01/07/2022 04:38,5
01/07/2022 04:37,5
01/07/2022 04:36,5
01/07/2022 04:22,2
01/07/2022 04:20,4
01/07/2022 04:20,3
01/07/2022 04:06,5
01/07/2022 03:47,4
01/07/2022 03:46,1
01/07/2022 03:43,5
01/07/2022 03:42,5
01/07/2022 03:37,4
01/07/2022 03:30,5
01/07/2022 03:30,3
01/07/2022 03:29,5
01/07/2022 03:24,5
01/07/2022 03:24,3
01/07/2022 03:21,3
01/07/2022 03:18,5
01/07/2022 03:14,5
01/07/2022 03:10,5
01/07/2022 03:08,2
01/07/2022 03:02,5
01/07/2022 03:01,5
01/07/2022 02:57,1
01/07/2022 02:54,1
01/07/2022 02:49,1
01/07/2022 02:46,2
01/07/2022 02:33,5
01/07/2022 02:29,5
01/07/2022 02:28,3
01/07/2022 02:16,5
01/07/2022 02:13,2
01/07/2022 02:10,5
01/07/2022 02:10,5
01/07/2022 02:04,5
01/07/2022 02:04,5
01/07/2022 02:03,3
01/07/2022 02:03,1
01/07/2022 02:02,2
01/07/2022 01:52,4
01/07/2022 01:51,5
01/07/2022 01:50,5
01/07/2022 01:49,5
01/07/2022 01:44,4
01/07/2022 01:40,5
01/07/2022 01:35,5
01/07/2022 01:26,1
01/07/2022 01:19,1
01/07/2022 01:18,5
01/07/2022 01:17,5
01/07/2022 01:15,1
01/07/2022 01:14,4
01/07/2022 01:13,5
01/07/2022 01:07,5
01/07/2022 01:01,5
01/07/2022 00:58,1
01/07/2022 00:56,5
01/07/2022 00:50,5
01/07/2022 00:48,1
01/07/2022 00:41,1
01/07/2022 00:26,5
01/07/2022 00:25,5
01/07/2022 00:23,5
01/07/2022 00:21,5
01/07/2022 00:20,5
01/07/2022 00:16,5
01/07/2022 00:14,5
01/07/2022 00:11,5
01/07/2022 00:07,5
01/07/2022 00:04,5
01/07/2022 00:03,4
30/06/2022 23:57,1
30/06/2022 23:53,4
30/06/2022 23:53,5
30/06/2022 23:44,5
30/06/2022 23:43,4
30/06/2022 23:42,1
30/06/2022 23:28,3
30/06/2022 23:26,5
30/06/2022 23:26,1
30/06/2022 23:25,5
30/06/2022 23:23,1
30/06/2022 23:22,5
30/06/2022 23:21,5
30/06/2022 23:19,1
30/06/2022 23:17,2
30/06/2022 23:17,1
30/06/2022 23:15,2
30/06/2022 23:10,5
30/06/2022 23:08,5
30/06/2022 23:01,5
30/06/2022 22:44,5
30/06/2022 22:37,4
30/06/2022 22:33,5
30/06/2022 22:33,5
30/06/2022 22:30,4
30/06/2022 22:25,1
30/06/2022 22:24,3
30/06/2022 22:18,2
30/06/2022 22:13,4
30/06/2022 22:13,1
30/06/2022 22:03,5
30/06/2022 22:00,3
30/06/2022 21:59,5
30/06/2022 21:56,3
30/06/2022 21:56,5
30/06/2022 21:48,1
30/06/2022 21:48,3
30/06/2022 21:42,5
30/06/2022 21:40,4
30/06/2022 21:29,5
30/06/2022 21:24,3
30/06/2022 21:24,1
30/06/2022 21:17,1
30/06/2022 21:16,5
30/06/2022 21:16,5
30/06/2022 21:13,5
30/06/2022 21:12,1
30/06/2022 21:07,2
30/06/2022 21:03,4
30/06/2022 21:00,5
30/06/2022 21:00,1
30/06/2022 20:59,1
30/06/2022 20:56,1
30/06/2022 20:55,2
30/06/2022 20:55,2
30/06/2022 20:52,4
30/06/2022 20:44,5
30/06/2022 20:43,1
30/06/2022 20:41,4
30/06/2022 20:38,1
30/06/2022 20:38,3
30/06/2022 20:38,5
30/06/2022 20:30,5
30/06/2022 20:28,1
30/06/2022 20:27,1
30/06/2022 20:26,5
30/06/2022 20:21,5
30/06/2022 20:20,5
30/06/2022 20:14,5
30/06/2022 20:13,5
30/06/2022 20:13,5
30/06/2022 20:12,1
30/06/2022 20:10,5
30/06/2022 20:07,1
30/06/2022 19:57,1
30/06/2022 19:55,5
30/06/2022 19:51,5
30/06/2022 19:50,4
30/06/2022 19:49,5
30/06/2022 19:45,3
30/06/2022 19:40,5
30/06/2022 19:36,5
30/06/2022 19:34,3
30/06/2022 19:33,1
30/06/2022 19:31,3
30/06/2022 19:29,5
30/06/2022 19:27,5
30/06/2022 19:24,4
30/06/2022 19:23,1
30/06/2022 19:22,1
30/06/2022 19:21,5
30/06/2022 19:21,1
30/06/2022 19:19,4
30/06/2022 19:13,5
30/06/2022 19:12,5
30/06/2022 19:11,3
30/06/2022 19:07,4
30/06/2022 19:05,5
30/06/2022 19:03,1
30/06/2022 19:02,5
30/06/2022 19:01,4
30/06/2022 18:56,5
30/06/2022 18:56,2
30/06/2022 18:47,5
30/06/2022 18:43,1
30/06/2022 18:38,4
30/06/2022 18:38,5
30/06/2022 18:31,5
30/06/2022 18:30,5
30/06/2022 18:30,1
30/06/2022 18:27,4
30/06/2022 18:23,5
30/06/2022 18:16,5
30/06/2022 18:11,5
30/06/2022 18:11,4
30/06/2022 18:07,5
30/06/2022 18:03,1
30/06/2022 17:59,5
30/06/2022 17:53,5
30/06/2022 17:42,5
30/06/2022 17:40,1
30/06/2022 17:38,2
30/06/2022 17:36,5
30/06/2022 17:34,4
30/06/2022 17:31,1
30/06/2022 17:30,5
30/06/2022 17:30,1
30/06/2022 17:25,5
30/06/2022 17:17,5
30/06/2022 17:15,4
30/06/2022 17:14,5
30/06/2022 17:13,5
30/06/2022 17:09,3
30/06/2022 17:05,4
30/06/2022 17:04,1
30/06/2022 17:02,2
30/06/2022 16:59,5
30/06/2022 16:56,5
30/06/2022 16:53,3
30/06/2022 16:46,5
30/06/2022 16:45,5
30/06/2022 16:43,5
30/06/2022 16:40,2
30/06/2022 16:38,3
30/06/2022 16:33,5
30/06/2022 16:29,5
30/06/2022 16:26,4
30/06/2022 16:24,1
30/06/2022 16:24,5
30/06/2022 16:23,1
30/06/2022 16:14,1
30/06/2022 16:13,1
30/06/2022 16:13,2
30/06/2022 16:08,2
30/06/2022 16:03,3
30/06/2022 16:03,4
30/06/2022 15:59,4
30/06/2022 15:57,4
30/06/2022 15:56,1
30/06/2022 15:50,5
30/06/2022 15:47,3
30/06/2022 15:45,5
30/06/2022 15:45,4
30/06/2022 15:40,5
30/06/2022 15:37,1
30/06/2022 15:37,3
30/06/2022 15:37,3
30/06/2022 15:35,5
30/06/2022 15:35,5
30/06/2022 15:32,3
30/06/2022 15:29,5
30/06/2022 15:28,3
30/06/2022 15:24,1
30/06/2022 15:24,5
30/06/2022 15:24,5
30/06/2022 15:24,1
30/06/2022 15:23,5
30/06/2022 15:18,4
30/06/2022 15:18,5
30/06/2022 15:16,4
30/06/2022 15:14,4
30/06/2022 15:13,5
30/06/2022 15:10,2
30/06/2022 15:10,2
30/06/2022 15:09,5
30/06/2022 15:08,5
30/06/2022 15:08,4
30/06/2022 15:05,1
30/06/2022 15:03,4
30/06/2022 15:03,1
30/06/2022 14:57,3
30/06/2022 14:54,1
30/06/2022 14:54,2
30/06/2022 14:53,5
30/06/2022 14:53,5
30/06/2022 14:52,1
30/06/2022 14:52,5
30/06/2022 14:48,5
30/06/2022 14:48,1
30/06/2022 14:48,2
30/06/2022 14:43,5
30/06/2022 14:41,5
30/06/2022 14:37,1
30/06/2022 14:35,5
30/06/2022 14:32,4
30/06/2022 14:32,1
30/06/2022 14:31,5
30/06/2022 14:29,4
30/06/2022 14:28,4
30/06/2022 14:25,5
30/06/2022 14:24,1
30/06/2022 14:23,5
30/06/2022 14:21,5
30/06/2022 14:20,5
30/06/2022 14:19,5
30/06/2022 14:12,1
30/06/2022 14:10,5
30/06/2022 14:10,1
30/06/2022 14:06,5
30/06/2022 13:59,1
30/06/2022 13:55,5
30/06/2022 13:52,5
30/06/2022 13:50,1
30/06/2022 13:50,3
30/06/2022 13:49,3
30/06/2022 13:45,3
30/06/2022 13:43,5
30/06/2022 13:40,1
30/06/2022 13:38,5
30/06/2022 13:31,1
30/06/2022 13:29,1
30/06/2022 13:29,5
30/06/2022 13:26,5
30/06/2022 13:23,4
30/06/2022 13:21,5
30/06/2022 13:16,5
30/06/2022 13:14,4
30/06/2022 13:13,4
30/06/2022 13:09,5
30/06/2022 13:06,5
30/06/2022 13:03,2
30/06/2022 12:58,4
30/06/2022 12:56,5
30/06/2022 12:54,1
30/06/2022 12:50,4
30/06/2022 12:46,4
30/06/2022 12:44,5
30/06/2022 12:44,4
30/06/2022 12:44,5
30/06/2022 12:39,5
30/06/2022 12:39,5
30/06/2022 12:36,5
30/06/2022 12:33,1
30/06/2022 12:31,5
30/06/2022 12:31,4
30/06/2022 12:29,1
30/06/2022 12:29,5
30/06/2022 12:23,4
30/06/2022 12:20,1
30/06/2022 12:18,2
30/06/2022 12:15,5
30/06/2022 12:14,5
30/06/2022 12:13,3
30/06/2022 12:10,5
30/06/2022 12:06,5
30/06/2022 11:57,2
30/06/2022 11:48,5
30/06/2022 11:42,5
30/06/2022 11:42,5
30/06/2022 11:40,1
30/06/2022 11:35,3
30/06/2022 11:33,1
30/06/2022 11:25,3
30/06/2022 11:24,5
30/06/2022 11:22,1
30/06/2022 11:22,2
30/06/2022 11:19,5
30/06/2022 11:18,4
30/06/2022 11:14,5
30/06/2022 11:11,3
30/06/2022 11:04,1
30/06/2022 11:00,4
30/06/2022 10:56,1
30/06/2022 10:51,5
30/06/2022 10:51,5
30/06/2022 10:49,5
30/06/2022 10:49,5
30/06/2022 10:49,2
30/06/2022 10:44,5
30/06/2022 10:41,2
30/06/2022 10:35,1
30/06/2022 10:30,1
30/06/2022 10:29,1
30/06/2022 10:26,5
30/06/2022 10:25,2
30/06/2022 10:24,5
30/06/2022 10:17,3
30/06/2022 10:17,5
30/06/2022 10:02,1
30/06/2022 10:01,2
30/06/2022 09:48,4
30/06/2022 09:47,5
30/06/2022 09:41,3
30/06/2022 09:38,2
30/06/2022 09:36,5
30/06/2022 09:32,4
30/06/2022 09:30,5
30/06/2022 09:29,2
30/06/2022 09:28,5
30/06/2022 09:27,3
30/06/2022 09:25,4
30/06/2022 09:19,4
30/06/2022 09:19,5
30/06/2022 09:18,5
30/06/2022 09:17,5
30/06/2022 09:13,5
30/06/2022 09:08,5
30/06/2022 09:04,5
30/06/2022 09:04,2
30/06/2022 09:01,5
30/06/2022 08:55,1
30/06/2022 08:43,5
30/06/2022 08:42,5
30/06/2022 08:41,4
30/06/2022 08:30,4
30/06/2022 08:21,5
30/06/2022 08:18,4
30/06/2022 08:17,5
30/06/2022 08:04,1
30/06/2022 08:03,1
30/06/2022 07:34,2
30/06/2022 07:32,3
30/06/2022 07:32,4
30/06/2022 07:25,1
30/06/2022 07:17,2
30/06/2022 07:17,4
30/06/2022 07:06,4
30/06/2022 07:03,1
30/06/2022 06:58,3
30/06/2022 06:58,5
30/06/2022 06:50,2
30/06/2022 06:44,1
30/06/2022 06:43,5
30/06/2022 06:36,1
30/06/2022 06:36,4
30/06/2022 06:33,3
30/06/2022 06:32,4
30/06/2022 06:30,1
30/06/2022 06:27,5
30/06/2022 06:24,2
30/06/2022 06:24,1
30/06/2022 06:22,2
30/06/2022 06:18,5
30/06/2022 06:17,2
30/06/2022 06:15,4
30/06/2022 06:14,4
30/06/2022 05:58,5
30/06/2022 05:58,5
30/06/2022 05:50,5
30/06/2022 05:48,5
30/06/2022 05:47,1
30/06/2022 05:43,5
30/06/2022 05:42,1
30/06/2022 05:39,5
30/06/2022 05:36,3
30/06/2022 05:35,1
30/06/2022 05:28,5
30/06/2022 05:25,3
30/06/2022 05:24,5
30/06/2022 05:19,4
30/06/2022 05:18,3
30/06/2022 05:17,4
30/06/2022 05:16,1
30/06/2022 05:11,5
30/06/2022 05:07,5
30/06/2022 05:05,5
30/06/2022 05:04,1
30/06/2022 05:03,5
30/06/2022 04:59,5
30/06/2022 04:43,4
30/06/2022 04:41,1
30/06/2022 04:37,5
30/06/2022 04:37,3
30/06/2022 04:20,5
30/06/2022 04:19,4
30/06/2022 04:18,5
30/06/2022 04:18,5
30/06/2022 04:13,1
30/06/2022 04:13,4
30/06/2022 04:08,3
30/06/2022 04:07,5
30/06/2022 04:07,2
30/06/2022 04:06,5
30/06/2022 04:02,5
30/06/2022 04:02,1
30/06/2022 03:53,5
30/06/2022 03:51,5
30/06/2022 03:46,2
30/06/2022 03:43,5
30/06/2022 03:42,5
30/06/2022 03:42,3
30/06/2022 03:34,5
30/06/2022 03:30,2
30/06/2022 03:30,5
30/06/2022 03:28,1
30/06/2022 03:28,1
30/06/2022 03:28,5
30/06/2022 03:26,5
30/06/2022 03:22,2
30/06/2022 03:21,2
30/06/2022 03:17,4
30/06/2022 03:15,5
30/06/2022 03:12,3
30/06/2022 03:11,1
30/06/2022 03:01,1
30/06/2022 02:56,2
30/06/2022 02:56,1
30/06/2022 02:48,4
30/06/2022 02:45,5
30/06/2022 02:41,1
30/06/2022 02:40,1
30/06/2022 02:27,5
30/06/2022 02:27,1
30/06/2022 02:26,5
30/06/2022 02:25,5
30/06/2022 02:25,3
30/06/2022 02:22,2
30/06/2022 02:19,4
30/06/2022 02:17,1
30/06/2022 02:16,5
30/06/2022 02:13,1
30/06/2022 02:10,5
30/06/2022 02:07,5
30/06/2022 01:57,5
30/06/2022 01:55,5
30/06/2022 01:47,4
30/06/2022 01:46,5
30/06/2022 01:38,1
30/06/2022 01:38,5
30/06/2022 01:34,1
30/06/2022 01:27,5
30/06/2022 01:24,5
30/06/2022 01:24,1
30/06/2022 01:21,4
30/06/2022 01:19,5
30/06/2022 01:18,5
30/06/2022 01:13,5
30/06/2022 01:12,5
30/06/2022 01:11,1
30/06/2022 01:07,3
30/06/2022 00:54,1
30/06/2022 00:48,5
30/06/2022 00:20,1
30/06/2022 00:19,3
30/06/2022 00:18,1
30/06/2022 00:17,5
30/06/2022 00:16,4
30/06/2022 00:15,1
30/06/2022 00:15,5
30/06/2022 00:15,3
30/06/2022 00:10,5
30/06/2022 00:10,3
30/06/2022 00:05,5
29/06/2022 23:57,5
29/06/2022 23:54,5
29/06/2022 23:50,5
29/06/2022 23:49,4
29/06/2022 23:46,4
29/06/2022 23:45,1
29/06/2022 23:38,5
29/06/2022 23:37,5
29/06/2022 23:35,2
29/06/2022 23:34,5
29/06/2022 23:27,1
29/06/2022 23:26,1
29/06/2022 23:11,5
29/06/2022 23:07,5
29/06/2022 23:02,5
29/06/2022 22:52,5
29/06/2022 22:51,5
29/06/2022 22:49,5
29/06/2022 22:48,1
29/06/2022 22:46,5
29/06/2022 22:40,2
29/06/2022 22:36,5
29/06/2022 22:29,5
29/06/2022 22:23,3
29/06/2022 22:22,3
29/06/2022 22:22,1
29/06/2022 22:19,5
29/06/2022 22:15,2
29/06/2022 22:13,1
29/06/2022 22:10,5
29/06/2022 22:02,1
29/06/2022 21:58,4
29/06/2022 21:56,5
29/06/2022 21:50,1
29/06/2022 21:49,5
29/06/2022 21:46,3
29/06/2022 21:45,3
29/06/2022 21:43,5
29/06/2022 21:40,5
29/06/2022 21:40,5
29/06/2022 21:37,1
29/06/2022 21:36,4
29/06/2022 21:34,1
29/06/2022 21:33,1
29/06/2022 21:33,5
29/06/2022 21:28,5
29/06/2022 21:28,1
29/06/2022 21:19,4
29/06/2022 21:15,1
29/06/2022 21:09,5
29/06/2022 21:05,5
29/06/2022 21:02,5
29/06/2022 21:01,5
29/06/2022 21:01,5
29/06/2022 20:58,5
29/06/2022 20:57,4
29/06/2022 20:56,5
29/06/2022 20:47,1
29/06/2022 20:46,2
29/06/2022 20:42,5
29/06/2022 20:42,1
29/06/2022 20:39,4
29/06/2022 20:36,1
29/06/2022 20:35,2
29/06/2022 20:32,5
29/06/2022 20:24,5
29/06/2022 20:24,1
29/06/2022 20:20,5
29/06/2022 20:19,3
29/06/2022 20:15,1
29/06/2022 20:13,5
29/06/2022 20:08,2
29/06/2022 20:02,1
29/06/2022 19:58,5
29/06/2022 19:53,1
29/06/2022 19:50,5
29/06/2022 19:50,5
29/06/2022 19:50,1
29/06/2022 19:48,5
29/06/2022 19:44,1
29/06/2022 19:43,5
29/06/2022 19:40,3
29/06/2022 19:40,5
29/06/2022 19:38,5
29/06/2022 19:38,4
29/06/2022 19:35,5
29/06/2022 19:27,5
29/06/2022 19:25,1
29/06/2022 19:25,4
29/06/2022 19:21,5
29/06/2022 19:18,5
29/06/2022 19:18,1
29/06/2022 19:18,4
29/06/2022 19:12,3
29/06/2022 19:12,5
29/06/2022 19:09,5
29/06/2022 19:04,2
29/06/2022 19:01,5
29/06/2022 19:00,4
29/06/2022 18:59,5
29/06/2022 18:58,4
29/06/2022 18:54,4
29/06/2022 18:52,5
29/06/2022 18:49,4
29/06/2022 18:49,5
29/06/2022 18:43,5
29/06/2022 18:40,3
29/06/2022 18:36,3
29/06/2022 18:34,5
29/06/2022 18:33,4
29/06/2022 18:30,5
29/06/2022 18:30,5
29/06/2022 18:28,2
29/06/2022 18:26,5
29/06/2022 18:25,5
29/06/2022 18:22,1
29/06/2022 18:21,2
29/06/2022 18:21,1
29/06/2022 18:20,5
29/06/2022 18:18,2
29/06/2022 18:18,1
29/06/2022 18:18,5
29/06/2022 18:17,4
29/06/2022 18:17,1
29/06/2022 18:15,5
29/06/2022 18:14,5
29/06/2022 18:11,5
29/06/2022 18:11,1
29/06/2022 18:09,1
29/06/2022 18:09,3
29/06/2022 18:07,2
29/06/2022 18:00,5
29/06/2022 17:59,1
29/06/2022 17:50,5
29/06/2022 17:49,5
29/06/2022 17:45,1
29/06/2022 17:42,1
29/06/2022 17:42,1
29/06/2022 17:41,2
29/06/2022 17:41,5
29/06/2022 17:40,4
29/06/2022 17:34,5
29/06/2022 17:33,5
29/06/2022 17:33,3
29/06/2022 17:30,2
29/06/2022 17:29,1
29/06/2022 17:28,5
29/06/2022 17:26,4
29/06/2022 17:22,3
29/06/2022 17:21,1
29/06/2022 17:19,5
29/06/2022 17:14,5
29/06/2022 17:11,5
29/06/2022 16:56,2
29/06/2022 16:56,5
29/06/2022 16:53,5
29/06/2022 16:52,3
29/06/2022 16:51,4
29/06/2022 16:49,1
29/06/2022 16:43,1
29/06/2022 16:41,5
29/06/2022 16:40,1
29/06/2022 16:38,4
29/06/2022 16:37,2
29/06/2022 16:34,4
29/06/2022 16:34,1
29/06/2022 16:34,3
29/06/2022 16:33,4
29/06/2022 16:32,2
29/06/2022 16:30,5
29/06/2022 16:27,1
29/06/2022 16:22,4
29/06/2022 16:20,5
29/06/2022 16:18,5
29/06/2022 16:12,1
29/06/2022 16:09,4
29/06/2022 16:08,1
29/06/2022 16:07,1
29/06/2022 16:07,2
29/06/2022 16:06,5
29/06/2022 16:06,5
29/06/2022 16:05,5
29/06/2022 16:03,5
29/06/2022 16:02,4
29/06/2022 15:57,3
29/06/2022 15:55,5
29/06/2022 15:53,1
29/06/2022 15:45,5
29/06/2022 15:40,1
29/06/2022 15:37,1
29/06/2022 15:34,4
29/06/2022 15:30,1
29/06/2022 15:29,2
29/06/2022 15:28,1
29/06/2022 15:22,3
29/06/2022 15:22,2
29/06/2022 15:21,5
29/06/2022 15:20,5
29/06/2022 15:18,2
29/06/2022 15:14,1
29/06/2022 15:04,1
29/06/2022 14:57,5
29/06/2022 14:56,1
29/06/2022 14:56,1
29/06/2022 14:52,5
29/06/2022 14:52,4
29/06/2022 14:52,1
29/06/2022 14:51,5
29/06/2022 14:49,5
29/06/2022 14:49,5
29/06/2022 14:48,1
29/06/2022 14:47,1
29/06/2022 14:46,3
29/06/2022 14:37,1
29/06/2022 14:37,3
29/06/2022 14:37,1
29/06/2022 14:37,4
29/06/2022 14:36,1
29/06/2022 14:35,3
29/06/2022 14:29,3
29/06/2022 14:28,5
29/06/2022 14:25,1
29/06/2022 14:24,4
29/06/2022 14:21,5
29/06/2022 14:20,5
29/06/2022 14:20,5
29/06/2022 14:16,2
29/06/2022 14:13,5
29/06/2022 14:09,5
29/06/2022 14:08,1
29/06/2022 13:57,4
29/06/2022 13:54,5
29/06/2022 13:50,1
29/06/2022 13:49,5
29/06/2022 13:47,5
29/06/2022 13:47,4
29/06/2022 13:46,4
29/06/2022 13:46,3
29/06/2022 13:44,5
29/06/2022 13:42,5
29/06/2022 13:41,5
29/06/2022 13:38,5
29/06/2022 13:38,2
29/06/2022 13:35,5
29/06/2022 13:34,1
29/06/2022 13:33,4
29/06/2022 13:32,5
29/06/2022 13:30,4
29/06/2022 13:29,3
29/06/2022 13:28,5
29/06/2022 13:25,3
29/06/2022 13:23,5
29/06/2022 13:23,1
29/06/2022 13:23,5
29/06/2022 13:20,2
29/06/2022 13:20,5
29/06/2022 13:18,4
29/06/2022 13:17,5
29/06/2022 13:15,3
29/06/2022 13:13,5
29/06/2022 13:12,5
29/06/2022 13:11,5
29/06/2022 13:10,5
29/06/2022 13:09,5
29/06/2022 13:03,1
29/06/2022 12:55,5
29/06/2022 12:52,5
29/06/2022 12:52,4
29/06/2022 12:51,1
29/06/2022 12:48,3
29/06/2022 12:44,1
29/06/2022 12:41,1
29/06/2022 12:27,1
29/06/2022 12:26,5
29/06/2022 12:21,1
29/06/2022 12:20,4
29/06/2022 12:18,4
29/06/2022 12:18,5
29/06/2022 12:17,4
29/06/2022 12:15,1
29/06/2022 12:13,1
29/06/2022 12:13,5
29/06/2022 12:10,2
29/06/2022 12:07,1
29/06/2022 12:06,5
29/06/2022 12:05,2
29/06/2022 11:53,4
29/06/2022 11:44,5
29/06/2022 11:38,5
29/06/2022 11:36,1
29/06/2022 11:30,1
29/06/2022 11:26,5
29/06/2022 11:20,3
29/06/2022 11:19,2
29/06/2022 11:11,5
29/06/2022 11:07,5
29/06/2022 11:06,5
29/06/2022 11:05,2
29/06/2022 11:01,5
29/06/2022 10:59,5
29/06/2022 10:51,5
29/06/2022 10:50,5
29/06/2022 10:49,2
29/06/2022 10:48,1
29/06/2022 10:47,5
29/06/2022 10:34,5
29/06/2022 10:32,1
29/06/2022 10:31,1
29/06/2022 10:30,5
29/06/2022 10:29,4
29/06/2022 10:20,5
29/06/2022 10:19,5
29/06/2022 10:18,1
29/06/2022 10:18,5
29/06/2022 10:13,3
29/06/2022 10:12,1
29/06/2022 10:02,3
29/06/2022 09:47,1
29/06/2022 09:40,5
29/06/2022 09:38,1
29/06/2022 09:26,3
29/06/2022 09:21,1
29/06/2022 09:08,5
29/06/2022 08:54,1
29/06/2022 08:50,5
29/06/2022 08:31,5
29/06/2022 08:27,5
29/06/2022 08:25,1
29/06/2022 08:20,5
29/06/2022 08:13,4
29/06/2022 08:11,3
29/06/2022 07:56,5
29/06/2022 07:50,1
29/06/2022 07:49,2
29/06/2022 07:40,4
29/06/2022 07:34,1
29/06/2022 07:34,1
29/06/2022 07:30,5
29/06/2022 07:27,3
29/06/2022 07:24,5
29/06/2022 07:22,4
29/06/2022 07:12,3
29/06/2022 07:08,5
29/06/2022 07:07,4
29/06/2022 07:03,5
29/06/2022 07:00,1
29/06/2022 06:56,2
29/06/2022 06:54,3
29/06/2022 06:53,2
29/06/2022 06:51,5
29/06/2022 06:42,4
29/06/2022 06:38,1
29/06/2022 06:29,2
29/06/2022 06:28,1
29/06/2022 06:16,5
29/06/2022 06:14,5
29/06/2022 06:14,5
29/06/2022 06:06,1
29/06/2022 06:05,5
29/06/2022 06:05,1
29/06/2022 06:05,1
29/06/2022 06:00,3
29/06/2022 05:58,5
29/06/2022 05:57,3
29/06/2022 05:48,5
29/06/2022 05:47,5
29/06/2022 05:44,5
29/06/2022 05:43,4
29/06/2022 05:42,5
29/06/2022 05:40,4
29/06/2022 05:38,3
29/06/2022 05:35,1
29/06/2022 05:32,4
29/06/2022 05:20,3
29/06/2022 05:05,2
29/06/2022 04:59,3
29/06/2022 04:51,1
29/06/2022 04:40,5
29/06/2022 04:36,1
29/06/2022 04:35,2
29/06/2022 04:30,1
29/06/2022 04:25,5
29/06/2022 04:09,4
29/06/2022 04:09,4
29/06/2022 04:08,5
29/06/2022 04:05,1
29/06/2022 04:04,4
29/06/2022 04:04,5
29/06/2022 04:03,4
29/06/2022 04:03,5
29/06/2022 04:00,5
29/06/2022 03:58,1
29/06/2022 03:46,1
29/06/2022 03:40,5
29/06/2022 03:34,1
29/06/2022 03:32,2
29/06/2022 03:31,5
29/06/2022 03:28,3
29/06/2022 03:26,5
29/06/2022 03:22,4
29/06/2022 03:21,1
29/06/2022 03:21,5
29/06/2022 03:19,1
29/06/2022 03:18,5
29/06/2022 03:18,5
29/06/2022 03:14,4
29/06/2022 03:11,5
29/06/2022 03:04,1
29/06/2022 02:51,5
29/06/2022 02:49,3
29/06/2022 02:41,5
29/06/2022 02:41,5
29/06/2022 02:40,5
29/06/2022 02:31,5
29/06/2022 02:28,5
29/06/2022 02:23,3
29/06/2022 02:17,5
29/06/2022 02:10,5
29/06/2022 02:09,1
29/06/2022 02:02,1
29/06/2022 02:00,1
29/06/2022 01:53,3
29/06/2022 01:51,2
29/06/2022 01:37,5
29/06/2022 01:32,5
29/06/2022 01:29,5
29/06/2022 01:27,1
29/06/2022 01:24,5
29/06/2022 01:19,5
29/06/2022 01:17,1
29/06/2022 01:12,2
29/06/2022 01:07,5
29/06/2022 01:06,4
29/06/2022 01:05,5
29/06/2022 01:05,5
29/06/2022 01:04,1
29/06/2022 01:03,5
29/06/2022 01:01,5
29/06/2022 00:59,5
29/06/2022 00:58,5
29/06/2022 00:57,2
29/06/2022 00:50,5
29/06/2022 00:46,5
29/06/2022 00:41,5
29/06/2022 00:37,1
29/06/2022 00:36,5
29/06/2022 00:34,5
29/06/2022 00:31,1
29/06/2022 00:24,5
29/06/2022 00:21,4
29/06/2022 00:21,5
29/06/2022 00:06,4
28/06/2022 23:59,1
28/06/2022 23:58,1
28/06/2022 23:58,1
28/06/2022 23:57,2
28/06/2022 23:52,5
28/06/2022 23:50,3
28/06/2022 23:49,5
28/06/2022 23:47,1
28/06/2022 23:46,5
28/06/2022 23:43,5
28/06/2022 23:42,3
28/06/2022 23:42,5
28/06/2022 23:41,5
28/06/2022 23:40,3
28/06/2022 23:36,5
28/06/2022 23:36,5
28/06/2022 23:32,5
28/06/2022 23:32,2
28/06/2022 23:30,5
28/06/2022 23:28,5
28/06/2022 23:27,5
28/06/2022 23:23,5
28/06/2022 23:22,4
28/06/2022 23:18,5
28/06/2022 23:15,1
28/06/2022 23:12,5
28/06/2022 23:12,4
28/06/2022 23:11,1
28/06/2022 23:08,5
28/06/2022 23:08,4
28/06/2022 23:08,2
28/06/2022 23:06,5
28/06/2022 23:01,5
28/06/2022 22:58,5
28/06/2022 22:56,5
28/06/2022 22:52,3
28/06/2022 22:38,5
28/06/2022 22:30,5
28/06/2022 22:26,5
28/06/2022 22:23,5
28/06/2022 22:16,1
28/06/2022 22:10,4
28/06/2022 22:00,1
28/06/2022 21:56,5
28/06/2022 21:50,4
28/06/2022 21:45,5
28/06/2022 21:40,3
28/06/2022 21:39,4
28/06/2022 21:38,5
28/06/2022 21:35,3
28/06/2022 21:30,1
28/06/2022 21:29,4
28/06/2022 21:23,5
28/06/2022 21:21,4
28/06/2022 21:17,4
28/06/2022 21:14,1
28/06/2022 21:06,5
28/06/2022 20:59,1
28/06/2022 20:55,5
28/06/2022 20:47,1
28/06/2022 20:38,5
28/06/2022 20:36,5
28/06/2022 20:35,4
28/06/2022 20:34,5
28/06/2022 20:28,5
28/06/2022 20:25,1
28/06/2022 20:19,3
28/06/2022 20:14,5
28/06/2022 20:13,5
28/06/2022 20:06,5
28/06/2022 20:04,5
28/06/2022 20:02,2
28/06/2022 20:00,5
28/06/2022 19:57,5
28/06/2022 19:52,3
28/06/2022 19:43,1
28/06/2022 19:43,5
28/06/2022 19:36,5
28/06/2022 19:35,3
28/06/2022 19:35,4
28/06/2022 19:34,5
28/06/2022 19:33,1
28/06/2022 19:33,1
28/06/2022 19:32,2
28/06/2022 19:28,2
28/06/2022 19:26,1
28/06/2022 19:20,1
28/06/2022 19:19,1
28/06/2022 19:13,1
28/06/2022 19:03,5
28/06/2022 19:01,1
28/06/2022 18:58,5
28/06/2022 18:57,5
28/06/2022 18:57,1
28/06/2022 18:53,5
28/06/2022 18:52,1
28/06/2022 18:51,1
28/06/2022 18:45,5
28/06/2022 18:41,1
28/06/2022 18:41,5
28/06/2022 18:40,5
28/06/2022 18:39,5
28/06/2022 18:37,2
28/06/2022 18:33,4
28/06/2022 18:32,5
28/06/2022 18:26,3
28/06/2022 18:24,5
28/06/2022 18:23,5
28/06/2022 18:23,2
28/06/2022 18:23,1
28/06/2022 18:20,2
28/06/2022 18:01,5
28/06/2022 17:59,2
28/06/2022 17:59,1
28/06/2022 17:57,2
28/06/2022 17:53,3
28/06/2022 17:53,5
28/06/2022 17:52,5
28/06/2022 17:42,3
28/06/2022 17:40,5
28/06/2022 17:37,5
28/06/2022 17:36,5
28/06/2022 17:36,2
28/06/2022 17:33,5
28/06/2022 17:32,2
28/06/2022 17:29,4
28/06/2022 17:29,5
28/06/2022 17:29,1
28/06/2022 17:26,4
28/06/2022 17:25,3
28/06/2022 17:23,2
28/06/2022 17:23,1
28/06/2022 17:22,5
28/06/2022 17:20,5
28/06/2022 17:18,3
28/06/2022 17:16,5
28/06/2022 17:12,1
28/06/2022 17:12,4
28/06/2022 17:09,5
28/06/2022 17:07,5
28/06/2022 17:03,2
28/06/2022 16:57,1
28/06/2022 16:50,4
28/06/2022 16:48,5
28/06/2022 16:45,4
28/06/2022 16:44,1
28/06/2022 16:37,1
28/06/2022 16:37,1
28/06/2022 16:37,1
28/06/2022 16:36,3
28/06/2022 16:35,2
28/06/2022 16:35,5
28/06/2022 16:29,5
28/06/2022 16:28,3
28/06/2022 16:28,4
28/06/2022 16:27,4
28/06/2022 16:25,1
28/06/2022 16:24,5
28/06/2022 16:24,1
28/06/2022 16:20,3
28/06/2022 16:20,3
28/06/2022 16:18,1
28/06/2022 16:17,5
28/06/2022 16:16,4
28/06/2022 16:15,5
28/06/2022 16:11,1
28/06/2022 16:10,4
28/06/2022 16:09,3
28/06/2022 16:08,5
28/06/2022 16:06,4
28/06/2022 16:03,1
28/06/2022 16:02,4
28/06/2022 16:00,5
28/06/2022 16:00,5
28/06/2022 15:57,3
28/06/2022 15:54,5
28/06/2022 15:52,4
28/06/2022 15:51,5
28/06/2022 15:50,5
28/06/2022 15:50,5
28/06/2022 15:45,5
28/06/2022 15:45,5
28/06/2022 15:43,3
28/06/2022 15:43,4
28/06/2022 15:42,2
28/06/2022 15:35,5
28/06/2022 15:35,1
28/06/2022 15:34,3
28/06/2022 15:33,5
28/06/2022 15:27,1
28/06/2022 15:24,1
28/06/2022 15:20,5
28/06/2022 15:19,1
28/06/2022 15:19,1
28/06/2022 15:17,5
28/06/2022 15:14,4
28/06/2022 15:09,3
28/06/2022 15:09,1
28/06/2022 15:05,5
28/06/2022 15:01,5
28/06/2022 15:01,1
28/06/2022 14:59,1
28/06/2022 14:59,5
28/06/2022 14:56,1
28/06/2022 14:55,5
28/06/2022 14:49,5
28/06/2022 14:43,5
28/06/2022 14:39,4
28/06/2022 14:38,5
28/06/2022 14:38,4
28/06/2022 14:28,1
28/06/2022 14:26,1
28/06/2022 14:22,1
28/06/2022 14:20,4
28/06/2022 14:09,1
28/06/2022 14:06,5
28/06/2022 14:04,5
28/06/2022 13:59,1
28/06/2022 13:58,3
28/06/2022 13:51,2
28/06/2022 13:49,1
28/06/2022 13:49,5
28/06/2022 13:48,5
28/06/2022 13:43,1
28/06/2022 13:38,3
28/06/2022 13:35,2
28/06/2022 13:33,2
28/06/2022 13:33,5
28/06/2022 13:31,5
28/06/2022 13:29,4
28/06/2022 13:24,5
28/06/2022 13:23,1
28/06/2022 13:22,1
28/06/2022 13:20,4
28/06/2022 13:20,1
28/06/2022 13:17,5
28/06/2022 13:16,3
28/06/2022 13:14,5
28/06/2022 13:13,2
28/06/2022 13:12,1
28/06/2022 13:09,5
28/06/2022 13:06,5
28/06/2022 13:03,5
28/06/2022 13:02,5
28/06/2022 12:57,1
28/06/2022 12:55,4
28/06/2022 12:55,5
28/06/2022 12:51,5
28/06/2022 12:50,3
28/06/2022 12:46,5
28/06/2022 12:44,1
28/06/2022 12:44,5
28/06/2022 12:44,5
28/06/2022 12:43,5
28/06/2022 12:43,4
28/06/2022 12:39,5
28/06/2022 12:39,4
28/06/2022 12:35,1
28/06/2022 12:33,4
28/06/2022 12:32,4
28/06/2022 12:28,5
28/06/2022 12:22,5
28/06/2022 12:22,1
28/06/2022 12:18,5
28/06/2022 12:18,4
28/06/2022 12:13,5
28/06/2022 12:11,1
28/06/2022 12:08,1
28/06/2022 12:08,2
28/06/2022 12:07,3
28/06/2022 12:02,5
28/06/2022 11:59,5
28/06/2022 11:57,3
28/06/2022 11:53,5
28/06/2022 11:52,1
28/06/2022 11:52,1
28/06/2022 11:50,5
28/06/2022 11:43,2
28/06/2022 11:41,4
28/06/2022 11:38,1
28/06/2022 11:32,1
28/06/2022 11:32,5
28/06/2022 11:32,5
28/06/2022 11:31,2
28/06/2022 11:27,5
28/06/2022 11:27,4
28/06/2022 11:25,5
28/06/2022 11:25,1
28/06/2022 11:17,4
28/06/2022 11:13,2
28/06/2022 11:13,5
28/06/2022 11:10,4
28/06/2022 11:05,5
28/06/2022 11:02,5
28/06/2022 10:59,5
28/06/2022 10:55,2
28/06/2022 10:54,1
28/06/2022 10:53,5
28/06/2022 10:49,5
28/06/2022 10:49,5
28/06/2022 10:45,5
28/06/2022 10:44,5
28/06/2022 10:44,4
28/06/2022 10:43,5
28/06/2022 10:34,5
28/06/2022 10:33,5
28/06/2022 10:32,1
28/06/2022 10:28,1
28/06/2022 10:24,5
28/06/2022 10:23,5
28/06/2022 10:20,1
28/06/2022 10:11,2
28/06/2022 10:11,5
28/06/2022 10:10,5
28/06/2022 10:00,1
28/06/2022 09:59,5
28/06/2022 09:57,5
28/06/2022 09:53,4
28/06/2022 09:53,1
28/06/2022 09:52,1
28/06/2022 09:51,4
28/06/2022 09:50,3
28/06/2022 09:43,5
28/06/2022 09:36,5
28/06/2022 09:33,5
28/06/2022 09:33,5
28/06/2022 09:32,1
28/06/2022 09:23,3
28/06/2022 09:21,4
28/06/2022 09:17,5
28/06/2022 09:14,5
28/06/2022 09:12,5
28/06/2022 09:06,5
28/06/2022 09:05,5
28/06/2022 08:57,1
28/06/2022 08:48,5
28/06/2022 08:47,1
28/06/2022 08:46,2
28/06/2022 08:38,3
28/06/2022 08:37,5
28/06/2022 08:37,1
28/06/2022 08:36,5
28/06/2022 08:22,3
28/06/2022 08:18,5
28/06/2022 08:17,1
28/06/2022 08:14,5
28/06/2022 08:05,3
28/06/2022 07:55,3
28/06/2022 07:51,5
28/06/2022 07:44,4
28/06/2022 07:42,1
28/06/2022 07:35,1
28/06/2022 07:34,5
28/06/2022 07:34,5
28/06/2022 07:33,5
28/06/2022 07:22,1
28/06/2022 07:19,5
28/06/2022 07:14,5
28/06/2022 07:10,2
28/06/2022 07:05,3
28/06/2022 07:01,1
28/06/2022 07:01,5
28/06/2022 06:56,1
28/06/2022 06:52,4
28/06/2022 06:51,5
28/06/2022 06:36,1
28/06/2022 06:33,5
28/06/2022 06:24,5
28/06/2022 06:22,5
28/06/2022 06:22,2
28/06/2022 06:19,5
28/06/2022 06:17,5
28/06/2022 06:09,1
28/06/2022 06:08,1
28/06/2022 06:08,3
28/06/2022 06:07,5
28/06/2022 06:05,4
28/06/2022 05:56,1
28/06/2022 05:55,5
28/06/2022 05:43,5
28/06/2022 05:42,2
28/06/2022 05:38,1
28/06/2022 05:36,5
28/06/2022 05:27,5
28/06/2022 05:24,4
28/06/2022 05:22,5
28/06/2022 05:17,4
28/06/2022 05:10,5
28/06/2022 05:07,2
28/06/2022 05:03,3
28/06/2022 04:58,5
28/06/2022 04:52,5
28/06/2022 04:48,1
28/06/2022 04:44,1
28/06/2022 04:43,3
28/06/2022 04:42,5
28/06/2022 04:39,3
28/06/2022 04:35,4
28/06/2022 04:33,4
28/06/2022 04:32,5
28/06/2022 04:32,2
28/06/2022 04:31,1
28/06/2022 04:30,3
28/06/2022 04:29,5
28/06/2022 04:25,5
28/06/2022 04:23,4
28/06/2022 04:17,5
28/06/2022 04:00,2
28/06/2022 03:59,1
28/06/2022 03:58,4
28/06/2022 03:44,5
28/06/2022 03:33,5
28/06/2022 03:28,2
28/06/2022 03:28,4
28/06/2022 03:27,5
28/06/2022 03:25,5
28/06/2022 03:23,1
28/06/2022 03:21,5
28/06/2022 03:20,3
28/06/2022 03:20,5
28/06/2022 03:17,5
28/06/2022 03:14,1
28/06/2022 03:09,4
28/06/2022 03:08,5
28/06/2022 03:05,2
28/06/2022 03:03,3
28/06/2022 02:57,4
28/06/2022 02:49,3
28/06/2022 02:48,5
28/06/2022 02:44,2
28/06/2022 02:42,1
28/06/2022 02:41,4
28/06/2022 02:37,4
28/06/2022 02:36,1
28/06/2022 02:35,4
28/06/2022 02:30,1
28/06/2022 02:23,5
28/06/2022 02:19,1
28/06/2022 02:07,1
28/06/2022 02:02,3
28/06/2022 02:01,1
28/06/2022 01:58,1
28/06/2022 01:53,1
28/06/2022 01:52,5
28/06/2022 01:49,1
28/06/2022 01:47,5
28/06/2022 01:43,5
28/06/2022 01:40,1
28/06/2022 01:40,5
28/06/2022 01:28,1
28/06/2022 01:26,3
28/06/2022 01:23,5
28/06/2022 01:22,1
28/06/2022 01:21,1
28/06/2022 01:19,5
28/06/2022 01:19,4
28/06/2022 01:13,5
28/06/2022 01:12,3
28/06/2022 01:10,5
28/06/2022 00:54,2
28/06/2022 00:49,3
28/06/2022 00:49,5
28/06/2022 00:47,5
28/06/2022 00:45,3
28/06/2022 00:43,4
28/06/2022 00:33,5
28/06/2022 00:27,5
28/06/2022 00:26,5
28/06/2022 00:25,4
28/06/2022 00:25,5
28/06/2022 00:24,4
28/06/2022 00:22,3
28/06/2022 00:14,3
28/06/2022 00:12,1
28/06/2022 00:09,4
28/06/2022 00:04,5
28/06/2022 00:03,5
28/06/2022 00:03,4
27/06/2022 23:57,5
27/06/2022 23:54,1
27/06/2022 23:53,2
27/06/2022 23:49,5
27/06/2022 23:48,5
27/06/2022 23:38,5
27/06/2022 23:35,5
27/06/2022 23:33,5
27/06/2022 23:28,4
27/06/2022 23:20,3
27/06/2022 23:15,4
27/06/2022 23:14,1
27/06/2022 23:04,5
27/06/2022 23:02,5
27/06/2022 22:54,1
27/06/2022 22:47,5
27/06/2022 22:40,1
27/06/2022 22:33,5
27/06/2022 22:32,5
27/06/2022 22:32,1
27/06/2022 22:28,5
27/06/2022 22:16,3
27/06/2022 22:14,5
27/06/2022 22:13,5
27/06/2022 22:04,5
27/06/2022 22:01,5
27/06/2022 21:59,3
27/06/2022 21:59,3
27/06/2022 21:43,5
27/06/2022 21:41,2
27/06/2022 21:39,3
27/06/2022 21:39,5
27/06/2022 21:36,2
27/06/2022 21:34,4
27/06/2022 21:31,2
27/06/2022 21:21,5
27/06/2022 21:21,1
27/06/2022 21:20,4
27/06/2022 21:13,1
27/06/2022 21:13,1
27/06/2022 21:11,5
27/06/2022 21:10,4
27/06/2022 21:06,2
27/06/2022 21:02,3
27/06/2022 20:56,5
27/06/2022 20:52,5
27/06/2022 20:52,5
27/06/2022 20:51,5
27/06/2022 20:48,5
27/06/2022 20:47,1
27/06/2022 20:44,3
27/06/2022 20:42,5
27/06/2022 20:37,5
27/06/2022 20:35,1
27/06/2022 20:35,1
27/06/2022 20:30,1
27/06/2022 20:30,1
27/06/2022 20:24,3
27/06/2022 20:24,1
27/06/2022 20:20,5
27/06/2022 20:19,1
27/06/2022 20:16,2
27/06/2022 20:16,1
27/06/2022 20:15,5
27/06/2022 20:14,1
27/06/2022 20:13,1
27/06/2022 20:12,3
27/06/2022 20:08,5
27/06/2022 20:08,5
27/06/2022 20:06,3
27/06/2022 20:06,1
27/06/2022 20:05,4
27/06/2022 19:53,1
27/06/2022 19:52,5
27/06/2022 19:52,1
27/06/2022 19:49,4
27/06/2022 19:46,2
27/06/2022 19:46,1
27/06/2022 19:46,1
27/06/2022 19:38,4
27/06/2022 19:36,4
27/06/2022 19:33,1
27/06/2022 19:32,4
27/06/2022 19:28,5
27/06/2022 19:28,5
27/06/2022 19:26,1
27/06/2022 19:24,5
27/06/2022 19:22,5
27/06/2022 19:22,4
27/06/2022 19:20,3
27/06/2022 19:19,5
27/06/2022 19:17,5
27/06/2022 19:16,5
27/06/2022 19:16,4
27/06/2022 19:10,5
27/06/2022 19:08,5
27/06/2022 19:06,5
27/06/2022 19:04,1
27/06/2022 19:01,4
27/06/2022 19:01,5
27/06/2022 18:55,5
27/06/2022 18:53,1
27/06/2022 18:52,5
27/06/2022 18:50,4
27/06/2022 18:47,5
27/06/2022 18:47,1
27/06/2022 18:45,2
27/06/2022 18:43,2
27/06/2022 18:42,1
27/06/2022 18:41,5
27/06/2022 18:39,1
27/06/2022 18:37,4
27/06/2022 18:36,5
27/06/2022 18:36,1
27/06/2022 18:35,3
27/06/2022 18:34,5
27/06/2022 18:30,5
27/06/2022 18:28,5
27/06/2022 18:27,5
27/06/2022 18:27,1
27/06/2022 18:26,3
27/06/2022 18:25,3
27/06/2022 18:22,5
27/06/2022 18:22,1
27/06/2022 18:20,5
27/06/2022 18:18,3
27/06/2022 18:15,4
27/06/2022 18:13,1
27/06/2022 18:13,1
27/06/2022 18:10,4
27/06/2022 18:10,3
27/06/2022 18:07,1
27/06/2022 18:02,5
27/06/2022 18:01,5
27/06/2022 18:00,5
27/06/2022 17:59,5
27/06/2022 17:57,5
27/06/2022 17:54,1
27/06/2022 17:53,3
27/06/2022 17:52,5
27/06/2022 17:50,5
27/06/2022 17:44,1
27/06/2022 17:42,1
27/06/2022 17:41,5
27/06/2022 17:36,2
27/06/2022 17:35,5
27/06/2022 17:33,5
27/06/2022 17:32,2
27/06/2022 17:22,5
27/06/2022 17:21,5
27/06/2022 17:21,1
27/06/2022 17:20,5
27/06/2022 17:20,4
27/06/2022 17:19,5
27/06/2022 17:17,5
27/06/2022 17:14,5
27/06/2022 17:12,5
27/06/2022 17:10,5
27/06/2022 17:06,5
27/06/2022 17:06,5
27/06/2022 17:06,1
27/06/2022 17:04,5
27/06/2022 17:00,5
27/06/2022 16:58,3
27/06/2022 16:57,5
27/06/2022 16:56,5
27/06/2022 16:55,1
27/06/2022 16:49,5
27/06/2022 16:44,4
27/06/2022 16:43,5
27/06/2022 16:39,5
27/06/2022 16:39,1
27/06/2022 16:36,1
27/06/2022 16:33,2
27/06/2022 16:30,4
27/06/2022 16:25,4
27/06/2022 16:24,2
27/06/2022 16:17,5
27/06/2022 16:14,5
27/06/2022 16:11,4
27/06/2022 16:02,5
27/06/2022 16:01,4
27/06/2022 16:00,1
27/06/2022 15:59,5
27/06/2022 15:59,4
27/06/2022 15:58,1
27/06/2022 15:55,5
27/06/2022 15:49,1
27/06/2022 15:45,5
27/06/2022 15:37,3
27/06/2022 15:35,4
27/06/2022 15:33,4
27/06/2022 15:31,1
27/06/2022 15:26,3
27/06/2022 15:26,2
27/06/2022 15:24,5
27/06/2022 15:24,3
27/06/2022 15:18,5
27/06/2022 15:17,2
27/06/2022 15:15,1
27/06/2022 15:11,1
27/06/2022 15:05,5
27/06/2022 15:03,1
27/06/2022 14:56,5
27/06/2022 14:56,3
27/06/2022 14:54,1
27/06/2022 14:52,5
27/06/2022 14:48,5
27/06/2022 14:43,3
27/06/2022 14:42,5
27/06/2022 14:42,5
27/06/2022 14:37,5
27/06/2022 14:36,5
27/06/2022 14:36,5
27/06/2022 14:35,4
27/06/2022 14:35,1
27/06/2022 14:26,5
27/06/2022 14:21,1
27/06/2022 14:11,2
27/06/2022 14:10,1
27/06/2022 14:09,4
27/06/2022 14:04,4
27/06/2022 14:03,5
27/06/2022 13:56,1
27/06/2022 13:56,5
27/06/2022 13:56,1
27/06/2022 13:55,5
27/06/2022 13:53,4
27/06/2022 13:46,5
27/06/2022 13:43,4
27/06/2022 13:43,5
27/06/2022 13:39,5
27/06/2022 13:39,3
27/06/2022 13:37,3
27/06/2022 13:34,1
27/06/2022 13:29,5
27/06/2022 13:28,1
27/06/2022 13:22,5
27/06/2022 13:21,1
27/06/2022 13:17,5
27/06/2022 13:16,4
27/06/2022 13:15,5
27/06/2022 13:13,5
27/06/2022 13:11,3
27/06/2022 13:10,1
27/06/2022 13:05,5
27/06/2022 12:54,5
27/06/2022 12:51,1
27/06/2022 12:48,5
27/06/2022 12:45,5
27/06/2022 12:36,4
27/06/2022 12:33,1
27/06/2022 12:32,1
27/06/2022 12:31,5
27/06/2022 12:27,4
27/06/2022 12:26,5
27/06/2022 12:25,4
27/06/2022 12:24,5
27/06/2022 12:17,5
27/06/2022 12:14,1
27/06/2022 12:14,4
27/06/2022 12:13,1
27/06/2022 12:10,1
27/06/2022 12:07,1
27/06/2022 11:56,5
27/06/2022 11:56,1
27/06/2022 11:50,1
27/06/2022 11:49,4
27/06/2022 11:48,1
27/06/2022 11:42,1
27/06/2022 11:42,5
27/06/2022 11:39,5
27/06/2022 11:39,5
27/06/2022 11:35,5
27/06/2022 11:32,2
27/06/2022 11:30,5
27/06/2022 11:29,5
27/06/2022 11:23,5
27/06/2022 11:22,5
27/06/2022 11:20,1
27/06/2022 11:20,3
27/06/2022 11:18,3
27/06/2022 11:15,1
27/06/2022 11:15,5
27/06/2022 11:15,5
27/06/2022 11:05,5
27/06/2022 10:56,5
27/06/2022 10:56,4
27/06/2022 10:55,1
27/06/2022 10:49,4
27/06/2022 10:46,5
27/06/2022 10:45,5
27/06/2022 10:44,5
27/06/2022 10:40,5
27/06/2022 10:39,4
27/06/2022 10:38,4
27/06/2022 10:14,5
27/06/2022 10:14,1
27/06/2022 10:14,5
27/06/2022 10:14,1
27/06/2022 10:11,4
27/06/2022 10:08,2
27/06/2022 10:08,1
27/06/2022 10:07,2
27/06/2022 10:06,1
27/06/2022 10:06,5
27/06/2022 10:01,2
27/06/2022 10:01,2
27/06/2022 10:00,1
27/06/2022 09:57,5
27/06/2022 09:55,1
27/06/2022 09:54,5
27/06/2022 09:53,5
27/06/2022 09:52,1
27/06/2022 09:51,3
27/06/2022 09:49,1
27/06/2022 09:48,5
27/06/2022 09:48,5
27/06/2022 09:37,5
27/06/2022 09:37,5
27/06/2022 09:36,5
27/06/2022 09:35,5
27/06/2022 09:32,1
27/06/2022 09:28,1
27/06/2022 09:18,5
27/06/2022 09:16,5
27/06/2022 09:13,3
27/06/2022 09:13,5
27/06/2022 09:10,3
27/06/2022 09:09,5
27/06/2022 09:06,2
27/06/2022 09:01,4
27/06/2022 09:00,4
27/06/2022 08:45,1
27/06/2022 08:41,2
27/06/2022 08:37,3
27/06/2022 08:31,2
27/06/2022 08:20,5
27/06/2022 08:16,1
27/06/2022 08:10,2
27/06/2022 08:07,5
27/06/2022 08:02,4
27/06/2022 07:59,1
27/06/2022 07:53,1
27/06/2022 07:52,5
27/06/2022 07:52,5
27/06/2022 07:50,1
27/06/2022 07:36,5
27/06/2022 07:35,2
27/06/2022 07:35,5
27/06/2022 07:33,2
27/06/2022 07:29,4
27/06/2022 07:22,5
27/06/2022 07:19,3
27/06/2022 07:14,4
27/06/2022 07:13,5
27/06/2022 07:09,1
27/06/2022 07:07,1
27/06/2022 06:50,1
27/06/2022 06:50,2
27/06/2022 06:45,5
27/06/2022 06:39,2
27/06/2022 06:33,2
27/06/2022 06:31,1
27/06/2022 06:27,5
27/06/2022 06:27,5
27/06/2022 06:25,5
27/06/2022 06:20,5
27/06/2022 06:20,2
27/06/2022 06:19,5
27/06/2022 06:18,3
27/06/2022 06:15,5
27/06/2022 06:12,1
27/06/2022 06:10,5
27/06/2022 06:09,1
27/06/2022 06:07,2
27/06/2022 06:02,5
27/06/2022 05:59,5
27/06/2022 05:58,5
27/06/2022 05:56,1
27/06/2022 05:48,1
27/06/2022 05:43,1
27/06/2022 05:39,1
27/06/2022 05:37,4
27/06/2022 05:30,4
27/06/2022 05:27,1
27/06/2022 05:22,1
27/06/2022 05:19,1
27/06/2022 05:17,4
27/06/2022 04:53,3
27/06/2022 04:46,5
27/06/2022 04:41,2
27/06/2022 04:37,2
27/06/2022 04:35,5
27/06/2022 04:28,1
27/06/2022 04:28,5
27/06/2022 04:13,1
27/06/2022 04:11,1
27/06/2022 04:08,5
27/06/2022 03:57,2
27/06/2022 03:56,5
27/06/2022 03:55,5
27/06/2022 03:54,2
27/06/2022 03:50,5
27/06/2022 03:35,3
27/06/2022 03:34,1
27/06/2022 03:32,4
27/06/2022 03:27,5
27/06/2022 03:23,5
27/06/2022 03:19,5
27/06/2022 03:17,5
27/06/2022 03:15,1
27/06/2022 03:14,1
27/06/2022 03:14,3
27/06/2022 03:04,2
27/06/2022 03:02,5
27/06/2022 02:55,4
27/06/2022 02:55,5
27/06/2022 02:45,5
27/06/2022 02:44,3
27/06/2022 02:43,5
27/06/2022 02:38,5
27/06/2022 02:32,1
27/06/2022 02:28,1
27/06/2022 02:27,5
27/06/2022 02:27,5
27/06/2022 02:25,3
27/06/2022 02:24,5
27/06/2022 02:23,3
27/06/2022 02:23,5
27/06/2022 02:14,1
27/06/2022 02:10,5
27/06/2022 02:09,5
27/06/2022 02:07,5
27/06/2022 01:50,3
27/06/2022 01:47,1
27/06/2022 01:45,5
27/06/2022 01:43,4
27/06/2022 01:40,5
27/06/2022 01:39,5
27/06/2022 01:35,1
27/06/2022 01:34,3
27/06/2022 01:23,4
27/06/2022 01:23,5
27/06/2022 01:17,4
27/06/2022 01:08,5
27/06/2022 00:36,2
27/06/2022 00:35,4
27/06/2022 00:26,1
27/06/2022 00:25,1
27/06/2022 00:20,5
27/06/2022 00:16,5
27/06/2022 00:05,2
26/06/2022 23:56,3
26/06/2022 23:54,1
26/06/2022 23:50,3
26/06/2022 23:44,1
26/06/2022 23:41,1
26/06/2022 23:37,5
26/06/2022 23:29,2
26/06/2022 23:20,5
26/06/2022 23:11,5
26/06/2022 23:09,1
26/06/2022 23:05,1
26/06/2022 23:03,5
26/06/2022 22:58,4
26/06/2022 22:51,1
26/06/2022 22:48,5
26/06/2022 22:46,1
26/06/2022 22:45,4
26/06/2022 22:44,5
26/06/2022 22:35,4
26/06/2022 22:30,5
26/06/2022 22:28,3
26/06/2022 22:24,5
26/06/2022 22:21,5
26/06/2022 22:20,5
26/06/2022 22:20,5
26/06/2022 22:18,5
26/06/2022 22:15,3
26/06/2022 22:04,2
26/06/2022 21:59,5
26/06/2022 21:57,5
26/06/2022 21:55,1
26/06/2022 21:52,5
26/06/2022 21:51,1
26/06/2022 21:49,3
26/06/2022 21:49,5
26/06/2022 21:46,5
26/06/2022 21:41,5
26/06/2022 21:38,2
26/06/2022 21:27,1
26/06/2022 21:25,5
26/06/2022 21:22,1
26/06/2022 21:15,5
26/06/2022 21:15,1
26/06/2022 21:10,4
26/06/2022 21:04,4
26/06/2022 21:02,4
26/06/2022 20:54,5
26/06/2022 20:51,5
26/06/2022 20:48,2
26/06/2022 20:48,5
26/06/2022 20:40,5
26/06/2022 20:37,4
26/06/2022 20:31,5
26/06/2022 20:26,1
26/06/2022 20:23,5
26/06/2022 20:20,5
26/06/2022 20:18,5
26/06/2022 20:17,5
26/06/2022 20:17,3
26/06/2022 20:13,5
26/06/2022 20:12,2
26/06/2022 20:06,5
26/06/2022 20:02,4
26/06/2022 20:00,3
26/06/2022 19:54,1
26/06/2022 19:42,4
26/06/2022 19:38,5
26/06/2022 19:20,5
26/06/2022 19:15,3
26/06/2022 19:09,5
26/06/2022 19:04,5
26/06/2022 19:03,5
26/06/2022 18:59,4
26/06/2022 18:55,3
26/06/2022 18:44,4
26/06/2022 18:43,1
26/06/2022 18:39,5
26/06/2022 18:36,4
26/06/2022 18:34,5
26/06/2022 18:33,3
26/06/2022 18:32,2
26/06/2022 18:31,5
26/06/2022 18:28,2
26/06/2022 18:27,5
26/06/2022 18:23,5
26/06/2022 18:19,5
26/06/2022 18:13,5
26/06/2022 18:12,2
26/06/2022 18:12,5
26/06/2022 18:11,5
26/06/2022 18:05,5
26/06/2022 17:59,3
26/06/2022 17:59,2
26/06/2022 17:58,1
26/06/2022 17:54,5
26/06/2022 17:52,4
26/06/2022 17:50,2
26/06/2022 17:49,4
26/06/2022 17:48,5
26/06/2022 17:48,2
26/06/2022 17:47,2
26/06/2022 17:39,5
26/06/2022 17:38,5
26/06/2022 17:34,1
26/06/2022 17:33,5
26/06/2022 17:32,4
26/06/2022 17:29,5
26/06/2022 17:27,5
26/06/2022 17:24,4
26/06/2022 17:20,5
26/06/2022 17:20,3
26/06/2022 17:14,5
26/06/2022 17:13,1
26/06/2022 17:12,5
26/06/2022 17:11,5
26/06/2022 17:10,5
26/06/2022 17:07,2
26/06/2022 17:07,5
26/06/2022 17:05,5
26/06/2022 17:04,5
26/06/2022 17:01,1
26/06/2022 16:59,5
26/06/2022 16:56,3
26/06/2022 16:54,1
26/06/2022 16:47,2
26/06/2022 16:43,5
26/06/2022 16:43,4
26/06/2022 16:38,5
26/06/2022 16:33,5
26/06/2022 16:29,5
26/06/2022 16:22,1
26/06/2022 16:21,1
26/06/2022 16:19,5
26/06/2022 16:19,3
26/06/2022 16:17,1
26/06/2022 16:15,3
26/06/2022 16:15,1
26/06/2022 16:12,1
26/06/2022 16:11,5
26/06/2022 16:10,2
26/06/2022 16:09,5
26/06/2022 16:07,5
26/06/2022 16:04,5
26/06/2022 15:59,5
26/06/2022 15:59,5
26/06/2022 15:52,1
26/06/2022 15:50,5
26/06/2022 15:49,1
26/06/2022 15:43,4
26/06/2022 15:41,5
26/06/2022 15:37,5
26/06/2022 15:37,3
26/06/2022 15:36,5
26/06/2022 15:34,1
26/06/2022 15:30,5
26/06/2022 15:29,1
26/06/2022 15:26,1
26/06/2022 15:26,5
26/06/2022 15:22,5
26/06/2022 15:21,4
26/06/2022 15:15,4
26/06/2022 15:03,5
26/06/2022 14:58,3
26/06/2022 14:58,5
26/06/2022 14:52,1
26/06/2022 14:50,5
26/06/2022 14:49,1
26/06/2022 14:46,2
26/06/2022 14:45,4
26/06/2022 14:44,2
26/06/2022 14:43,5
26/06/2022 14:38,4
26/06/2022 14:32,5
26/06/2022 14:30,5
26/06/2022 14:30,5
26/06/2022 14:28,2
26/06/2022 14:24,4
26/06/2022 14:23,5
26/06/2022 14:21,1
26/06/2022 14:18,2
26/06/2022 14:15,1
26/06/2022 14:11,5
26/06/2022 14:08,5
26/06/2022 14:07,5
26/06/2022 14:03,5
26/06/2022 13:56,2
26/06/2022 13:50,1
26/06/2022 13:50,1
26/06/2022 13:34,4
26/06/2022 13:29,4
26/06/2022 13:27,1
26/06/2022 13:21,5
26/06/2022 13:16,3
26/06/2022 13:10,5
26/06/2022 13:09,5
26/06/2022 13:07,5
26/06/2022 13:07,4
26/06/2022 13:06,1
26/06/2022 13:04,5
26/06/2022 13:01,2
26/06/2022 13:01,5
26/06/2022 13:00,1
26/06/2022 12:41,4
26/06/2022 12:39,5
26/06/2022 12:34,5
26/06/2022 12:32,5
26/06/2022 12:30,4
26/06/2022 12:30,4
26/06/2022 12:30,2
26/06/2022 12:27,5
26/06/2022 12:22,2
26/06/2022 12:20,4
26/06/2022 12:14,5
26/06/2022 12:12,1
26/06/2022 12:10,1
26/06/2022 12:10,5
26/06/2022 12:08,1
26/06/2022 12:05,5
26/06/2022 11:57,5
26/06/2022 11:55,1
26/06/2022 11:54,5
26/06/2022 11:32,5
26/06/2022 11:29,4
26/06/2022 11:22,5
26/06/2022 11:22,1
26/06/2022 11:21,5
26/06/2022 11:10,1
26/06/2022 11:09,3
26/06/2022 11:08,1
26/06/2022 10:52,5
26/06/2022 10:50,3
26/06/2022 10:48,3
26/06/2022 10:45,5
26/06/2022 10:39,4
26/06/2022 10:38,5
26/06/2022 10:29,5
26/06/2022 10:29,5
26/06/2022 10:27,5
26/06/2022 10:24,2
26/06/2022 10:15,1
26/06/2022 10:13,2
26/06/2022 10:13,5
26/06/2022 10:11,5
26/06/2022 10:08,5
26/06/2022 10:07,4
26/06/2022 10:04,1
26/06/2022 10:02,4
26/06/2022 10:02,2
26/06/2022 09:55,5
26/06/2022 09:55,5
26/06/2022 09:45,5
26/06/2022 09:41,5
26/06/2022 09:41,5
26/06/2022 09:40,3
26/06/2022 09:34,1
26/06/2022 09:31,1
26/06/2022 09:25,2
26/06/2022 09:25,2
26/06/2022 09:23,1
26/06/2022 09:20,5
26/06/2022 09:18,1
26/06/2022 09:17,5
26/06/2022 09:12,3
26/06/2022 09:07,5
26/06/2022 09:05,5
26/06/2022 09:02,1
26/06/2022 08:58,1
26/06/2022 08:58,3
26/06/2022 08:49,5
26/06/2022 08:47,5
26/06/2022 08:44,3
26/06/2022 08:43,5
26/06/2022 08:43,1
26/06/2022 08:38,5
26/06/2022 08:35,5
26/06/2022 08:33,3
26/06/2022 08:31,5
26/06/2022 08:29,5
26/06/2022 08:23,5
26/06/2022 08:20,5
26/06/2022 08:06,5
26/06/2022 08:05,1
26/06/2022 08:01,4
26/06/2022 08:01,5
26/06/2022 08:00,4
26/06/2022 07:59,5
26/06/2022 07:58,5
26/06/2022 07:57,2
26/06/2022 07:52,4
26/06/2022 07:50,5
26/06/2022 07:40,5
26/06/2022 07:39,1
26/06/2022 07:38,3
26/06/2022 07:36,4
26/06/2022 07:35,5
26/06/2022 07:32,5
26/06/2022 07:25,5
26/06/2022 07:25,5
26/06/2022 07:20,5
26/06/2022 07:15,3
26/06/2022 07:03,5
26/06/2022 06:59,3
26/06/2022 06:59,1
26/06/2022 06:56,5
26/06/2022 06:55,5
26/06/2022 06:53,1
26/06/2022 06:52,1
26/06/2022 06:52,3
26/06/2022 06:46,3
26/06/2022 06:40,5
26/06/2022 06:35,5
26/06/2022 06:32,5
26/06/2022 06:30,4
26/06/2022 06:25,1
26/06/2022 06:20,5
26/06/2022 06:05,3
26/06/2022 06:05,5
26/06/2022 06:04,3
26/06/2022 05:54,3
26/06/2022 05:54,3
26/06/2022 05:49,2
26/06/2022 05:46,5
26/06/2022 05:34,5
26/06/2022 05:29,3
26/06/2022 05:28,4
26/06/2022 05:20,1
26/06/2022 05:16,2
26/06/2022 05:14,4
26/06/2022 05:08,5
26/06/2022 05:07,1
26/06/2022 05:06,5
26/06/2022 05:06,5
26/06/2022 05:04,5
26/06/2022 05:02,1
26/06/2022 05:00,2
26/06/2022 04:57,5
26/06/2022 04:54,1
26/06/2022 04:53,1
26/06/2022 04:50,5
26/06/2022 04:48,2
26/06/2022 04:46,1
26/06/2022 04:38,5
26/06/2022 04:34,4
26/06/2022 04:32,5
26/06/2022 04:31,2
26/06/2022 04:31,1
26/06/2022 04:28,4
26/06/2022 04:24,5
26/06/2022 04:22,1
26/06/2022 04:20,5
26/06/2022 04:19,2
26/06/2022 04:18,5
26/06/2022 04:12,1
26/06/2022 04:11,1
26/06/2022 04:04,4
26/06/2022 04:00,1
26/06/2022 03:58,5
26/06/2022 03:57,2
26/06/2022 03:55,5
26/06/2022 03:51,3
26/06/2022 03:50,1
26/06/2022 03:46,1
26/06/2022 03:26,3
26/06/2022 03:21,2
26/06/2022 03:15,3
26/06/2022 03:13,1
26/06/2022 03:13,1
26/06/2022 03:12,1
26/06/2022 03:05,5
26/06/2022 03:01,4
26/06/2022 02:57,5
26/06/2022 02:53,2
26/06/2022 02:52,1
26/06/2022 02:47,5
26/06/2022 02:46,5
26/06/2022 02:43,4
26/06/2022 02:37,2
26/06/2022 02:35,1
26/06/2022 02:32,1
26/06/2022 02:25,1
26/06/2022 02:20,5
26/06/2022 02:19,4
26/06/2022 02:16,5
26/06/2022 02:08,5
26/06/2022 02:05,1
26/06/2022 02:01,2
26/06/2022 02:00,2
26/06/2022 01:49,5
26/06/2022 01:49,5
26/06/2022 01:42,1
26/06/2022 01:37,3
26/06/2022 01:36,4
26/06/2022 01:32,1
26/06/2022 01:29,2
26/06/2022 01:27,5
26/06/2022 01:16,2
26/06/2022 01:11,1
26/06/2022 01:07,5
26/06/2022 00:57,1
26/06/2022 00:49,5
26/06/2022 00:49,4
26/06/2022 00:47,4
26/06/2022 00:39,3
26/06/2022 00:33,3
26/06/2022 00:31,5
26/06/2022 00:28,5
26/06/2022 00:27,2
26/06/2022 00:23,5
26/06/2022 00:17,5
26/06/2022 00:12,1
26/06/2022 00:11,4
26/06/2022 00:09,5
26/06/2022 00:06,5
26/06/2022 00:05,1
25/06/2022 23:50,2
25/06/2022 23:47,5
25/06/2022 23:43,1
25/06/2022 23:43,1
25/06/2022 23:40,5
25/06/2022 23:37,5
25/06/2022 23:33,4
25/06/2022 23:33,2
25/06/2022 23:32,5
25/06/2022 23:31,1
25/06/2022 23:30,1
25/06/2022 23:27,4
25/06/2022 23:27,1
25/06/2022 23:25,2
25/06/2022 23:22,5
25/06/2022 23:20,5
25/06/2022 23:18,5
25/06/2022 23:17,1
25/06/2022 23:15,5
25/06/2022 23:15,1
25/06/2022 23:11,1
25/06/2022 23:10,5
25/06/2022 23:05,5
25/06/2022 22:59,2
25/06/2022 22:57,4
25/06/2022 22:57,5
25/06/2022 22:55,2
25/06/2022 22:55,5
25/06/2022 22:53,5
25/06/2022 22:48,1
25/06/2022 22:47,4
25/06/2022 22:45,1
25/06/2022 22:42,4
25/06/2022 22:38,3
25/06/2022 22:31,1
25/06/2022 22:30,1
25/06/2022 22:29,1
25/06/2022 22:27,1
25/06/2022 22:27,5
25/06/2022 22:25,5
25/06/2022 22:21,5
25/06/2022 22:18,1
25/06/2022 22:18,5
25/06/2022 22:17,5
25/06/2022 22:11,1
25/06/2022 22:08,1
25/06/2022 22:05,5
25/06/2022 21:46,4
25/06/2022 21:41,5
25/06/2022 21:37,4
25/06/2022 21:35,1
25/06/2022 21:35,1
25/06/2022 21:19,4
25/06/2022 21:18,1
25/06/2022 21:15,2
25/06/2022 21:13,1
25/06/2022 20:56,5
25/06/2022 20:55,1
25/06/2022 20:49,5
25/06/2022 20:48,1
25/06/2022 20:48,5
25/06/2022 20:46,2
25/06/2022 20:41,5
25/06/2022 20:39,2
25/06/2022 20:32,5
25/06/2022 20:25,5
25/06/2022 20:10,2
25/06/2022 20:00,1
25/06/2022 19:55,3
25/06/2022 19:43,2
25/06/2022 19:41,2
25/06/2022 19:40,5
25/06/2022 19:33,4
25/06/2022 19:24,1
25/06/2022 19:19,5
25/06/2022 19:16,5
25/06/2022 19:15,5
25/06/2022 19:12,3
25/06/2022 19:03,5
25/06/2022 19:01,1
25/06/2022 18:55,5
25/06/2022 18:52,5
25/06/2022 18:49,1
25/06/2022 18:49,1
25/06/2022 18:48,5
25/06/2022 18:46,5
25/06/2022 18:37,5
25/06/2022 18:37,5
25/06/2022 18:33,1
25/06/2022 18:29,4
25/06/2022 18:25,5
25/06/2022 18:23,2
25/06/2022 18:22,2
25/06/2022 18:19,2
25/06/2022 18:16,5
25/06/2022 18:11,5
25/06/2022 18:11,5
25/06/2022 18:02,5
25/06/2022 17:53,5
25/06/2022 17:49,1
25/06/2022 17:49,5
25/06/2022 17:48,2
25/06/2022 17:35,5
25/06/2022 17:33,2
25/06/2022 17:32,3
25/06/2022 17:30,4
25/06/2022 17:29,5
25/06/2022 17:21,5
25/06/2022 17:21,5
25/06/2022 17:15,5
25/06/2022 17:15,5
25/06/2022 17:09,1
25/06/2022 17:07,5
25/06/2022 17:06,5
25/06/2022 17:01,3
25/06/2022 17:00,1
25/06/2022 16:44,5
25/06/2022 16:40,2
25/06/2022 16:40,1
25/06/2022 16:36,3
25/06/2022 16:31,1
25/06/2022 16:23,2
25/06/2022 16:21,5
25/06/2022 16:18,1
25/06/2022 16:18,5
25/06/2022 16:17,5
25/06/2022 16:15,2
25/06/2022 16:15,1
25/06/2022 16:14,1
25/06/2022 16:13,1
25/06/2022 16:12,3
25/06/2022 16:12,1
25/06/2022 16:12,5
25/06/2022 16:06,5
25/06/2022 16:01,1
25/06/2022 16:00,5
25/06/2022 15:53,5
25/06/2022 15:46,5
25/06/2022 15:44,5
25/06/2022 15:43,5
25/06/2022 15:42,5
25/06/2022 15:37,5
25/06/2022 15:36,5
25/06/2022 15:33,5
25/06/2022 15:32,5
25/06/2022 15:23,5
25/06/2022 15:22,2
25/06/2022 15:18,2
25/06/2022 15:13,5
25/06/2022 15:13,5
25/06/2022 15:11,5
25/06/2022 15:07,1
25/06/2022 15:07,4
25/06/2022 15:05,5
25/06/2022 14:56,5
25/06/2022 14:56,1
25/06/2022 14:50,4
25/06/2022 14:48,1
25/06/2022 14:45,4
25/06/2022 14:44,5
25/06/2022 14:39,4
25/06/2022 14:39,1
25/06/2022 14:36,1
25/06/2022 14:34,5
25/06/2022 14:32,5
25/06/2022 14:32,4
25/06/2022 14:18,5
25/06/2022 14:16,3
25/06/2022 14:15,5
25/06/2022 14:14,5
25/06/2022 14:06,5
25/06/2022 13:59,1
25/06/2022 13:58,4
25/06/2022 13:47,5
25/06/2022 13:47,5
25/06/2022 13:46,5
25/06/2022 13:42,5
25/06/2022 13:41,2
25/06/2022 13:36,5
25/06/2022 13:34,1
25/06/2022 13:28,3
25/06/2022 13:25,4
25/06/2022 13:22,1
25/06/2022 13:22,5
25/06/2022 13:20,5
25/06/2022 13:18,5
25/06/2022 13:18,5
25/06/2022 13:10,5
25/06/2022 13:05,4
25/06/2022 13:01,2
25/06/2022 12:59,2
25/06/2022 12:58,5
25/06/2022 12:58,4
25/06/2022 12:57,1
25/06/2022 12:57,1
25/06/2022 12:51,1
25/06/2022 12:47,1
25/06/2022 12:43,4
25/06/2022 12:42,4
25/06/2022 12:33,1
25/06/2022 12:24,1
25/06/2022 12:22,4
25/06/2022 12:22,1
25/06/2022 12:19,1
25/06/2022 12:16,5
25/06/2022 12:13,1
25/06/2022 12:11,2
25/06/2022 12:06,1
25/06/2022 12:05,2
25/06/2022 11:59,4
25/06/2022 11:59,4
25/06/2022 11:58,5
25/06/2022 11:55,5
25/06/2022 11:52,5
25/06/2022 11:47,3
25/06/2022 11:39,5
25/06/2022 11:33,5
25/06/2022 11:32,5
25/06/2022 11:28,1
25/06/2022 11:24,5
25/06/2022 11:23,4
25/06/2022 11:17,5
25/06/2022 11:17,5
25/06/2022 11:14,5
25/06/2022 11:13,4
25/06/2022 11:11,5
25/06/2022 11:09,2
25/06/2022 11:04,5
25/06/2022 11:03,5
25/06/2022 10:56,5
25/06/2022 10:53,1
25/06/2022 10:52,5
25/06/2022 10:51,5
25/06/2022 10:41,3
25/06/2022 10:39,2
25/06/2022 10:38,5
25/06/2022 10:34,5
25/06/2022 10:26,5
25/06/2022 10:22,4
25/06/2022 10:19,4
25/06/2022 10:03,5
25/06/2022 10:02,5
25/06/2022 10:01,5
25/06/2022 10:01,3
25/06/2022 09:55,3
25/06/2022 09:55,1
25/06/2022 09:52,3
25/06/2022 09:48,4
25/06/2022 09:38,1
25/06/2022 09:29,1
25/06/2022 09:22,5
25/06/2022 09:21,3
25/06/2022 09:18,2
25/06/2022 09:17,5
25/06/2022 09:14,2
25/06/2022 09:14,4
25/06/2022 09:10,4
25/06/2022 09:09,3
25/06/2022 09:08,4
25/06/2022 09:08,1
25/06/2022 09:05,5
25/06/2022 09:04,5
25/06/2022 09:00,4
25/06/2022 09:00,5
25/06/2022 08:57,5
25/06/2022 08:57,1
25/06/2022 08:56,3
25/06/2022 08:48,4
25/06/2022 08:47,1
25/06/2022 08:40,3
25/06/2022 08:38,5
25/06/2022 08:33,2
25/06/2022 08:21,5
25/06/2022 08:19,1
25/06/2022 08:18,5
25/06/2022 08:14,1
25/06/2022 08:10,1
25/06/2022 08:09,1
25/06/2022 08:08,1
25/06/2022 08:07,4
25/06/2022 08:06,4
25/06/2022 08:03,5
25/06/2022 08:02,1
25/06/2022 08:01,5
25/06/2022 07:59,3
25/06/2022 07:44,4
25/06/2022 07:41,1
25/06/2022 07:40,3
25/06/2022 07:37,3
25/06/2022 07:32,5
25/06/2022 07:27,4
25/06/2022 07:27,5
25/06/2022 07:27,5
25/06/2022 07:19,4
25/06/2022 07:18,5
25/06/2022 07:15,2
25/06/2022 07:06,5
25/06/2022 07:06,5
25/06/2022 07:03,5
25/06/2022 06:57,1
25/06/2022 06:55,1
25/06/2022 06:52,4
25/06/2022 06:52,4
25/06/2022 06:52,1
25/06/2022 06:48,5
25/06/2022 06:45,1
25/06/2022 06:44,5
25/06/2022 06:44,5
25/06/2022 06:40,4
25/06/2022 06:35,3
25/06/2022 06:33,1
25/06/2022 06:31,5
25/06/2022 06:27,1
25/06/2022 06:00,5
25/06/2022 05:59,1
25/06/2022 05:58,3
25/06/2022 05:58,1
25/06/2022 05:56,4
25/06/2022 05:52,3
25/06/2022 05:50,3
25/06/2022 05:43,1
25/06/2022 05:39,1
25/06/2022 05:36,4
25/06/2022 05:35,1
25/06/2022 05:35,4
25/06/2022 05:24,5
25/06/2022 05:20,4
25/06/2022 05:15,1
25/06/2022 05:13,5
25/06/2022 05:12,5
25/06/2022 05:11,5
25/06/2022 05:11,5
25/06/2022 05:09,1
25/06/2022 05:08,5
25/06/2022 05:03,1
25/06/2022 04:59,2
25/06/2022 04:59,5
25/06/2022 04:52,1
25/06/2022 04:45,4
25/06/2022 04:39,5
25/06/2022 04:27,1
25/06/2022 04:26,5
25/06/2022 04:24,5
25/06/2022 04:22,5
25/06/2022 04:21,5
25/06/2022 04:19,5
25/06/2022 04:19,2
25/06/2022 04:15,4
25/06/2022 04:13,3
25/06/2022 04:12,2
25/06/2022 04:02,5
25/06/2022 03:57,1
25/06/2022 03:54,1
25/06/2022 03:49,5
25/06/2022 03:48,3
25/06/2022 03:44,3
25/06/2022 03:37,1
25/06/2022 03:33,1
25/06/2022 03:30,4
25/06/2022 03:29,1
25/06/2022 03:24,5
25/06/2022 03:21,3
25/06/2022 03:18,2
25/06/2022 03:17,5
25/06/2022 03:17,1
25/06/2022 03:14,2
25/06/2022 03:13,4
25/06/2022 03:10,1
25/06/2022 03:03,1
25/06/2022 03:03,1
25/06/2022 02:55,2
25/06/2022 02:53,1
25/06/2022 02:52,5
25/06/2022 02:51,1
25/06/2022 02:46,3
25/06/2022 02:41,1
25/06/2022 02:27,5
25/06/2022 02:27,1
25/06/2022 02:15,1
25/06/2022 02:15,5
25/06/2022 02:10,5
25/06/2022 02:08,1
25/06/2022 02:00,5
25/06/2022 01:55,2
25/06/2022 01:49,5
25/06/2022 01:46,2
25/06/2022 01:44,5
25/06/2022 01:37,1
25/06/2022 01:26,4
25/06/2022 01:22,1
25/06/2022 01:15,3
25/06/2022 01:14,1
25/06/2022 01:13,5
25/06/2022 01:06,2
25/06/2022 01:04,2
25/06/2022 01:03,4
25/06/2022 01:01,5
25/06/2022 00:50,5
25/06/2022 00:43,5
25/06/2022 00:43,5
25/06/2022 00:41,1
25/06/2022 00:39,1
25/06/2022 00:37,5
25/06/2022 00:35,1
25/06/2022 00:33,1
25/06/2022 00:28,5
25/06/2022 00:28,5
25/06/2022 00:28,5
25/06/2022 00:27,3
25/06/2022 00:14,5
25/06/2022 00:11,1
25/06/2022 00:09,3
25/06/2022 00:06,3
24/06/2022 23:59,5
24/06/2022 23:53,5
24/06/2022 23:46,5
24/06/2022 23:42,1
24/06/2022 23:40,3
24/06/2022 23:37,2
24/06/2022 23:37,3
24/06/2022 23:35,1
24/06/2022 23:34,1
24/06/2022 23:21,1
24/06/2022 23:18,1
24/06/2022 23:09,5
24/06/2022 23:06,1
24/06/2022 23:01,5
24/06/2022 23:01,5
24/06/2022 23:00,4
24/06/2022 22:58,4
24/06/2022 22:52,3
24/06/2022 22:51,3
24/06/2022 22:47,5
24/06/2022 22:47,5
24/06/2022 22:44,4
24/06/2022 22:37,2
24/06/2022 22:33,5
24/06/2022 22:33,1
24/06/2022 22:12,5
24/06/2022 22:04,5
24/06/2022 22:01,5
24/06/2022 21:47,5
24/06/2022 21:45,5
24/06/2022 21:43,5
24/06/2022 21:40,1
24/06/2022 21:37,1
24/06/2022 21:28,1
24/06/2022 21:26,5
24/06/2022 21:24,5
24/06/2022 21:23,5
24/06/2022 21:19,3
24/06/2022 21:11,1
24/06/2022 21:09,5
24/06/2022 21:06,1
24/06/2022 21:05,3
24/06/2022 21:03,3
24/06/2022 21:01,2
24/06/2022 21:00,3
24/06/2022 20:51,1
24/06/2022 20:46,1
24/06/2022 20:32,5
24/06/2022 20:31,1
24/06/2022 20:29,4
24/06/2022 20:28,2
24/06/2022 20:26,1
24/06/2022 20:25,5
24/06/2022 20:22,2
24/06/2022 20:21,5
24/06/2022 20:18,1
24/06/2022 20:18,5
24/06/2022 20:13,5
24/06/2022 20:11,5
24/06/2022 20:03,5
24/06/2022 20:01,5
24/06/2022 19:57,5
24/06/2022 19:57,1
24/06/2022 19:52,3
24/06/2022 19:52,5
24/06/2022 19:45,5
24/06/2022 19:40,1
24/06/2022 19:35,5
24/06/2022 19:34,1
24/06/2022 19:32,5
24/06/2022 19:31,5
24/06/2022 19:25,2
24/06/2022 19:25,2
24/06/2022 19:25,5
24/06/2022 19:23,3
24/06/2022 19:17,1
24/06/2022 19:00,1
24/06/2022 18:43,5
24/06/2022 18:42,5
24/06/2022 18:35,1
24/06/2022 18:34,5
24/06/2022 18:29,5
24/06/2022 18:29,5
24/06/2022 18:28,4
24/06/2022 18:26,1
24/06/2022 18:24,5
24/06/2022 18:23,1
24/06/2022 18:22,3
24/06/2022 18:22,3
24/06/2022 18:20,5
24/06/2022 18:18,5
24/06/2022 18:14,4
24/06/2022 18:13,5
24/06/2022 18:09,1
24/06/2022 18:08,4
24/06/2022 18:06,5
24/06/2022 18:06,5
24/06/2022 18:05,1
24/06/2022 18:03,5
24/06/2022 18:01,5
24/06/2022 17:57,5
24/06/2022 17:54,5
24/06/2022 17:52,5
24/06/2022 17:50,1
24/06/2022 17:50,1
24/06/2022 17:50,5
24/06/2022 17:48,5
24/06/2022 17:47,1
24/06/2022 17:39,1
24/06/2022 17:39,5
24/06/2022 17:38,4
24/06/2022 17:36,3
24/06/2022 17:32,3
24/06/2022 17:29,5
24/06/2022 17:28,3
24/06/2022 17:28,3
24/06/2022 17:27,1
24/06/2022 17:27,1
24/06/2022 17:18,4
24/06/2022 17:17,1
24/06/2022 17:15,3
24/06/2022 17:14,3
24/06/2022 17:13,5
24/06/2022 17:13,5
24/06/2022 17:11,5
24/06/2022 17:10,1
24/06/2022 17:10,3
24/06/2022 17:10,3
24/06/2022 17:06,5
24/06/2022 17:04,3
24/06/2022 17:02,5
24/06/2022 17:00,5
24/06/2022 16:59,5
24/06/2022 16:57,1
24/06/2022 16:56,5
24/06/2022 16:53,5
24/06/2022 16:49,5
24/06/2022 16:48,5
24/06/2022 16:44,1
24/06/2022 16:36,3
24/06/2022 16:31,5
24/06/2022 16:29,4
24/06/2022 16:25,4
24/06/2022 16:21,5
24/06/2022 16:19,4
24/06/2022 16:14,3
24/06/2022 16:08,5
24/06/2022 16:04,1
24/06/2022 15:58,1
24/06/2022 15:51,1
24/06/2022 15:51,4
24/06/2022 15:49,1
24/06/2022 15:44,3
24/06/2022 15:44,4
24/06/2022 15:43,4
24/06/2022 15:42,3
24/06/2022 15:42,5
24/06/2022 15:40,5
24/06/2022 15:39,2
24/06/2022 15:36,5
24/06/2022 15:33,1
24/06/2022 15:30,5
24/06/2022 15:29,5
24/06/2022 15:26,1
24/06/2022 15:26,1
24/06/2022 15:25,4
24/06/2022 15:25,1
24/06/2022 15:23,5
24/06/2022 15:23,1
24/06/2022 15:20,1
24/06/2022 15:19,1
24/06/2022 15:18,1
24/06/2022 15:18,5
24/06/2022 15:18,1
24/06/2022 15:16,1
24/06/2022 15:11,2
24/06/2022 15:08,1
24/06/2022 15:08,5
24/06/2022 15:07,1
24/06/2022 15:05,1
24/06/2022 15:04,5
24/06/2022 15:04,5
24/06/2022 15:02,5
24/06/2022 15:01,4
24/06/2022 14:59,4
24/06/2022 14:56,5
24/06/2022 14:54,1
24/06/2022 14:49,3
24/06/2022 14:48,4
24/06/2022 14:46,5
24/06/2022 14:46,1
24/06/2022 14:42,5
24/06/2022 14:42,4
24/06/2022 14:42,1
24/06/2022 14:22,4
24/06/2022 14:20,4
24/06/2022 14:19,3
24/06/2022 14:18,5
24/06/2022 14:17,1
24/06/2022 14:15,1
24/06/2022 14:12,5
24/06/2022 14:08,5
24/06/2022 14:03,5
24/06/2022 14:01,4
24/06/2022 14:01,5
24/06/2022 13:57,5
24/06/2022 13:56,1
24/06/2022 13:54,4
24/06/2022 13:45,1
24/06/2022 13:45,5
24/06/2022 13:44,2
24/06/2022 13:43,1
24/06/2022 13:43,1
24/06/2022 13:40,4
24/06/2022 13:39,5
24/06/2022 13:35,5
24/06/2022 13:28,1
24/06/2022 13:27,5
24/06/2022 13:23,2
24/06/2022 13:21,3
24/06/2022 13:19,3
24/06/2022 13:10,5
24/06/2022 13:09,5
24/06/2022 13:09,4
24/06/2022 13:06,4
24/06/2022 13:06,1
24/06/2022 13:00,1
24/06/2022 12:58,5
24/06/2022 12:53,4
24/06/2022 12:53,1
24/06/2022 12:52,5
24/06/2022 12:50,3
24/06/2022 12:49,5
24/06/2022 12:47,1
24/06/2022 12:45,4
24/06/2022 12:39,5
24/06/2022 12:39,5
24/06/2022 12:38,1
24/06/2022 12:38,4
24/06/2022 12:37,5
24/06/2022 12:34,5
24/06/2022 12:28,4
24/06/2022 12:28,4
24/06/2022 12:25,5
24/06/2022 12:17,1
24/06/2022 12:12,4
24/06/2022 12:10,2
24/06/2022 12:03,5
24/06/2022 11:53,5
24/06/2022 11:51,5
24/06/2022 11:50,1
24/06/2022 11:48,5
24/06/2022 11:45,1
24/06/2022 11:41,5
24/06/2022 11:37,5
24/06/2022 11:35,5
24/06/2022 11:33,1
24/06/2022 11:32,4
24/06/2022 11:32,5
24/06/2022 11:25,2
24/06/2022 11:21,1
24/06/2022 11:20,2
24/06/2022 11:20,1
24/06/2022 11:19,5
24/06/2022 11:18,1
24/06/2022 11:17,4
24/06/2022 11:14,1
24/06/2022 11:14,3
24/06/2022 11:14,5
24/06/2022 11:13,5
24/06/2022 11:10,5
24/06/2022 11:09,5
24/06/2022 11:04,3
24/06/2022 11:03,1
24/06/2022 10:59,3
24/06/2022 10:57,5
24/06/2022 10:55,5
24/06/2022 10:54,1
24/06/2022 10:52,5
24/06/2022 10:40,1
24/06/2022 10:38,5
24/06/2022 10:37,1
24/06/2022 10:31,2
24/06/2022 10:26,5
24/06/2022 10:24,1
24/06/2022 10:22,5
24/06/2022 10:19,1
24/06/2022 10:19,1
24/06/2022 10:14,5
24/06/2022 10:13,4
24/06/2022 10:10,5
24/06/2022 10:05,5
24/06/2022 10:04,1
24/06/2022 10:03,4
24/06/2022 10:03,1
24/06/2022 09:56,4
24/06/2022 09:55,5
24/06/2022 09:53,4
24/06/2022 09:40,3
24/06/2022 09:39,5
24/06/2022 09:34,2
24/06/2022 09:23,1
24/06/2022 09:21,1
24/06/2022 09:20,3
24/06/2022 09:07,5
24/06/2022 09:03,1
24/06/2022 09:02,5
24/06/2022 08:58,4
24/06/2022 08:52,1
24/06/2022 08:51,3
24/06/2022 08:47,5
24/06/2022 08:40,5
24/06/2022 08:39,5
24/06/2022 08:37,5
24/06/2022 08:34,5
24/06/2022 08:21,3
24/06/2022 08:17,1
24/06/2022 08:17,4
24/06/2022 08:15,1
24/06/2022 08:12,1
24/06/2022 08:10,1
24/06/2022 08:08,3
24/06/2022 08:05,5
24/06/2022 08:04,1
24/06/2022 08:03,4
24/06/2022 07:59,4
24/06/2022 07:57,2
24/06/2022 07:51,5
24/06/2022 07:51,5
24/06/2022 07:50,5
24/06/2022 07:47,1
24/06/2022 07:45,4
24/06/2022 07:39,4
24/06/2022 07:35,5
24/06/2022 07:29,2
24/06/2022 07:24,4
24/06/2022 07:22,3
24/06/2022 07:21,2
24/06/2022 07:20,3
24/06/2022 07:19,1
24/06/2022 07:18,5
24/06/2022 07:15,5
24/06/2022 07:11,1
24/06/2022 07:10,3
24/06/2022 07:09,5
24/06/2022 07:07,2
24/06/2022 07:05,5
24/06/2022 07:04,1
24/06/2022 07:03,1
24/06/2022 06:59,4
24/06/2022 06:54,5
24/06/2022 06:52,5
24/06/2022 06:50,5
24/06/2022 06:43,5
24/06/2022 06:43,1
24/06/2022 06:36,5
24/06/2022 06:36,2
24/06/2022 06:24,2
24/06/2022 06:22,1
24/06/2022 06:17,1
24/06/2022 06:15,2
24/06/2022 06:12,5
24/06/2022 06:08,4
24/06/2022 06:01,3
24/06/2022 05:53,4
24/06/2022 05:44,1
24/06/2022 05:40,1
24/06/2022 05:40,5
24/06/2022 05:33,2
24/06/2022 05:30,5
24/06/2022 05:29,1
24/06/2022 05:28,4
24/06/2022 05:25,5
24/06/2022 05:19,5
24/06/2022 05:18,2
24/06/2022 05:17,5
24/06/2022 05:09,5
24/06/2022 05:08,2
24/06/2022 05:04,4
24/06/2022 05:03,1
24/06/2022 05:02,5
24/06/2022 04:59,5
24/06/2022 04:53,1
24/06/2022 04:51,1
24/06/2022 04:50,5
24/06/2022 04:42,5
24/06/2022 04:40,2
24/06/2022 04:37,5
24/06/2022 04:30,5
24/06/2022 04:27,1
24/06/2022 04:26,3
24/06/2022 04:21,1
24/06/2022 04:14,5
24/06/2022 04:14,4
24/06/2022 04:03,5
24/06/2022 03:59,4
24/06/2022 03:59,5
24/06/2022 03:53,5
24/06/2022 03:49,1
24/06/2022 03:44,5
24/06/2022 03:33,5
24/06/2022 03:31,2
24/06/2022 03:28,1
24/06/2022 03:18,5
24/06/2022 03:15,3
24/06/2022 03:06,5
24/06/2022 02:57,5
24/06/2022 02:54,3
24/06/2022 02:54,2
24/06/2022 02:43,1
24/06/2022 02:28,1
24/06/2022 02:25,4
24/06/2022 02:22,4
24/06/2022 02:21,4
24/06/2022 02:16,5
24/06/2022 02:13,2
24/06/2022 02:10,5
24/06/2022 02:08,5
24/06/2022 02:05,2
24/06/2022 02:03,5
24/06/2022 02:01,5
24/06/2022 01:59,5
24/06/2022 01:57,3
24/06/2022 01:52,1
24/06/2022 01:48,5
24/06/2022 01:47,1
24/06/2022 01:46,1
24/06/2022 01:41,3
24/06/2022 01:41,1
24/06/2022 01:40,1
24/06/2022 01:36,2
24/06/2022 01:32,2
24/06/2022 01:30,4
24/06/2022 01:29,3
24/06/2022 01:22,2
24/06/2022 01:21,5
24/06/2022 01:18,5
24/06/2022 01:18,1
24/06/2022 01:11,1
24/06/2022 01:10,1
24/06/2022 01:08,1
24/06/2022 01:08,2
24/06/2022 00:59,5
24/06/2022 00:46,1
24/06/2022 00:43,5
24/06/2022 00:42,5
24/06/2022 00:41,5
24/06/2022 00:35,2
24/06/2022 00:24,5
24/06/2022 00:14,5
24/06/2022 00:12,5
24/06/2022 00:12,5
24/06/2022 00:11,2
24/06/2022 00:03,5
24/06/2022 00:03,4
24/06/2022 00:01,1
24/06/2022 00:00,3
23/06/2022 23:58,2
23/06/2022 23:44,1
23/06/2022 23:43,1
23/06/2022 23:38,2
23/06/2022 23:34,5
23/06/2022 23:25,4
23/06/2022 23:24,5
23/06/2022 23:23,5
23/06/2022 23:22,5
23/06/2022 23:18,1
23/06/2022 23:11,1
23/06/2022 23:10,5
23/06/2022 23:08,1
23/06/2022 23:05,4
23/06/2022 23:03,3
23/06/2022 23:02,3
23/06/2022 22:58,5
23/06/2022 22:51,5
23/06/2022 22:49,5
23/06/2022 22:46,5
23/06/2022 22:45,3
23/06/2022 22:44,4
23/06/2022 22:42,4
23/06/2022 22:36,4
23/06/2022 22:35,3
23/06/2022 22:34,5
23/06/2022 22:34,4
23/06/2022 22:31,1
23/06/2022 22:25,4
23/06/2022 22:25,5
23/06/2022 22:18,5
23/06/2022 22:18,1
23/06/2022 22:13,4
23/06/2022 22:02,4
23/06/2022 21:56,5
23/06/2022 21:53,3
23/06/2022 21:49,5
23/06/2022 21:17,5
23/06/2022 21:13,1
23/06/2022 21:12,1
23/06/2022 20:51,4
23/06/2022 20:48,1
23/06/2022 20:39,5
23/06/2022 20:37,1
23/06/2022 20:32,2
23/06/2022 20:27,5
23/06/2022 20:23,5
23/06/2022 20:22,1
23/06/2022 20:16,5
23/06/2022 20:14,1
23/06/2022 20:04,5
23/06/2022 20:03,1
23/06/2022 20:03,1
23/06/2022 20:02,1
23/06/2022 20:01,3
23/06/2022 19:58,4
23/06/2022 19:53,5
23/06/2022 19:44,3
23/06/2022 19:32,5
23/06/2022 19:28,5
23/06/2022 19:27,3
23/06/2022 19:27,5
23/06/2022 19:24,3
23/06/2022 19:20,4
23/06/2022 19:20,5
23/06/2022 19:20,1
23/06/2022 19:17,5
23/06/2022 19:17,5
23/06/2022 19:16,1
23/06/2022 19:14,1
23/06/2022 19:13,2
23/06/2022 19:12,3
23/06/2022 19:12,5
23/06/2022 19:09,5
23/06/2022 19:04,1
23/06/2022 18:59,5
23/06/2022 18:53,5
23/06/2022 18:50,5
23/06/2022 18:45,5
23/06/2022 18:40,4
23/06/2022 18:38,1
23/06/2022 18:35,1
23/06/2022 18:33,2
23/06/2022 18:32,5
23/06/2022 18:18,4
23/06/2022 18:17,5
23/06/2022 18:15,5
23/06/2022 18:12,5
23/06/2022 18:12,3
23/06/2022 18:12,1
23/06/2022 18:10,4
23/06/2022 18:09,3
23/06/2022 18:09,4
23/06/2022 18:07,5
23/06/2022 18:00,5
23/06/2022 18:00,4
23/06/2022 18:00,1
23/06/2022 17:57,5
23/06/2022 17:51,3
23/06/2022 17:35,5
23/06/2022 17:35,1
23/06/2022 17:34,5
23/06/2022 17:32,2
23/06/2022 17:31,5
23/06/2022 17:30,5
23/06/2022 17:28,4
23/06/2022 17:24,2
23/06/2022 17:24,5
23/06/2022 17:18,5
23/06/2022 17:14,4
23/06/2022 17:11,5
23/06/2022 17:10,3
23/06/2022 17:09,3
23/06/2022 17:06,1
23/06/2022 17:06,5
23/06/2022 17:06,1
23/06/2022 16:57,2
23/06/2022 16:56,1
23/06/2022 16:48,5
23/06/2022 16:47,5
23/06/2022 16:42,4
23/06/2022 16:37,1
23/06/2022 16:35,3
23/06/2022 16:35,5
23/06/2022 16:35,1
23/06/2022 16:34,2
23/06/2022 16:30,5
23/06/2022 16:30,5
23/06/2022 16:29,3
23/06/2022 16:26,5
23/06/2022 16:23,5
23/06/2022 16:23,5
23/06/2022 16:21,4
23/06/2022 16:18,5
23/06/2022 16:11,2
23/06/2022 16:02,5
23/06/2022 16:02,3
23/06/2022 15:58,5
23/06/2022 15:56,1
23/06/2022 15:54,5
23/06/2022 15:53,3
23/06/2022 15:49,5
23/06/2022 15:48,1
23/06/2022 15:48,5
23/06/2022 15:47,5
23/06/2022 15:47,1
23/06/2022 15:45,5
23/06/2022 15:38,5
23/06/2022 15:37,4
23/06/2022 15:36,5
23/06/2022 15:36,2
23/06/2022 15:33,5
23/06/2022 15:31,5
23/06/2022 15:28,5
23/06/2022 15:27,5
23/06/2022 15:27,1
23/06/2022 15:25,5
23/06/2022 15:24,1
23/06/2022 15:22,5
23/06/2022 15:21,4
23/06/2022 15:11,5
23/06/2022 15:11,4
23/06/2022 15:09,4
23/06/2022 15:08,5
23/06/2022 15:06,4
23/06/2022 14:58,5
23/06/2022 14:55,1
23/06/2022 14:53,2
23/06/2022 14:53,5
23/06/2022 14:52,5
23/06/2022 14:51,3
23/06/2022 14:50,2
23/06/2022 14:45,2
23/06/2022 14:44,5
23/06/2022 14:40,5
23/06/2022 14:39,5
23/06/2022 14:31,2
23/06/2022 14:31,5
23/06/2022 14:30,5
23/06/2022 14:28,1
23/06/2022 14:26,2
23/06/2022 14:19,5
23/06/2022 14:16,4
23/06/2022 14:16,1
23/06/2022 14:16,4
23/06/2022 14:13,1
23/06/2022 14:08,3
23/06/2022 14:07,1
23/06/2022 14:04,5
23/06/2022 14:03,1
23/06/2022 14:01,5
23/06/2022 13:59,5
23/06/2022 13:55,5
23/06/2022 13:49,5
23/06/2022 13:47,5
23/06/2022 13:46,4
23/06/2022 13:42,1
23/06/2022 13:36,5
23/06/2022 13:35,1
23/06/2022 13:35,4
23/06/2022 13:33,4
23/06/2022 13:29,5
23/06/2022 13:28,2
23/06/2022 13:27,1
23/06/2022 13:26,5
23/06/2022 13:23,5
23/06/2022 13:23,2
23/06/2022 13:22,4
23/06/2022 13:12,2
23/06/2022 13:11,5
23/06/2022 13:10,5
23/06/2022 13:10,5
23/06/2022 13:07,1
23/06/2022 13:04,3
23/06/2022 13:03,4
23/06/2022 13:02,1
23/06/2022 13:01,1
23/06/2022 13:01,5
23/06/2022 12:57,5
23/06/2022 12:55,2
23/06/2022 12:52,1
23/06/2022 12:51,1
23/06/2022 12:50,1
23/06/2022 12:47,3
23/06/2022 12:44,5
23/06/2022 12:44,5
23/06/2022 12:43,4
23/06/2022 12:42,2
23/06/2022 12:39,5
23/06/2022 12:24,4
23/06/2022 12:16,3
23/06/2022 12:15,5
23/06/2022 12:00,4
23/06/2022 11:58,5
23/06/2022 11:55,1
23/06/2022 11:55,5
23/06/2022 11:55,4
23/06/2022 11:54,3
23/06/2022 11:53,4
23/06/2022 11:52,4
23/06/2022 11:51,4
23/06/2022 11:44,1
23/06/2022 11:44,5
23/06/2022 11:39,5
23/06/2022 11:39,5
23/06/2022 11:31,2
23/06/2022 11:28,4
23/06/2022 11:23,5
23/06/2022 11:21,2
23/06/2022 11:18,4
23/06/2022 11:18,5
23/06/2022 11:15,5
23/06/2022 11:15,1
23/06/2022 11:14,5
23/06/2022 11:13,2
23/06/2022 11:10,4
23/06/2022 11:06,5
23/06/2022 11:00,2
23/06/2022 10:59,5
23/06/2022 10:55,1
23/06/2022 10:49,1
23/06/2022 10:48,2
23/06/2022 10:48,5
23/06/2022 10:47,5
23/06/2022 10:42,4
23/06/2022 10:39,5
23/06/2022 10:37,1
23/06/2022 10:34,1
23/06/2022 10:32,1
23/06/2022 10:29,5
23/06/2022 10:28,4
23/06/2022 10:27,3
23/06/2022 10:24,4
23/06/2022 10:18,1
23/06/2022 10:14,5
23/06/2022 10:14,5
23/06/2022 10:13,2
23/06/2022 10:13,5
23/06/2022 10:07,1
23/06/2022 10:06,2
23/06/2022 10:04,1
23/06/2022 09:59,1
23/06/2022 09:57,2
23/06/2022 09:55,4
23/06/2022 09:52,1
23/06/2022 09:47,5
23/06/2022 09:41,5
23/06/2022 09:39,5
23/06/2022 09:37,5
23/06/2022 09:37,1
23/06/2022 09:33,5
23/06/2022 09:29,5
23/06/2022 09:27,5
23/06/2022 09:18,3
23/06/2022 09:06,4
23/06/2022 09:02,5
23/06/2022 08:59,5
23/06/2022 08:58,5
23/06/2022 08:58,1
23/06/2022 08:57,2
23/06/2022 08:56,2
23/06/2022 08:56,5
23/06/2022 08:31,1
23/06/2022 07:54,4
23/06/2022 07:53,5
23/06/2022 07:48,3
23/06/2022 07:42,5
23/06/2022 07:40,5
23/06/2022 07:39,1
23/06/2022 07:37,4
23/06/2022 07:36,5
23/06/2022 07:35,3
23/06/2022 07:34,4
23/06/2022 07:31,5
23/06/2022 07:27,5
23/06/2022 07:26,5
23/06/2022 07:25,4
23/06/2022 07:16,2
23/06/2022 07:15,1
23/06/2022 07:15,1
23/06/2022 07:07,1
23/06/2022 07:05,1
23/06/2022 06:51,1
23/06/2022 06:49,2
23/06/2022 06:49,3
23/06/2022 06:47,2
23/06/2022 06:46,5
23/06/2022 06:36,1
23/06/2022 06:34,4
23/06/2022 06:30,1
23/06/2022 06:28,3
23/06/2022 06:28,5
23/06/2022 06:27,5
23/06/2022 06:20,4
23/06/2022 06:17,5
23/06/2022 06:12,4
23/06/2022 06:10,1
23/06/2022 06:06,1
23/06/2022 06:05,4
23/06/2022 06:05,4
23/06/2022 05:58,5
23/06/2022 05:57,4
23/06/2022 05:54,2
23/06/2022 05:53,4
23/06/2022 05:46,5
23/06/2022 05:46,5
23/06/2022 05:40,5
23/06/2022 05:36,5
23/06/2022 05:34,5
23/06/2022 05:30,3
23/06/2022 05:18,5
23/06/2022 05:14,5
23/06/2022 05:12,5
23/06/2022 05:10,3
23/06/2022 05:05,1
23/06/2022 04:55,2
23/06/2022 04:37,5
23/06/2022 04:35,1
23/06/2022 04:32,1
23/06/2022 04:32,5
23/06/2022 04:32,2
23/06/2022 04:31,5
23/06/2022 04:29,5
23/06/2022 04:26,4
23/06/2022 04:24,1
23/06/2022 04:22,5
23/06/2022 04:19,2
23/06/2022 04:16,2
23/06/2022 04:11,3
23/06/2022 04:04,4
23/06/2022 04:03,5
23/06/2022 03:57,1
23/06/2022 03:57,5
23/06/2022 03:55,5
23/06/2022 03:54,5
23/06/2022 03:50,1
23/06/2022 03:41,5
23/06/2022 03:39,5
23/06/2022 03:39,4
23/06/2022 03:32,5
23/06/2022 03:27,1
23/06/2022 03:19,3
23/06/2022 03:11,5
23/06/2022 03:11,1
23/06/2022 03:05,1
23/06/2022 03:05,1
23/06/2022 02:58,4
23/06/2022 02:56,2
23/06/2022 02:54,5
23/06/2022 02:53,5
23/06/2022 02:52,4
23/06/2022 02:46,3
23/06/2022 02:46,5
23/06/2022 02:41,3
23/06/2022 02:39,1
23/06/2022 02:35,5
23/06/2022 02:35,2
23/06/2022 02:29,5
23/06/2022 02:28,5
23/06/2022 02:28,5
23/06/2022 02:22,1
23/06/2022 02:21,5
23/06/2022 02:18,2
23/06/2022 02:16,4
23/06/2022 02:08,4
23/06/2022 02:00,5
23/06/2022 01:57,5
23/06/2022 01:55,5
23/06/2022 01:54,4
23/06/2022 01:52,2
23/06/2022 01:52,1
23/06/2022 01:51,5
23/06/2022 01:49,3
23/06/2022 01:48,5
23/06/2022 01:46,5
23/06/2022 01:30,5
23/06/2022 01:30,5
23/06/2022 01:27,5
23/06/2022 01:25,1
23/06/2022 01:25,5
23/06/2022 01:25,4
23/06/2022 01:24,4
23/06/2022 01:17,4
23/06/2022 01:14,5
23/06/2022 01:08,4
23/06/2022 00:59,2
23/06/2022 00:55,5
23/06/2022 00:55,1
23/06/2022 00:49,4
23/06/2022 00:43,5
23/06/2022 00:36,1
23/06/2022 00:35,5
23/06/2022 00:34,2
23/06/2022 00:30,3
23/06/2022 00:28,5
23/06/2022 00:20,5
23/06/2022 00:18,5
23/06/2022 00:16,3
23/06/2022 00:11,5
23/06/2022 00:11,1
23/06/2022 00:09,5
23/06/2022 00:08,1
23/06/2022 00:04,2
23/06/2022 00:03,5
22/06/2022 23:55,5
22/06/2022 23:44,5
22/06/2022 23:44,1
22/06/2022 23:42,4
22/06/2022 23:38,1
22/06/2022 23:29,1
22/06/2022 23:24,1
22/06/2022 23:22,1
22/06/2022 23:22,5
22/06/2022 23:18,5
22/06/2022 23:10,1
22/06/2022 23:02,1
22/06/2022 22:55,5
22/06/2022 22:53,5
22/06/2022 22:51,1
22/06/2022 22:51,4
22/06/2022 22:49,1
22/06/2022 22:48,2
22/06/2022 22:24,1
22/06/2022 22:24,4
22/06/2022 22:23,2
22/06/2022 22:21,5
22/06/2022 22:19,5
22/06/2022 22:18,4
22/06/2022 22:18,3
22/06/2022 22:08,1
22/06/2022 22:08,5
22/06/2022 22:07,2
22/06/2022 22:07,1
22/06/2022 22:04,1
22/06/2022 21:58,5
22/06/2022 21:57,5
22/06/2022 21:49,5
22/06/2022 21:48,5
22/06/2022 21:45,1
22/06/2022 21:42,1
22/06/2022 21:36,3
22/06/2022 21:35,3
22/06/2022 21:34,1
22/06/2022 21:29,5
22/06/2022 21:25,5
22/06/2022 21:23,1
22/06/2022 21:22,3
22/06/2022 21:20,2
22/06/2022 21:20,4
22/06/2022 21:17,4
22/06/2022 21:12,4
22/06/2022 21:08,4
22/06/2022 21:05,5
22/06/2022 21:02,5
22/06/2022 21:02,5
22/06/2022 21:01,2
22/06/2022 20:58,1
22/06/2022 20:51,5
22/06/2022 20:51,5
22/06/2022 20:46,1
22/06/2022 20:46,5
22/06/2022 20:39,2
22/06/2022 20:39,1
22/06/2022 20:38,5
22/06/2022 20:35,1
22/06/2022 20:35,3
22/06/2022 20:34,1
22/06/2022 20:29,5
22/06/2022 20:22,3
22/06/2022 20:21,3
22/06/2022 20:21,3
22/06/2022 20:20,3
22/06/2022 20:12,5
22/06/2022 20:12,5
22/06/2022 20:09,1
22/06/2022 19:57,3
22/06/2022 19:52,2
22/06/2022 19:48,5
22/06/2022 19:37,2
22/06/2022 19:35,5
22/06/2022 19:33,2
22/06/2022 19:33,1
22/06/2022 19:26,5
22/06/2022 19:26,2
22/06/2022 19:26,5
22/06/2022 19:24,5
22/06/2022 19:16,5
22/06/2022 19:15,5
22/06/2022 19:15,3
22/06/2022 19:15,5
22/06/2022 19:12,4
22/06/2022 19:12,2
22/06/2022 19:04,3
22/06/2022 19:02,3
22/06/2022 19:01,1
22/06/2022 19:00,1
22/06/2022 18:58,5
22/06/2022 18:58,5
22/06/2022 18:50,5
22/06/2022 18:50,5
22/06/2022 18:43,5
22/06/2022 18:37,1
22/06/2022 18:36,1
22/06/2022 18:34,5
22/06/2022 18:32,5
22/06/2022 18:32,4
22/06/2022 18:14,2
22/06/2022 18:14,1
22/06/2022 18:12,5
22/06/2022 18:11,5
22/06/2022 18:11,4
22/06/2022 18:10,4
22/06/2022 18:07,5
22/06/2022 18:05,5
22/06/2022 18:03,5
22/06/2022 18:03,1
22/06/2022 17:59,1
22/06/2022 17:49,1
22/06/2022 17:46,3
22/06/2022 17:42,1
22/06/2022 17:40,5
22/06/2022 17:38,1
22/06/2022 17:36,3
22/06/2022 17:32,4
22/06/2022 17:23,1
22/06/2022 17:20,1
22/06/2022 17:17,1
22/06/2022 17:16,1
22/06/2022 17:14,2
22/06/2022 17:12,1
22/06/2022 17:11,3
22/06/2022 17:08,5
22/06/2022 17:08,5
22/06/2022 17:04,5
22/06/2022 17:03,4
22/06/2022 17:03,4
22/06/2022 17:00,3
22/06/2022 16:59,2
22/06/2022 16:58,5
22/06/2022 16:57,4
22/06/2022 16:53,5
22/06/2022 16:52,3
22/06/2022 16:52,2
22/06/2022 16:51,1
22/06/2022 16:50,5
22/06/2022 16:48,4
22/06/2022 16:47,3
22/06/2022 16:42,4
22/06/2022 16:42,5
22/06/2022 16:39,5
22/06/2022 16:34,4
22/06/2022 16:33,5
22/06/2022 16:33,4
22/06/2022 16:31,1
22/06/2022 16:26,5
22/06/2022 16:19,1
22/06/2022 16:13,5
22/06/2022 16:11,5
22/06/2022 16:08,5
22/06/2022 15:59,5
22/06/2022 15:57,3
22/06/2022 15:53,5
22/06/2022 15:53,3
22/06/2022 15:46,3
22/06/2022 15:42,5
22/06/2022 15:38,5
22/06/2022 15:37,1
22/06/2022 15:32,5
22/06/2022 15:28,1
22/06/2022 15:28,5
22/06/2022 15:24,4
22/06/2022 15:23,1
22/06/2022 15:22,5
22/06/2022 15:22,2
22/06/2022 15:20,5
22/06/2022 15:15,1
22/06/2022 15:14,5
22/06/2022 15:11,5
22/06/2022 15:09,1
22/06/2022 15:06,2
22/06/2022 15:03,1
22/06/2022 15:02,1
22/06/2022 15:00,5
22/06/2022 15:00,5
22/06/2022 14:59,1
22/06/2022 14:59,4
22/06/2022 14:59,5
22/06/2022 14:56,5
22/06/2022 14:55,5
22/06/2022 14:50,5
22/06/2022 14:49,5
22/06/2022 14:49,5
22/06/2022 14:48,4
22/06/2022 14:46,4
22/06/2022 14:44,5
22/06/2022 14:44,4
22/06/2022 14:43,1
22/06/2022 14:40,1
22/06/2022 14:39,5
22/06/2022 14:39,3
22/06/2022 14:39,1
22/06/2022 14:39,1
22/06/2022 14:30,5
22/06/2022 14:23,5
22/06/2022 14:22,5
22/06/2022 14:20,1
22/06/2022 14:19,3
22/06/2022 14:18,4
22/06/2022 14:17,1
22/06/2022 14:15,2
22/06/2022 14:14,3
22/06/2022 14:12,4
22/06/2022 14:12,5
22/06/2022 14:06,1
22/06/2022 14:04,5
22/06/2022 14:03,5
22/06/2022 14:02,5
22/06/2022 13:57,3
22/06/2022 13:57,5
22/06/2022 13:54,5
22/06/2022 13:45,3
22/06/2022 13:43,4
22/06/2022 13:42,4
22/06/2022 13:36,5
22/06/2022 13:33,3
22/06/2022 13:30,5
22/06/2022 13:24,1
22/06/2022 13:24,1
22/06/2022 13:22,1
22/06/2022 13:16,1
22/06/2022 13:16,4
22/06/2022 13:15,3
22/06/2022 13:15,5
22/06/2022 13:12,2
22/06/2022 13:10,1
22/06/2022 13:00,5
22/06/2022 12:59,5
22/06/2022 12:52,1
22/06/2022 12:48,4
22/06/2022 12:42,5
22/06/2022 12:41,5
22/06/2022 12:41,5
22/06/2022 12:40,1
22/06/2022 12:40,4
22/06/2022 12:34,5
22/06/2022 12:29,3
22/06/2022 12:24,3
22/06/2022 12:20,1
22/06/2022 12:19,5
22/06/2022 12:18,5
22/06/2022 12:16,4
22/06/2022 12:14,5
22/06/2022 12:14,5
22/06/2022 12:13,5
22/06/2022 12:11,5
22/06/2022 12:09,1
22/06/2022 12:08,4
22/06/2022 12:02,5
22/06/2022 11:55,2
22/06/2022 11:50,5
22/06/2022 11:49,5
22/06/2022 11:49,5
22/06/2022 11:47,2
22/06/2022 11:46,5
22/06/2022 11:40,3
22/06/2022 11:38,2
22/06/2022 11:33,1
22/06/2022 11:28,5
22/06/2022 11:28,5
22/06/2022 11:27,2
22/06/2022 11:27,1
22/06/2022 11:18,5
22/06/2022 11:11,5
22/06/2022 11:00,5
22/06/2022 11:00,3
22/06/2022 10:59,2
22/06/2022 10:59,1
22/06/2022 10:56,1
22/06/2022 10:54,5
22/06/2022 10:53,3
22/06/2022 10:50,5
22/06/2022 10:38,1
22/06/2022 10:32,5
22/06/2022 10:26,1
22/06/2022 10:24,1
22/06/2022 10:22,5
22/06/2022 10:18,1
22/06/2022 10:11,2
22/06/2022 10:10,2
22/06/2022 10:08,5
22/06/2022 10:06,1
22/06/2022 10:04,5
22/06/2022 10:02,1
22/06/2022 09:55,5
22/06/2022 09:54,1
22/06/2022 09:48,5
22/06/2022 09:47,5
22/06/2022 09:45,3
22/06/2022 09:43,4
22/06/2022 09:41,1
22/06/2022 09:37,4
22/06/2022 09:37,5
22/06/2022 09:34,5
22/06/2022 09:32,5
22/06/2022 09:23,2
22/06/2022 09:19,5
22/06/2022 09:03,3
22/06/2022 08:52,1
22/06/2022 08:47,4
22/06/2022 08:45,5
22/06/2022 08:43,5
22/06/2022 08:40,4
22/06/2022 08:34,1
22/06/2022 08:33,5
22/06/2022 08:28,3
22/06/2022 08:25,5
22/06/2022 08:22,5
22/06/2022 08:07,5
22/06/2022 08:06,5
22/06/2022 08:02,4
22/06/2022 08:01,1
22/06/2022 08:01,5
22/06/2022 07:48,5
22/06/2022 07:43,4
22/06/2022 07:41,4
22/06/2022 07:39,4
22/06/2022 07:38,1
22/06/2022 07:38,1
22/06/2022 07:34,1
22/06/2022 07:32,3
22/06/2022 07:30,4
22/06/2022 07:22,2
22/06/2022 07:14,5
22/06/2022 07:05,3
22/06/2022 07:04,5
22/06/2022 07:03,5
22/06/2022 07:01,5
22/06/2022 07:00,2
22/06/2022 06:59,4
22/06/2022 06:58,1
22/06/2022 06:50,5
22/06/2022 06:50,5
22/06/2022 06:50,1
22/06/2022 06:44,5
22/06/2022 06:43,3
22/06/2022 06:34,1
22/06/2022 06:26,2
22/06/2022 06:19,1
22/06/2022 06:17,1
22/06/2022 06:16,2
22/06/2022 06:15,1
22/06/2022 06:12,4
22/06/2022 06:06,5
22/06/2022 06:05,5
22/06/2022 05:56,3
22/06/2022 05:53,5
22/06/2022 05:51,1
22/06/2022 05:50,5
22/06/2022 05:48,5
22/06/2022 05:42,5
22/06/2022 05:39,5
22/06/2022 05:38,5
22/06/2022 05:37,3
22/06/2022 05:37,5
22/06/2022 05:35,1
22/06/2022 05:30,1
22/06/2022 05:30,5
22/06/2022 05:28,1
22/06/2022 05:27,3
22/06/2022 05:25,5
22/06/2022 05:22,1
22/06/2022 05:22,5
22/06/2022 05:19,2
22/06/2022 05:19,5
22/06/2022 05:19,4
22/06/2022 05:18,5
22/06/2022 05:13,5
22/06/2022 05:04,3
22/06/2022 05:00,5
22/06/2022 04:53,5
22/06/2022 04:46,5
22/06/2022 04:42,5
22/06/2022 04:36,5
22/06/2022 04:35,2
22/06/2022 04:35,1
22/06/2022 04:29,5
22/06/2022 04:26,4
22/06/2022 04:23,5
22/06/2022 04:21,1
22/06/2022 04:21,4
22/06/2022 04:19,2
22/06/2022 04:15,1
22/06/2022 04:10,5
22/06/2022 04:07,5
22/06/2022 03:55,1
22/06/2022 03:54,5
22/06/2022 03:54,1
22/06/2022 03:52,1
22/06/2022 03:43,4
22/06/2022 03:40,5
22/06/2022 03:40,5
22/06/2022 03:35,5
22/06/2022 03:35,1
22/06/2022 03:35,4
22/06/2022 03:34,5
22/06/2022 03:29,5
22/06/2022 03:24,5
22/06/2022 03:22,1
22/06/2022 03:15,4
22/06/2022 03:10,5
22/06/2022 03:08,3
22/06/2022 03:00,2
22/06/2022 02:56,1
22/06/2022 02:52,1
22/06/2022 02:52,1
22/06/2022 02:51,5
22/06/2022 02:48,1
22/06/2022 02:48,3
22/06/2022 02:47,5
22/06/2022 02:41,5
22/06/2022 02:40,4
22/06/2022 02:35,5
22/06/2022 02:34,1
22/06/2022 02:30,5
22/06/2022 02:28,5
22/06/2022 02:27,2
22/06/2022 02:27,5
22/06/2022 02:25,5
22/06/2022 02:24,2
22/06/2022 02:20,1
22/06/2022 02:11,4
22/06/2022 02:11,4
22/06/2022 02:03,4
22/06/2022 02:03,5
22/06/2022 01:59,1
22/06/2022 01:51,5
22/06/2022 01:47,1
22/06/2022 01:45,2
22/06/2022 01:42,2
22/06/2022 01:40,5
22/06/2022 01:40,2
22/06/2022 01:39,5
22/06/2022 01:38,5
22/06/2022 01:30,1
22/06/2022 01:21,5
22/06/2022 01:13,5
22/06/2022 01:13,5
22/06/2022 01:11,5
22/06/2022 01:08,5
22/06/2022 01:05,1
22/06/2022 01:01,2
22/06/2022 00:42,5
22/06/2022 00:41,5
22/06/2022 00:39,4
22/06/2022 00:37,3
22/06/2022 00:32,1
22/06/2022 00:31,5
22/06/2022 00:30,5
22/06/2022 00:28,1
22/06/2022 00:21,1
22/06/2022 00:21,2
22/06/2022 00:16,5
22/06/2022 00:15,1
22/06/2022 00:11,5
22/06/2022 00:04,2
22/06/2022 00:02,2
21/06/2022 23:58,5
21/06/2022 23:57,5
21/06/2022 23:50,5
21/06/2022 23:50,1
21/06/2022 23:49,1
21/06/2022 23:48,1
21/06/2022 23:47,5
21/06/2022 23:45,5
21/06/2022 23:42,1
21/06/2022 23:40,5
21/06/2022 23:33,1
21/06/2022 23:33,5
21/06/2022 23:32,5
21/06/2022 23:30,1
21/06/2022 23:26,5
21/06/2022 23:24,5
21/06/2022 23:12,1
21/06/2022 23:12,5
21/06/2022 23:10,1
21/06/2022 23:10,5
21/06/2022 23:10,5
21/06/2022 23:09,1
21/06/2022 23:02,1
21/06/2022 22:58,5
21/06/2022 22:57,4
21/06/2022 22:51,4
21/06/2022 22:50,5
21/06/2022 22:49,1
21/06/2022 22:38,1
21/06/2022 22:37,2
21/06/2022 22:34,3
21/06/2022 22:33,2
21/06/2022 22:32,5
21/06/2022 22:31,1
21/06/2022 22:27,5
21/06/2022 22:27,3
21/06/2022 22:27,1
21/06/2022 22:25,3
21/06/2022 22:23,1
21/06/2022 22:22,4
21/06/2022 22:22,1
21/06/2022 22:21,1
21/06/2022 22:21,2
21/06/2022 22:18,5
21/06/2022 22:16,2
21/06/2022 22:15,5
21/06/2022 22:14,3
21/06/2022 22:14,2
21/06/2022 22:14,3
21/06/2022 22:13,1
21/06/2022 22:13,2
21/06/2022 22:12,1
21/06/2022 22:11,5
21/06/2022 22:11,3
21/06/2022 22:09,3
21/06/2022 22:09,5
21/06/2022 22:09,2
21/06/2022 22:06,4
21/06/2022 21:59,1
21/06/2022 21:58,5
21/06/2022 21:57,2
21/06/2022 21:57,3
21/06/2022 21:56,2
21/06/2022 21:55,1
21/06/2022 21:50,5
21/06/2022 21:50,5
21/06/2022 21:49,1
21/06/2022 21:48,2
21/06/2022 21:48,1
21/06/2022 21:48,1
21/06/2022 21:46,3
21/06/2022 21:43,5
21/06/2022 21:41,3
21/06/2022 21:37,1
21/06/2022 21:34,3
21/06/2022 21:25,5
21/06/2022 21:10,5
21/06/2022 21:09,1
21/06/2022 21:05,1
21/06/2022 21:02,3
21/06/2022 21:01,1
21/06/2022 21:00,2
21/06/2022 20:51,3
21/06/2022 20:50,5
21/06/2022 20:44,1
21/06/2022 20:44,3
21/06/2022 20:43,3
21/06/2022 20:42,3
21/06/2022 20:40,2
21/06/2022 20:33,4
21/06/2022 20:29,3
21/06/2022 20:27,4
21/06/2022 20:25,1
21/06/2022 20:23,5
21/06/2022 20:21,2
21/06/2022 20:20,4
21/06/2022 20:15,3
21/06/2022 20:05,4
21/06/2022 20:03,1
21/06/2022 20:01,1
21/06/2022 20:00,1
21/06/2022 19:58,1
21/06/2022 19:58,5
21/06/2022 19:57,1
21/06/2022 19:51,5
21/06/2022 19:51,5
21/06/2022 19:45,1
21/06/2022 19:42,3
21/06/2022 19:32,5
21/06/2022 19:30,4
21/06/2022 19:28,1
21/06/2022 19:27,5
21/06/2022 19:26,5
21/06/2022 19:23,4
21/06/2022 19:21,3
21/06/2022 19:20,4
21/06/2022 19:14,5
21/06/2022 19:12,5
21/06/2022 19:10,5
21/06/2022 19:05,4
21/06/2022 19:01,5
21/06/2022 18:56,5
21/06/2022 18:47,3
21/06/2022 18:43,3
21/06/2022 18:43,1
21/06/2022 18:36,4
21/06/2022 18:31,1
21/06/2022 18:29,3
21/06/2022 18:25,5
21/06/2022 18:22,2
21/06/2022 18:21,1
21/06/2022 18:21,5
21/06/2022 18:21,5
21/06/2022 18:08,3
21/06/2022 18:00,4
21/06/2022 17:56,2
21/06/2022 17:56,5
21/06/2022 17:55,1
21/06/2022 17:48,5
21/06/2022 17:48,1
21/06/2022 17:46,4
21/06/2022 17:40,5
21/06/2022 17:38,2
21/06/2022 17:37,4
21/06/2022 17:34,5
21/06/2022 17:30,5
21/06/2022 17:27,5
21/06/2022 17:25,3
21/06/2022 17:24,3
21/06/2022 17:24,5
21/06/2022 17:21,5
21/06/2022 17:20,5
21/06/2022 17:16,1
21/06/2022 17:14,5
21/06/2022 17:13,5
21/06/2022 17:11,1
21/06/2022 17:10,4
21/06/2022 17:08,4
21/06/2022 17:07,5
21/06/2022 17:04,3
21/06/2022 17:03,2
21/06/2022 17:00,5
21/06/2022 16:57,2
21/06/2022 16:53,1
21/06/2022 16:52,1
21/06/2022 16:51,1
21/06/2022 16:50,5
21/06/2022 16:50,3
21/06/2022 16:45,2
21/06/2022 16:41,4
21/06/2022 16:41,4
21/06/2022 16:34,4
21/06/2022 16:32,1
21/06/2022 16:28,5
21/06/2022 16:25,5
21/06/2022 16:21,1
21/06/2022 16:20,3
21/06/2022 16:19,2
21/06/2022 16:19,4
21/06/2022 16:18,3
21/06/2022 16:18,3
21/06/2022 16:16,1
21/06/2022 16:15,5
21/06/2022 16:13,3
21/06/2022 16:05,5
21/06/2022 16:03,5
21/06/2022 16:02,4
21/06/2022 16:01,1
21/06/2022 16:00,4
21/06/2022 16:00,5
21/06/2022 15:56,2
21/06/2022 15:56,5
21/06/2022 15:54,1
21/06/2022 15:54,5
21/06/2022 15:52,4
21/06/2022 15:49,1
21/06/2022 15:49,2
21/06/2022 15:47,5
21/06/2022 15:45,5
21/06/2022 15:45,5
21/06/2022 15:43,5
21/06/2022 15:38,3
21/06/2022 15:38,5
21/06/2022 15:35,4
21/06/2022 15:34,4
21/06/2022 15:29,2
21/06/2022 15:27,3
21/06/2022 15:24,3
21/06/2022 15:20,5
21/06/2022 15:19,5
21/06/2022 15:17,1
21/06/2022 15:16,5
21/06/2022 15:15,1
21/06/2022 15:14,5
21/06/2022 15:11,4
21/06/2022 15:09,3
21/06/2022 15:05,1
21/06/2022 15:03,5
21/06/2022 15:01,1
21/06/2022 14:58,1
21/06/2022 14:57,5
21/06/2022 14:55,1
21/06/2022 14:54,5
21/06/2022 14:52,5
21/06/2022 14:49,5
21/06/2022 14:47,1
21/06/2022 14:46,2
21/06/2022 14:45,5
21/06/2022 14:45,5
21/06/2022 14:40,5
21/06/2022 14:38,4
21/06/2022 14:37,1
21/06/2022 14:33,4
21/06/2022 14:31,1
21/06/2022 14:29,3
21/06/2022 14:27,5
21/06/2022 14:26,5
21/06/2022 14:23,5
21/06/2022 14:23,5
21/06/2022 14:12,4
21/06/2022 14:10,3
21/06/2022 14:09,4
21/06/2022 14:05,1
21/06/2022 14:04,5
21/06/2022 14:03,5
21/06/2022 14:03,1
21/06/2022 14:02,4
21/06/2022 13:56,5
21/06/2022 13:49,5
21/06/2022 13:32,5
21/06/2022 13:25,5
21/06/2022 13:16,5
21/06/2022 13:15,4
21/06/2022 13:14,2
21/06/2022 13:14,3
21/06/2022 13:12,5
21/06/2022 13:11,5
21/06/2022 13:09,1
21/06/2022 13:07,4
21/06/2022 13:06,3
21/06/2022 13:00,5
21/06/2022 12:55,1
21/06/2022 12:50,2
21/06/2022 12:49,5
21/06/2022 12:45,2
21/06/2022 12:44,5
21/06/2022 12:36,1
21/06/2022 12:34,4
21/06/2022 12:34,1
21/06/2022 12:32,5
21/06/2022 12:32,3
21/06/2022 12:31,1
21/06/2022 12:28,4
21/06/2022 12:24,1
21/06/2022 12:18,4
21/06/2022 12:12,5
21/06/2022 12:12,5
21/06/2022 12:11,5
21/06/2022 11:58,3
21/06/2022 11:56,5
21/06/2022 11:55,2
21/06/2022 11:55,4
21/06/2022 11:53,5
21/06/2022 11:50,5
21/06/2022 11:49,1
21/06/2022 11:44,5
21/06/2022 11:39,2
21/06/2022 11:38,2
21/06/2022 11:31,5
21/06/2022 11:29,3
21/06/2022 11:29,4
21/06/2022 11:28,5
21/06/2022 11:07,4
21/06/2022 11:03,5
21/06/2022 11:01,5
21/06/2022 10:53,2
21/06/2022 10:48,5
21/06/2022 10:45,4
21/06/2022 10:43,5
21/06/2022 10:32,2
21/06/2022 10:32,5
21/06/2022 10:27,3
21/06/2022 10:26,1
21/06/2022 10:24,4
21/06/2022 10:24,5
21/06/2022 10:14,1
21/06/2022 10:12,5
21/06/2022 10:08,3
21/06/2022 10:08,5
21/06/2022 10:05,1
21/06/2022 10:01,5
21/06/2022 09:57,3
21/06/2022 09:56,5
21/06/2022 09:49,4
21/06/2022 09:46,5
21/06/2022 09:44,4
21/06/2022 09:44,2
21/06/2022 09:41,5
21/06/2022 09:37,5
21/06/2022 09:35,5
21/06/2022 09:21,5
21/06/2022 09:16,5
21/06/2022 09:12,1
21/06/2022 09:11,4
21/06/2022 09:08,4
21/06/2022 09:02,5
21/06/2022 08:58,5
21/06/2022 08:56,4
21/06/2022 08:55,5
21/06/2022 08:55,3
21/06/2022 08:54,4
21/06/2022 08:47,2
21/06/2022 08:44,5
21/06/2022 08:40,5
21/06/2022 08:39,3
21/06/2022 08:38,5
21/06/2022 08:35,4
21/06/2022 08:33,2
21/06/2022 08:31,5
21/06/2022 08:25,2
21/06/2022 08:24,1
21/06/2022 08:22,3
21/06/2022 08:18,5
21/06/2022 08:15,2
21/06/2022 08:13,5
21/06/2022 08:12,5
21/06/2022 08:08,4
21/06/2022 08:07,4
21/06/2022 08:07,5
21/06/2022 08:01,2
21/06/2022 08:00,5
21/06/2022 08:00,3
21/06/2022 07:48,5
21/06/2022 07:43,5
21/06/2022 07:43,5
21/06/2022 07:40,4
21/06/2022 07:35,5
21/06/2022 07:34,1
21/06/2022 07:28,5
21/06/2022 07:24,1
21/06/2022 07:24,5
21/06/2022 07:22,1
21/06/2022 07:16,5
21/06/2022 07:16,5
21/06/2022 07:15,1
21/06/2022 07:10,1
21/06/2022 07:07,5
21/06/2022 07:06,5
21/06/2022 07:04,4
21/06/2022 07:04,5
21/06/2022 07:01,1
21/06/2022 07:01,5
21/06/2022 06:57,1
21/06/2022 06:52,5
21/06/2022 06:50,5
21/06/2022 06:41,5
21/06/2022 06:40,1
21/06/2022 06:35,2
21/06/2022 06:34,1
21/06/2022 06:31,5
21/06/2022 06:30,1
21/06/2022 06:27,5
21/06/2022 06:27,5
21/06/2022 06:24,5
21/06/2022 06:23,3
21/06/2022 06:22,3
21/06/2022 06:21,3
21/06/2022 06:19,5
21/06/2022 06:16,4
21/06/2022 06:06,4
21/06/2022 06:03,3
21/06/2022 05:52,2
21/06/2022 05:50,5
21/06/2022 05:47,2
21/06/2022 05:47,1
21/06/2022 05:42,1
21/06/2022 05:39,1
21/06/2022 05:36,3
21/06/2022 05:29,1
21/06/2022 05:25,2
21/06/2022 05:15,1
21/06/2022 05:06,1
21/06/2022 05:02,5
21/06/2022 05:01,4
21/06/2022 05:00,3
21/06/2022 04:58,1
21/06/2022 04:49,1
21/06/2022 04:48,1
21/06/2022 04:45,3
21/06/2022 04:44,1
21/06/2022 04:44,5
21/06/2022 04:42,5
21/06/2022 04:40,5
21/06/2022 04:39,5
21/06/2022 04:37,5
21/06/2022 04:34,5
21/06/2022 04:33,2
21/06/2022 04:31,4
21/06/2022 04:25,5
21/06/2022 04:25,5
21/06/2022 04:25,5
21/06/2022 04:23,5
21/06/2022 04:14,5
21/06/2022 04:12,5
21/06/2022 04:08,4
21/06/2022 03:59,5
21/06/2022 03:45,1
21/06/2022 03:40,5
21/06/2022 03:39,1
21/06/2022 03:39,1
21/06/2022 03:38,5
21/06/2022 03:37,5
21/06/2022 03:36,2
21/06/2022 03:35,1
21/06/2022 03:32,5
21/06/2022 03:28,4
21/06/2022 03:27,5
21/06/2022 03:27,4
21/06/2022 03:26,1
21/06/2022 03:25,5
21/06/2022 03:14,2
21/06/2022 03:11,4
21/06/2022 03:07,5
21/06/2022 03:05,5
21/06/2022 03:04,5
21/06/2022 02:55,5
21/06/2022 02:53,1
21/06/2022 02:50,3
21/06/2022 02:49,1
21/06/2022 02:46,3
21/06/2022 02:41,5
21/06/2022 02:35,5
21/06/2022 02:30,1
21/06/2022 02:28,1
21/06/2022 02:26,1
21/06/2022 02:21,5
21/06/2022 02:20,5
21/06/2022 02:18,1
21/06/2022 02:13,1
21/06/2022 02:11,5
21/06/2022 02:11,5
21/06/2022 02:11,1
21/06/2022 02:09,5
21/06/2022 02:09,5
21/06/2022 02:02,4
21/06/2022 01:51,5
21/06/2022 01:47,2
21/06/2022 01:41,5
21/06/2022 01:40,1
21/06/2022 01:40,1
21/06/2022 01:38,1
21/06/2022 01:29,1
21/06/2022 01:27,4
21/06/2022 01:25,5
21/06/2022 01:23,5
21/06/2022 01:21,2
21/06/2022 01:21,1
21/06/2022 01:21,5
21/06/2022 01:20,5
21/06/2022 01:20,2
21/06/2022 01:20,5
21/06/2022 01:18,5
21/06/2022 01:04,3
21/06/2022 00:55,5
21/06/2022 00:53,5
21/06/2022 00:51,5
21/06/2022 00:47,5
21/06/2022 00:47,4
21/06/2022 00:47,5
21/06/2022 00:44,5
21/06/2022 00:36,5
21/06/2022 00:35,1
21/06/2022 00:27,5
21/06/2022 00:24,1
21/06/2022 00:22,3
21/06/2022 00:22,1
21/06/2022 00:17,1
21/06/2022 00:15,3
21/06/2022 00:13,3
21/06/2022 00:10,5
21/06/2022 00:09,5
21/06/2022 00:08,4
21/06/2022 00:07,5
21/06/2022 00:06,5
20/06/2022 23:57,1
20/06/2022 23:51,5
20/06/2022 23:46,5
20/06/2022 23:31,2
20/06/2022 23:18,4
20/06/2022 23:11,5
20/06/2022 23:09,4
20/06/2022 23:06,5
20/06/2022 23:04,1
20/06/2022 22:59,1
20/06/2022 22:48,5
20/06/2022 22:44,5
20/06/2022 22:43,1
20/06/2022 22:37,5
20/06/2022 22:37,4
20/06/2022 22:36,1
20/06/2022 22:19,5
20/06/2022 22:19,1
20/06/2022 22:18,4
20/06/2022 22:01,3
20/06/2022 22:00,4
20/06/2022 21:58,5
20/06/2022 21:53,5
20/06/2022 21:50,5
20/06/2022 21:44,4
20/06/2022 21:32,3
20/06/2022 21:32,5
20/06/2022 21:29,1
20/06/2022 21:23,1
20/06/2022 21:21,5
20/06/2022 21:07,5
20/06/2022 21:03,3
20/06/2022 21:02,5
20/06/2022 21:01,5
20/06/2022 20:57,3
20/06/2022 20:55,3
20/06/2022 20:52,5
20/06/2022 20:50,5
20/06/2022 20:47,5
20/06/2022 20:45,5
20/06/2022 20:37,2
20/06/2022 20:35,4
20/06/2022 20:31,4
20/06/2022 20:26,3
20/06/2022 20:25,4
20/06/2022 20:23,5
20/06/2022 20:23,5
20/06/2022 20:20,5
20/06/2022 20:17,1
20/06/2022 20:12,5
20/06/2022 20:07,4
20/06/2022 19:58,4
20/06/2022 19:55,1
20/06/2022 19:48,4
20/06/2022 19:47,5
20/06/2022 19:44,4
20/06/2022 19:43,5
20/06/2022 19:40,5
20/06/2022 19:39,5
20/06/2022 19:38,5
20/06/2022 19:34,5
20/06/2022 19:32,4
20/06/2022 19:29,1
20/06/2022 19:25,5
20/06/2022 19:24,1
20/06/2022 19:23,4
20/06/2022 19:20,4
20/06/2022 19:18,4
20/06/2022 19:15,4
20/06/2022 19:06,5
20/06/2022 19:06,5
20/06/2022 18:59,3
20/06/2022 18:55,1
20/06/2022 18:54,1
20/06/2022 18:49,5
20/06/2022 18:38,5
20/06/2022 18:37,1
20/06/2022 18:36,5
20/06/2022 18:34,5
20/06/2022 18:31,5
20/06/2022 18:30,1
20/06/2022 18:29,4
20/06/2022 18:27,3
20/06/2022 18:26,2
20/06/2022 18:22,5
20/06/2022 18:21,4
20/06/2022 18:15,4
20/06/2022 18:15,5
20/06/2022 18:13,1
20/06/2022 18:12,5
20/06/2022 17:56,1
20/06/2022 17:50,5
20/06/2022 17:50,5
20/06/2022 17:48,5
20/06/2022 17:46,5
20/06/2022 17:43,5
20/06/2022 17:43,3
20/06/2022 17:39,2
20/06/2022 17:37,3
20/06/2022 17:36,1
20/06/2022 17:34,3
20/06/2022 17:32,1
20/06/2022 17:31,1
20/06/2022 17:28,1
20/06/2022 17:25,5
20/06/2022 17:11,5
20/06/2022 17:08,5
20/06/2022 17:07,5
20/06/2022 17:06,5
20/06/2022 17:01,5
20/06/2022 17:00,1
20/06/2022 16:58,3
20/06/2022 16:55,5
20/06/2022 16:52,3
20/06/2022 16:47,5
20/06/2022 16:46,4
20/06/2022 16:45,1
20/06/2022 16:45,5
20/06/2022 16:43,3
20/06/2022 16:41,5
20/06/2022 16:33,5
20/06/2022 16:31,1
20/06/2022 16:28,1
20/06/2022 16:26,3
20/06/2022 16:25,1
20/06/2022 16:18,2
20/06/2022 16:13,5
20/06/2022 16:09,1
20/06/2022 16:05,4
20/06/2022 16:03,5
20/06/2022 16:02,4
20/06/2022 16:00,1
20/06/2022 15:58,5
20/06/2022 15:54,5
20/06/2022 15:50,5
20/06/2022 15:47,5
20/06/2022 15:43,5
20/06/2022 15:39,5
20/06/2022 15:36,5
20/06/2022 15:32,3
20/06/2022 15:29,2
20/06/2022 15:27,3
20/06/2022 15:23,5
20/06/2022 15:18,5
20/06/2022 15:18,1
20/06/2022 15:11,5
20/06/2022 15:10,3
20/06/2022 15:09,2
20/06/2022 15:08,5
20/06/2022 15:04,5
20/06/2022 15:03,1
20/06/2022 14:57,4
20/06/2022 14:52,1
20/06/2022 14:50,5
20/06/2022 14:48,5
20/06/2022 14:46,4
20/06/2022 14:45,1
20/06/2022 14:39,1
20/06/2022 14:38,5
20/06/2022 14:38,2
20/06/2022 14:38,1
20/06/2022 14:37,2
20/06/2022 14:34,1
20/06/2022 14:30,1
20/06/2022 14:22,4
20/06/2022 14:21,1
20/06/2022 14:15,4
20/06/2022 14:14,3
20/06/2022 14:13,3
20/06/2022 14:12,1
20/06/2022 14:11,4
20/06/2022 14:10,5
20/06/2022 14:08,1
20/06/2022 14:08,5
20/06/2022 14:06,5
20/06/2022 14:00,1
20/06/2022 13:59,5
20/06/2022 13:57,5
20/06/2022 13:57,5
20/06/2022 13:53,5
20/06/2022 13:49,2
20/06/2022 13:49,2
20/06/2022 13:44,3
20/06/2022 13:36,4
20/06/2022 13:35,4
20/06/2022 13:30,5
20/06/2022 13:29,5
20/06/2022 13:28,1
20/06/2022 13:23,5
20/06/2022 13:23,5
20/06/2022 13:22,5
20/06/2022 13:17,4
20/06/2022 13:15,5
20/06/2022 13:15,4
20/06/2022 13:04,1
20/06/2022 13:02,2
20/06/2022 13:00,5
20/06/2022 12:58,1
20/06/2022 12:57,1
20/06/2022 12:57,1
20/06/2022 12:55,4
20/06/2022 12:52,5
20/06/2022 12:45,1
20/06/2022 12:44,1
20/06/2022 12:39,5
20/06/2022 12:34,5
20/06/2022 12:31,5
20/06/2022 12:24,5
20/06/2022 12:15,4
20/06/2022 12:14,1
20/06/2022 12:12,5
20/06/2022 12:11,5
20/06/2022 12:00,3
20/06/2022 11:53,5
20/06/2022 11:50,3
20/06/2022 11:49,2
20/06/2022 11:48,5
20/06/2022 11:44,4
20/06/2022 11:43,5
20/06/2022 11:43,5
20/06/2022 11:39,5
20/06/2022 11:36,1
20/06/2022 11:32,2
20/06/2022 11:30,4
20/06/2022 11:26,5
20/06/2022 11:26,5
20/06/2022 11:20,2
20/06/2022 11:20,4
20/06/2022 11:18,5
20/06/2022 11:15,5
20/06/2022 11:01,5
20/06/2022 10:58,3
20/06/2022 10:55,1
20/06/2022 10:52,5
20/06/2022 10:51,2
20/06/2022 10:50,1
20/06/2022 10:47,4
20/06/2022 10:47,5
20/06/2022 10:45,1
20/06/2022 10:44,2
20/06/2022 10:43,1
20/06/2022 10:40,5
20/06/2022 10:34,3
20/06/2022 10:29,4
20/06/2022 10:23,5
20/06/2022 10:23,5
20/06/2022 10:17,4
20/06/2022 10:17,3
20/06/2022 10:14,4
20/06/2022 10:13,1
20/06/2022 10:08,1
20/06/2022 09:58,5
20/06/2022 09:50,4
20/06/2022 09:48,5
20/06/2022 09:47,5
20/06/2022 09:45,1
20/06/2022 09:31,1
20/06/2022 09:27,1
20/06/2022 09:25,1
20/06/2022 09:17,5
20/06/2022 09:17,5
20/06/2022 09:13,1
20/06/2022 09:12,3
20/06/2022 08:59,1
20/06/2022 08:57,5
20/06/2022 08:52,5
20/06/2022 08:46,1
20/06/2022 08:45,5
20/06/2022 08:43,3
20/06/2022 08:43,1
20/06/2022 08:39,1
20/06/2022 08:26,5
20/06/2022 08:17,2
20/06/2022 08:10,3
20/06/2022 08:08,5
20/06/2022 08:07,5
20/06/2022 07:59,2
20/06/2022 07:51,3
20/06/2022 07:43,3
20/06/2022 07:41,1
20/06/2022 07:33,5
20/06/2022 07:32,5
20/06/2022 07:13,1
20/06/2022 07:09,1
20/06/2022 07:08,5
20/06/2022 07:02,1
20/06/2022 06:57,1
20/06/2022 06:51,2
20/06/2022 06:39,3
20/06/2022 06:37,5
20/06/2022 06:29,2
20/06/2022 06:28,5
20/06/2022 06:28,5
20/06/2022 06:06,5
20/06/2022 06:05,5
20/06/2022 06:04,1
20/06/2022 06:00,2
20/06/2022 06:00,5
20/06/2022 05:59,5
20/06/2022 05:56,5
20/06/2022 05:55,1
20/06/2022 05:54,1
20/06/2022 05:53,1
20/06/2022 05:51,5
20/06/2022 05:49,4
20/06/2022 05:48,1
20/06/2022 05:47,5
20/06/2022 05:37,5
20/06/2022 05:27,5
20/06/2022 05:23,3
20/06/2022 05:21,5
20/06/2022 05:14,4
20/06/2022 05:13,5
20/06/2022 05:11,4
20/06/2022 05:06,2
20/06/2022 04:58,2
20/06/2022 04:58,4
20/06/2022 04:49,5
20/06/2022 04:48,5
20/06/2022 04:39,1
20/06/2022 04:32,5
20/06/2022 04:27,5
20/06/2022 04:27,5
20/06/2022 04:20,5
20/06/2022 04:17,1
20/06/2022 04:16,3
20/06/2022 04:06,2
20/06/2022 04:05,5
20/06/2022 03:57,5
20/06/2022 03:55,5
20/06/2022 03:50,3
20/06/2022 03:48,5
20/06/2022 03:46,1
20/06/2022 03:45,3
20/06/2022 03:45,2
20/06/2022 03:40,5
20/06/2022 03:35,4
20/06/2022 03:28,1
20/06/2022 03:21,4
20/06/2022 03:18,5
20/06/2022 03:17,3
20/06/2022 03:13,3
20/06/2022 03:09,5
20/06/2022 03:07,5
20/06/2022 03:07,1
20/06/2022 02:59,1
20/06/2022 02:56,5
20/06/2022 02:54,1
20/06/2022 02:54,5
20/06/2022 02:52,4
20/06/2022 02:51,5
20/06/2022 02:40,5
20/06/2022 02:33,1
20/06/2022 02:30,1
20/06/2022 02:29,1
20/06/2022 02:20,5
20/06/2022 02:14,5
20/06/2022 02:10,2
20/06/2022 02:05,4
20/06/2022 02:02,5
20/06/2022 01:49,4
20/06/2022 01:46,5
20/06/2022 01:35,5
20/06/2022 01:33,4
20/06/2022 01:30,1
20/06/2022 01:26,5
20/06/2022 01:23,1
20/06/2022 01:14,5
20/06/2022 01:13,3
20/06/2022 01:10,2
20/06/2022 01:08,5
20/06/2022 01:03,3
20/06/2022 00:52,1
20/06/2022 00:37,4
20/06/2022 00:24,5
20/06/2022 00:24,1
20/06/2022 00:23,5
20/06/2022 00:20,2
20/06/2022 00:10,1
20/06/2022 00:09,5
20/06/2022 00:08,5
20/06/2022 00:08,1
20/06/2022 00:01,1
19/06/2022 23:55,5
19/06/2022 23:52,5
19/06/2022 23:45,1
19/06/2022 23:40,3
19/06/2022 23:38,5
19/06/2022 23:38,1
19/06/2022 23:37,1
19/06/2022 23:30,4
19/06/2022 23:29,1
19/06/2022 23:24,5
19/06/2022 23:23,1
19/06/2022 23:18,5
19/06/2022 23:08,1
19/06/2022 23:06,4
19/06/2022 23:02,5
19/06/2022 23:00,5
19/06/2022 22:58,5
19/06/2022 22:51,1
19/06/2022 22:50,5
19/06/2022 22:47,5
19/06/2022 22:45,3
19/06/2022 22:39,5
19/06/2022 22:32,2
19/06/2022 22:26,5
19/06/2022 22:26,5
19/06/2022 22:25,3
19/06/2022 22:19,4
19/06/2022 22:16,4
19/06/2022 22:15,1
19/06/2022 22:06,2
19/06/2022 22:02,5
19/06/2022 21:49,1
19/06/2022 21:43,1
19/06/2022 21:41,5
19/06/2022 21:35,5
19/06/2022 21:34,2
19/06/2022 21:31,4
19/06/2022 21:28,5
19/06/2022 21:26,5
19/06/2022 21:22,5
19/06/2022 21:17,1
19/06/2022 21:15,5
19/06/2022 21:14,5
19/06/2022 21:13,5
19/06/2022 21:13,5
19/06/2022 21:04,3
19/06/2022 21:00,5
19/06/2022 21:00,1
19/06/2022 20:58,5
19/06/2022 20:50,1
19/06/2022 20:42,1
19/06/2022 20:41,4
19/06/2022 20:40,5
19/06/2022 20:35,4
19/06/2022 20:33,5
19/06/2022 20:24,1
19/06/2022 20:24,1
19/06/2022 20:24,4
19/06/2022 20:23,5
19/06/2022 20:21,3
19/06/2022 20:20,4
19/06/2022 20:20,5
19/06/2022 20:17,3
19/06/2022 20:17,3
19/06/2022 20:16,5
19/06/2022 20:13,5
19/06/2022 20:13,5
19/06/2022 20:12,1
19/06/2022 20:11,1
19/06/2022 20:11,5
19/06/2022 20:07,5
19/06/2022 20:07,4
19/06/2022 20:04,5
19/06/2022 20:01,5
19/06/2022 19:55,1
19/06/2022 19:54,5
19/06/2022 19:53,5
19/06/2022 19:50,5
19/06/2022 19:47,4
19/06/2022 19:47,5
19/06/2022 19:45,1
19/06/2022 19:43,1
19/06/2022 19:43,2
19/06/2022 19:39,1
19/06/2022 19:39,5
19/06/2022 19:39,5
19/06/2022 19:38,1
19/06/2022 19:36,3
19/06/2022 19:34,1
19/06/2022 19:32,5
19/06/2022 19:31,5
19/06/2022 19:30,5
19/06/2022 19:26,4
19/06/2022 19:24,1
19/06/2022 19:23,3
19/06/2022 19:21,5
19/06/2022 19:20,3
19/06/2022 19:16,1
19/06/2022 19:12,3
19/06/2022 19:12,5
19/06/2022 19:04,5
19/06/2022 19:03,1
19/06/2022 19:02,3
19/06/2022 19:01,1
19/06/2022 18:59,5
19/06/2022 18:54,5
19/06/2022 18:54,5
19/06/2022 18:53,5
19/06/2022 18:53,3
19/06/2022 18:51,1
19/06/2022 18:46,5
19/06/2022 18:44,5
19/06/2022 18:43,5
19/06/2022 18:41,5
19/06/2022 18:40,3
19/06/2022 18:23,4
19/06/2022 18:23,1
19/06/2022 18:16,5
19/06/2022 18:15,5
19/06/2022 18:14,5
19/06/2022 18:12,1
19/06/2022 18:07,5
19/06/2022 18:06,2
19/06/2022 17:54,5
19/06/2022 17:52,1
19/06/2022 17:51,5
19/06/2022 17:48,3
19/06/2022 17:44,1
19/06/2022 17:40,5
19/06/2022 17:40,5
19/06/2022 17:32,5
19/06/2022 17:26,5
19/06/2022 17:22,4
19/06/2022 17:22,4
19/06/2022 17:21,5
19/06/2022 17:21,2
19/06/2022 17:12,5
19/06/2022 17:10,1
19/06/2022 17:10,5
19/06/2022 17:06,5
19/06/2022 17:05,5
19/06/2022 17:01,1
19/06/2022 17:00,5
19/06/2022 16:56,3
19/06/2022 16:46,5
19/06/2022 16:45,1
19/06/2022 16:44,1
19/06/2022 16:43,5
19/06/2022 16:39,5
19/06/2022 16:37,1
19/06/2022 16:34,3
19/06/2022 16:34,2
19/06/2022 16:32,1
19/06/2022 16:30,1
19/06/2022 16:30,2
19/06/2022 16:28,5
19/06/2022 16:26,5
19/06/2022 16:22,5
19/06/2022 16:13,2
19/06/2022 16:11,5
19/06/2022 16:11,2
19/06/2022 16:10,1
19/06/2022 16:06,5
19/06/2022 15:56,4
19/06/2022 15:55,3
19/06/2022 15:54,2
19/06/2022 15:53,4
19/06/2022 15:49,5
19/06/2022 15:47,5
19/06/2022 15:44,5
19/06/2022 15:43,2
19/06/2022 15:42,5
19/06/2022 15:42,4
19/06/2022 15:40,5
19/06/2022 15:39,5
19/06/2022 15:34,5
19/06/2022 15:32,5
19/06/2022 15:28,5
19/06/2022 15:27,5
19/06/2022 15:27,5
19/06/2022 15:22,5
19/06/2022 15:20,1
19/06/2022 15:19,5
19/06/2022 15:19,5
19/06/2022 15:12,5
19/06/2022 15:06,5
19/06/2022 15:04,5
19/06/2022 15:04,5
19/06/2022 15:01,1
19/06/2022 15:01,5
19/06/2022 14:57,5
19/06/2022 14:44,3
19/06/2022 14:41,5
19/06/2022 14:38,2
19/06/2022 14:33,1
19/06/2022 14:33,3
19/06/2022 14:32,1
19/06/2022 14:30,5
19/06/2022 14:28,2
19/06/2022 14:24,3
19/06/2022 14:20,5
19/06/2022 14:17,3
19/06/2022 14:12,5
19/06/2022 14:07,5
19/06/2022 14:01,1
19/06/2022 14:00,1
19/06/2022 13:57,3
19/06/2022 13:57,2
19/06/2022 13:54,1
19/06/2022 13:49,5
19/06/2022 13:48,4
19/06/2022 13:48,5
19/06/2022 13:48,3
19/06/2022 13:45,5
19/06/2022 13:28,3
19/06/2022 13:26,5
19/06/2022 13:24,5
19/06/2022 13:20,5
19/06/2022 13:20,3
19/06/2022 13:12,4
19/06/2022 13:09,1
19/06/2022 13:08,5
19/06/2022 13:07,3
19/06/2022 13:06,3
19/06/2022 12:57,1
19/06/2022 12:56,3
19/06/2022 12:55,1
19/06/2022 12:50,1
19/06/2022 12:48,2
19/06/2022 12:48,5
19/06/2022 12:46,5
19/06/2022 12:46,5
19/06/2022 12:42,3
19/06/2022 12:40,3
19/06/2022 12:39,3
19/06/2022 12:36,5
19/06/2022 12:32,5
19/06/2022 12:30,1
19/06/2022 12:29,5
19/06/2022 12:19,1
19/06/2022 12:18,1
19/06/2022 12:17,5
19/06/2022 12:15,5
19/06/2022 12:10,4
19/06/2022 11:59,5
19/06/2022 11:58,3
19/06/2022 11:57,5
19/06/2022 11:47,5
19/06/2022 11:42,5
19/06/2022 11:30,1
19/06/2022 11:28,5
19/06/2022 11:26,5
19/06/2022 11:19,4
19/06/2022 11:14,2
19/06/2022 11:14,5
19/06/2022 11:10,4
19/06/2022 11:10,2
19/06/2022 11:09,1
19/06/2022 11:02,4
19/06/2022 11:01,2
19/06/2022 10:48,1
19/06/2022 10:47,1
19/06/2022 10:43,1
19/06/2022 10:37,3
19/06/2022 10:36,5
19/06/2022 10:34,1
19/06/2022 10:34,2
19/06/2022 10:31,3
19/06/2022 10:22,4
19/06/2022 10:21,5
19/06/2022 10:10,5
19/06/2022 10:06,5
19/06/2022 10:06,5
19/06/2022 09:52,3
19/06/2022 09:46,1
19/06/2022 09:44,5
19/06/2022 09:44,1
19/06/2022 09:43,4
19/06/2022 09:33,5
19/06/2022 09:31,5
19/06/2022 09:29,4
19/06/2022 09:23,5
19/06/2022 09:10,2
19/06/2022 09:10,4
19/06/2022 09:09,4
19/06/2022 09:08,3
19/06/2022 09:07,4
19/06/2022 09:03,5
19/06/2022 08:58,5
19/06/2022 08:58,4
19/06/2022 08:55,2
19/06/2022 08:53,4
19/06/2022 08:53,1
19/06/2022 08:52,5
19/06/2022 08:50,1
19/06/2022 08:44,4
19/06/2022 08:43,5
19/06/2022 08:36,1
19/06/2022 08:35,4
19/06/2022 08:33,3
19/06/2022 08:29,2
19/06/2022 08:21,5
19/06/2022 08:17,4
19/06/2022 08:06,4
19/06/2022 07:52,5
19/06/2022 07:48,4
19/06/2022 07:41,4
19/06/2022 07:40,5
19/06/2022 07:37,5
19/06/2022 07:37,4
19/06/2022 07:35,1
19/06/2022 07:33,5
19/06/2022 07:29,2
19/06/2022 07:25,4
19/06/2022 07:08,3
19/06/2022 07:05,5
19/06/2022 07:03,5
19/06/2022 06:50,3
19/06/2022 06:34,2
19/06/2022 06:34,4
19/06/2022 06:25,1
19/06/2022 06:23,4
19/06/2022 06:22,5
19/06/2022 06:21,5
19/06/2022 06:06,3
19/06/2022 06:03,3
19/06/2022 06:03,5
19/06/2022 06:00,1
19/06/2022 05:53,4
19/06/2022 05:46,5
19/06/2022 05:45,5
19/06/2022 05:45,5
19/06/2022 05:44,5
19/06/2022 05:41,2
19/06/2022 05:40,5
19/06/2022 05:39,5
19/06/2022 05:32,4
19/06/2022 05:30,1
19/06/2022 05:24,2
19/06/2022 05:23,3
19/06/2022 05:21,2
19/06/2022 05:10,1
19/06/2022 04:59,3
19/06/2022 04:58,1
19/06/2022 04:55,1
19/06/2022 04:50,5
19/06/2022 04:49,2
19/06/2022 04:49,3
19/06/2022 04:46,5
19/06/2022 04:42,5
19/06/2022 04:38,5
19/06/2022 04:27,5
19/06/2022 04:24,5
19/06/2022 04:19,5
19/06/2022 04:09,5
19/06/2022 04:09,3
19/06/2022 04:07,1
19/06/2022 04:04,5
19/06/2022 03:50,5
19/06/2022 03:49,4
19/06/2022 03:46,5
19/06/2022 03:42,5
19/06/2022 03:41,5
19/06/2022 03:37,5
19/06/2022 03:36,5
19/06/2022 03:34,4
19/06/2022 03:32,5
19/06/2022 03:26,4
19/06/2022 03:26,2
19/06/2022 03:23,1
19/06/2022 03:23,5
19/06/2022 03:21,4
19/06/2022 03:20,3
19/06/2022 03:06,5
19/06/2022 03:00,1
19/06/2022 03:00,3
19/06/2022 02:54,5
19/06/2022 02:48,5
19/06/2022 02:41,5
19/06/2022 02:38,1
19/06/2022 02:34,3
19/06/2022 02:32,1
19/06/2022 02:24,5
19/06/2022 02:22,5
19/06/2022 02:20,5
19/06/2022 02:15,2
19/06/2022 02:08,5
19/06/2022 02:05,2
19/06/2022 02:05,4
19/06/2022 02:05,5
19/06/2022 01:59,5
19/06/2022 01:52,4
19/06/2022 01:51,5
19/06/2022 01:51,4
19/06/2022 01:50,4
19/06/2022 01:45,5
19/06/2022 01:43,4
19/06/2022 01:37,5
19/06/2022 01:28,4
19/06/2022 01:26,3
19/06/2022 01:13,1
19/06/2022 01:12,5
19/06/2022 01:07,5
19/06/2022 01:05,3
19/06/2022 01:04,4
19/06/2022 01:00,2
19/06/2022 00:53,5
19/06/2022 00:51,1
19/06/2022 00:51,4
19/06/2022 00:49,4
19/06/2022 00:36,5
19/06/2022 00:23,5
19/06/2022 00:19,5
19/06/2022 00:15,5
19/06/2022 00:12,5
19/06/2022 00:06,5
18/06/2022 23:59,1
18/06/2022 23:54,5
18/06/2022 23:45,5
18/06/2022 23:38,5
18/06/2022 23:27,5
18/06/2022 23:22,3
18/06/2022 23:10,4
18/06/2022 23:10,4
18/06/2022 23:07,5
18/06/2022 23:07,3
18/06/2022 22:58,2
18/06/2022 22:57,4
18/06/2022 22:57,5
18/06/2022 22:56,5
18/06/2022 22:48,1
18/06/2022 22:48,1
18/06/2022 22:45,5
18/06/2022 22:44,5
18/06/2022 22:39,5
18/06/2022 22:28,4
18/06/2022 22:28,5
18/06/2022 22:26,3
18/06/2022 22:23,5
18/06/2022 22:23,2
18/06/2022 22:21,4
18/06/2022 22:17,5
18/06/2022 22:16,5
18/06/2022 22:15,4
18/06/2022 22:04,1
18/06/2022 22:02,5
18/06/2022 21:59,4
18/06/2022 21:54,1
18/06/2022 21:51,5
18/06/2022 21:50,1
18/06/2022 21:45,1
18/06/2022 21:34,5
18/06/2022 21:30,1
18/06/2022 21:30,5
18/06/2022 21:14,2
18/06/2022 21:13,5
18/06/2022 21:10,5
18/06/2022 21:09,5
18/06/2022 21:04,1
18/06/2022 20:49,5
18/06/2022 20:49,1
18/06/2022 20:45,5
18/06/2022 20:44,4
18/06/2022 20:43,5
18/06/2022 20:42,5
18/06/2022 20:35,1
18/06/2022 20:30,5
18/06/2022 20:29,5
18/06/2022 20:28,5
18/06/2022 20:26,5
18/06/2022 20:22,2
18/06/2022 20:13,2
18/06/2022 20:09,4
18/06/2022 20:09,4
18/06/2022 20:09,5
18/06/2022 20:06,5
18/06/2022 20:04,5
18/06/2022 20:02,5
18/06/2022 20:00,2
18/06/2022 19:52,5
18/06/2022 19:51,4
18/06/2022 19:50,4
18/06/2022 19:47,1
18/06/2022 19:46,1
18/06/2022 19:46,5
18/06/2022 19:40,2
18/06/2022 19:36,5
18/06/2022 19:31,5
18/06/2022 19:28,1
18/06/2022 19:25,4
18/06/2022 19:25,5
18/06/2022 19:23,5
18/06/2022 19:12,2
18/06/2022 19:09,4
18/06/2022 19:07,5
18/06/2022 19:06,5
18/06/2022 19:05,1
18/06/2022 19:02,5
18/06/2022 19:01,5
18/06/2022 18:53,5
18/06/2022 18:49,5
18/06/2022 18:48,1
18/06/2022 18:44,5
18/06/2022 18:41,5
18/06/2022 18:39,1
18/06/2022 18:35,4
18/06/2022 18:28,5
18/06/2022 18:25,1
18/06/2022 18:13,1
18/06/2022 18:12,5
18/06/2022 18:10,3
18/06/2022 18:09,4
18/06/2022 18:06,5
18/06/2022 18:05,4
18/06/2022 18:03,1
18/06/2022 18:03,5
18/06/2022 18:02,2
18/06/2022 17:54,1
18/06/2022 17:53,5
18/06/2022 17:49,3
18/06/2022 17:48,5
18/06/2022 17:45,5
18/06/2022 17:41,5
18/06/2022 17:39,4
18/06/2022 17:39,5
18/06/2022 17:39,4
18/06/2022 17:39,1
18/06/2022 17:38,5
18/06/2022 17:36,5
18/06/2022 17:33,5
18/06/2022 17:31,1
18/06/2022 17:28,1
18/06/2022 17:27,2
18/06/2022 17:25,4
18/06/2022 17:22,5
18/06/2022 17:16,5
18/06/2022 17:15,5
18/06/2022 17:14,3
18/06/2022 17:13,2
18/06/2022 17:11,3
18/06/2022 17:02,4
18/06/2022 16:58,1
18/06/2022 16:52,3
18/06/2022 16:52,3
18/06/2022 16:51,5
18/06/2022 16:50,5
18/06/2022 16:48,5
18/06/2022 16:47,4
18/06/2022 16:46,5
18/06/2022 16:46,5
18/06/2022 16:45,1
18/06/2022 16:43,4
18/06/2022 16:41,3
18/06/2022 16:39,4
18/06/2022 16:39,5
18/06/2022 16:35,5
18/06/2022 16:34,5
18/06/2022 16:34,5
18/06/2022 16:33,5
18/06/2022 16:28,4
18/06/2022 16:28,1
18/06/2022 16:27,1
18/06/2022 16:23,2
18/06/2022 16:22,4
18/06/2022 16:21,1
18/06/2022 16:15,5
18/06/2022 16:14,5
18/06/2022 16:12,1
18/06/2022 16:12,1
18/06/2022 16:08,1
18/06/2022 16:06,5
18/06/2022 16:04,5
18/06/2022 16:01,2
18/06/2022 15:58,1
18/06/2022 15:57,4
18/06/2022 15:56,4
18/06/2022 15:55,5
18/06/2022 15:54,5
18/06/2022 15:51,5
18/06/2022 15:49,5
18/06/2022 15:48,1
18/06/2022 15:44,1
18/06/2022 15:41,2
18/06/2022 15:39,5
18/06/2022 15:33,5
18/06/2022 15:32,5
18/06/2022 15:31,1
18/06/2022 15:30,4
18/06/2022 15:30,4
18/06/2022 15:29,5
18/06/2022 15:24,4
18/06/2022 15:20,5
18/06/2022 15:18,1
18/06/2022 15:16,3
18/06/2022 15:15,4
18/06/2022 15:14,4
18/06/2022 15:13,5
18/06/2022 15:12,5
18/06/2022 15:12,5
18/06/2022 15:08,4
18/06/2022 15:00,3
18/06/2022 15:00,1
18/06/2022 14:58,1
18/06/2022 14:55,1
18/06/2022 14:54,4
18/06/2022 14:54,1
18/06/2022 14:52,2
18/06/2022 14:50,5
18/06/2022 14:41,1
18/06/2022 14:40,1
18/06/2022 14:37,5
18/06/2022 14:33,1
18/06/2022 14:30,1
18/06/2022 14:29,4
18/06/2022 14:28,5
18/06/2022 14:24,1
18/06/2022 14:20,1
18/06/2022 14:19,5
18/06/2022 14:14,5
18/06/2022 14:12,5
18/06/2022 14:11,5
18/06/2022 14:10,5
18/06/2022 14:09,5
18/06/2022 14:08,4
18/06/2022 14:05,5
18/06/2022 14:03,5
18/06/2022 14:01,5
18/06/2022 13:57,5
18/06/2022 13:54,5
18/06/2022 13:48,4
18/06/2022 13:47,5
18/06/2022 13:45,3
18/06/2022 13:39,5
18/06/2022 13:38,5
18/06/2022 13:37,5
18/06/2022 13:36,5
18/06/2022 13:35,1
18/06/2022 13:32,1
18/06/2022 13:30,4
18/06/2022 13:28,5
18/06/2022 13:22,2
18/06/2022 13:22,1
18/06/2022 13:20,5
18/06/2022 13:20,1
18/06/2022 13:15,5
18/06/2022 13:13,5
18/06/2022 13:07,5
18/06/2022 13:07,5
18/06/2022 13:06,5
18/06/2022 13:00,5
18/06/2022 12:59,1
18/06/2022 12:58,5
18/06/2022 12:53,4
18/06/2022 12:50,5
18/06/2022 12:42,5
18/06/2022 12:39,4
18/06/2022 12:36,5
18/06/2022 12:35,1
18/06/2022 12:21,1
18/06/2022 12:13,5
18/06/2022 12:08,3
18/06/2022 12:08,1
18/06/2022 12:01,1
18/06/2022 12:00,3
18/06/2022 11:57,5
18/06/2022 11:56,5
18/06/2022 11:55,4
18/06/2022 11:54,2
18/06/2022 11:47,5
18/06/2022 11:46,2
18/06/2022 11:42,5
18/06/2022 11:38,5
18/06/2022 11:33,5
18/06/2022 11:26,5
18/06/2022 11:18,5
18/06/2022 11:17,5
18/06/2022 11:15,5
18/06/2022 11:08,4
18/06/2022 11:06,4
18/06/2022 10:56,1
18/06/2022 10:55,5
18/06/2022 10:53,5
18/06/2022 10:52,1
18/06/2022 10:47,2
18/06/2022 10:44,5
18/06/2022 10:43,1
18/06/2022 10:42,5
18/06/2022 10:38,4
18/06/2022 10:26,5
18/06/2022 10:23,3
18/06/2022 10:18,4
18/06/2022 10:17,5
18/06/2022 10:14,2
18/06/2022 10:11,4
18/06/2022 10:11,3
18/06/2022 10:05,5
18/06/2022 09:57,4
18/06/2022 09:57,5
18/06/2022 09:49,5
18/06/2022 09:38,5
18/06/2022 09:37,2
18/06/2022 09:36,3
18/06/2022 09:32,3
18/06/2022 09:31,1
18/06/2022 09:31,2
18/06/2022 09:30,1
18/06/2022 09:29,1
18/06/2022 09:24,4
18/06/2022 09:23,4
18/06/2022 09:19,3
18/06/2022 09:18,1
18/06/2022 09:12,5
18/06/2022 09:10,4
18/06/2022 09:04,5
18/06/2022 09:02,4
18/06/2022 08:59,3
18/06/2022 08:52,3
18/06/2022 08:48,5
18/06/2022 08:47,5
18/06/2022 08:45,5
18/06/2022 08:43,4
18/06/2022 08:41,5
18/06/2022 08:40,2
18/06/2022 08:36,4
18/06/2022 08:31,3
18/06/2022 08:22,2
18/06/2022 08:21,1
18/06/2022 08:20,2
18/06/2022 08:19,1
18/06/2022 08:19,5
18/06/2022 08:19,3
18/06/2022 08:15,1
18/06/2022 08:13,5
18/06/2022 08:11,1
18/06/2022 08:10,1
18/06/2022 08:08,5
18/06/2022 08:08,5
18/06/2022 08:08,5
18/06/2022 08:08,5
18/06/2022 08:07,5
18/06/2022 08:05,4
18/06/2022 08:05,5
18/06/2022 07:55,2
18/06/2022 07:52,5
18/06/2022 07:46,2
18/06/2022 07:44,5
18/06/2022 07:42,5
18/06/2022 07:35,5
18/06/2022 07:34,4
18/06/2022 07:33,5
18/06/2022 07:30,4
18/06/2022 07:30,1
18/06/2022 07:29,4
18/06/2022 07:27,1
18/06/2022 07:24,2
18/06/2022 07:24,4
18/06/2022 07:22,5
18/06/2022 07:08,5
18/06/2022 07:07,2
18/06/2022 07:07,1
18/06/2022 07:05,5
18/06/2022 07:01,5
18/06/2022 06:59,3
18/06/2022 06:56,5
18/06/2022 06:55,5
18/06/2022 06:53,1
18/06/2022 06:50,1
18/06/2022 06:42,5
18/06/2022 06:41,1
18/06/2022 06:39,5
18/06/2022 06:38,5
18/06/2022 06:34,2
18/06/2022 06:32,4
18/06/2022 06:31,1
18/06/2022 06:27,2
18/06/2022 06:27,2
18/06/2022 06:26,5
18/06/2022 06:23,5
18/06/2022 06:23,2
18/06/2022 06:22,5
18/06/2022 06:16,5
18/06/2022 06:11,4
18/06/2022 06:11,5
18/06/2022 06:08,5
18/06/2022 05:58,5
18/06/2022 05:56,5
18/06/2022 05:55,5
18/06/2022 05:54,2
18/06/2022 05:45,5
18/06/2022 05:41,5
18/06/2022 05:40,1
18/06/2022 05:39,5
18/06/2022 05:37,4
18/06/2022 05:27,3
18/06/2022 05:25,1
18/06/2022 05:20,5
18/06/2022 05:19,5
18/06/2022 05:17,5
18/06/2022 05:17,5
18/06/2022 05:16,5
18/06/2022 05:14,5
18/06/2022 05:14,1
18/06/2022 05:12,5
18/06/2022 05:01,4
18/06/2022 05:00,4
18/06/2022 04:55,5
18/06/2022 04:54,4
18/06/2022 04:51,5
18/06/2022 04:47,3
18/06/2022 04:47,5
18/06/2022 04:39,2
18/06/2022 04:35,1
18/06/2022 04:35,5
18/06/2022 04:27,5
18/06/2022 04:25,4
18/06/2022 04:23,4
18/06/2022 04:21,4
18/06/2022 04:20,4
18/06/2022 04:16,5
18/06/2022 04:15,5
18/06/2022 03:56,1
18/06/2022 03:43,1
18/06/2022 03:40,5
18/06/2022 03:35,5
18/06/2022 03:35,5
18/06/2022 03:26,3
18/06/2022 03:22,5
18/06/2022 03:19,1
18/06/2022 03:18,3
18/06/2022 03:17,3
18/06/2022 03:10,1
18/06/2022 03:10,1
18/06/2022 03:09,5
18/06/2022 03:09,4
18/06/2022 03:09,5
18/06/2022 03:02,5
18/06/2022 02:58,1
18/06/2022 02:55,5
18/06/2022 02:53,5
18/06/2022 02:51,4
18/06/2022 02:49,4
18/06/2022 02:48,4
18/06/2022 02:45,5
18/06/2022 02:44,1
18/06/2022 02:44,5
18/06/2022 02:36,1
18/06/2022 02:36,1
18/06/2022 02:35,1
18/06/2022 02:32,3
18/06/2022 02:30,5
18/06/2022 02:29,5
18/06/2022 02:24,1
18/06/2022 02:24,5
18/06/2022 02:21,2
18/06/2022 02:09,4
18/06/2022 02:08,5
18/06/2022 02:05,5
18/06/2022 02:03,1
18/06/2022 01:57,1
18/06/2022 01:44,4
18/06/2022 01:38,5
18/06/2022 01:34,4
18/06/2022 01:25,5
18/06/2022 01:17,1
18/06/2022 01:17,5
18/06/2022 01:12,3
18/06/2022 01:09,4
18/06/2022 00:57,5
18/06/2022 00:55,4
18/06/2022 00:42,4
18/06/2022 00:35,1
18/06/2022 00:29,1
18/06/2022 00:22,5
18/06/2022 00:15,1
18/06/2022 00:14,5
18/06/2022 00:12,1
18/06/2022 00:10,5
18/06/2022 00:04,5
18/06/2022 00:04,5
17/06/2022 23:50,5
17/06/2022 23:42,4
17/06/2022 23:41,1
17/06/2022 23:37,5
17/06/2022 23:31,5
17/06/2022 23:30,1
17/06/2022 23:29,2
17/06/2022 23:28,1
17/06/2022 23:27,5
17/06/2022 23:26,2
17/06/2022 23:23,5
17/06/2022 23:20,1
17/06/2022 23:20,4
17/06/2022 23:15,4
17/06/2022 23:08,3
17/06/2022 23:04,2
17/06/2022 23:00,5
17/06/2022 23:00,3
17/06/2022 22:59,5
17/06/2022 22:58,3
17/06/2022 22:55,1
17/06/2022 22:54,3
17/06/2022 22:54,1
17/06/2022 22:47,1
17/06/2022 22:44,5
17/06/2022 22:44,1
17/06/2022 22:41,2
17/06/2022 22:39,5
17/06/2022 22:27,1
17/06/2022 22:27,5
17/06/2022 22:26,3
17/06/2022 22:22,5
17/06/2022 22:18,5
17/06/2022 22:18,5
17/06/2022 22:11,5
17/06/2022 22:09,5
17/06/2022 22:04,1
17/06/2022 22:04,4
17/06/2022 21:58,3
17/06/2022 21:58,5
17/06/2022 21:54,5
17/06/2022 21:51,3
17/06/2022 21:48,4
17/06/2022 21:43,5
17/06/2022 21:41,3
17/06/2022 21:35,5
17/06/2022 21:34,4
17/06/2022 21:24,1
17/06/2022 21:24,5
17/06/2022 21:22,5
17/06/2022 21:22,2
17/06/2022 21:16,2
17/06/2022 21:15,5
17/06/2022 21:12,1
17/06/2022 21:09,1
17/06/2022 21:02,1
17/06/2022 21:00,1
17/06/2022 20:58,2
17/06/2022 20:56,5
17/06/2022 20:55,1
17/06/2022 20:49,5
17/06/2022 20:46,5
17/06/2022 20:41,3
17/06/2022 20:40,5
17/06/2022 20:39,1
17/06/2022 20:38,1
17/06/2022 20:33,4
17/06/2022 20:33,1
17/06/2022 20:31,3
17/06/2022 20:25,5
17/06/2022 20:24,5
17/06/2022 20:24,5
17/06/2022 20:21,5
17/06/2022 20:18,5
17/06/2022 20:02,1
17/06/2022 20:00,3
17/06/2022 19:59,1
17/06/2022 19:55,4
17/06/2022 19:51,5
17/06/2022 19:50,2
17/06/2022 19:46,1
17/06/2022 19:44,5
17/06/2022 19:44,5
17/06/2022 19:34,4
17/06/2022 19:33,1
17/06/2022 19:32,5
17/06/2022 19:30,4
17/06/2022 19:30,5
17/06/2022 19:29,5
17/06/2022 19:29,5
17/06/2022 19:29,5
17/06/2022 19:22,2
17/06/2022 19:22,1
17/06/2022 19:17,5
17/06/2022 19:16,5
17/06/2022 19:02,3
17/06/2022 18:59,2
17/06/2022 18:56,5
17/06/2022 18:55,4
17/06/2022 18:52,3
17/06/2022 18:51,5
17/06/2022 18:50,1
17/06/2022 18:37,1
17/06/2022 18:24,5
17/06/2022 18:16,5
17/06/2022 18:15,5
17/06/2022 18:14,1
17/06/2022 18:13,1
17/06/2022 18:11,5
17/06/2022 18:07,4
17/06/2022 18:04,1
17/06/2022 18:00,2
17/06/2022 18:00,5
17/06/2022 18:00,4
17/06/2022 17:52,1
17/06/2022 17:51,5
17/06/2022 17:51,1
17/06/2022 17:49,5
17/06/2022 17:48,5
17/06/2022 17:48,2
17/06/2022 17:47,2
17/06/2022 17:47,4
17/06/2022 17:39,3
17/06/2022 17:39,1
17/06/2022 17:38,5
17/06/2022 17:33,2
17/06/2022 17:30,1
17/06/2022 17:25,5
17/06/2022 17:20,1
17/06/2022 17:16,5
17/06/2022 17:14,5
17/06/2022 17:13,1
17/06/2022 17:07,3
17/06/2022 17:07,1
17/06/2022 17:02,5
17/06/2022 16:57,5
17/06/2022 16:56,5
17/06/2022 16:53,5
17/06/2022 16:52,1
17/06/2022 16:51,5
17/06/2022 16:51,5
17/06/2022 16:46,5
17/06/2022 16:46,5
17/06/2022 16:43,5
17/06/2022 16:41,1
17/06/2022 16:41,2
17/06/2022 16:40,5
17/06/2022 16:39,5
17/06/2022 16:39,3
17/06/2022 16:38,1
17/06/2022 16:38,5
17/06/2022 16:37,1
17/06/2022 16:35,5
17/06/2022 16:29,2
17/06/2022 16:24,5
17/06/2022 16:20,5
17/06/2022 16:18,5
17/06/2022 16:11,5
17/06/2022 16:07,1
17/06/2022 16:06,1
17/06/2022 16:02,4
17/06/2022 16:01,3
17/06/2022 16:00,3
17/06/2022 15:53,4
17/06/2022 15:51,5
17/06/2022 15:49,4
17/06/2022 15:45,4
17/06/2022 15:43,1
17/06/2022 15:40,5
17/06/2022 15:39,5
17/06/2022 15:38,4
17/06/2022 15:36,3
17/06/2022 15:31,4
17/06/2022 15:31,5
17/06/2022 15:26,5
17/06/2022 15:18,1
17/06/2022 15:04,5
17/06/2022 15:04,3
17/06/2022 15:03,1
17/06/2022 15:02,3
17/06/2022 15:01,4
17/06/2022 14:58,5
17/06/2022 14:56,3
17/06/2022 14:55,2
17/06/2022 14:54,5
17/06/2022 14:53,5
17/06/2022 14:53,5
17/06/2022 14:53,4
17/06/2022 14:53,4
17/06/2022 14:49,2
17/06/2022 14:47,1
17/06/2022 14:46,2
17/06/2022 14:33,1
17/06/2022 14:33,5
17/06/2022 14:32,1
17/06/2022 14:25,5
17/06/2022 14:22,4
17/06/2022 14:22,5
17/06/2022 14:20,3
17/06/2022 14:19,5
17/06/2022 14:19,2
17/06/2022 14:18,5
17/06/2022 14:18,4
17/06/2022 14:14,5
17/06/2022 14:05,5
17/06/2022 14:04,2
17/06/2022 13:58,1
17/06/2022 13:52,2
17/06/2022 13:44,2
17/06/2022 13:40,1
17/06/2022 13:40,1
17/06/2022 13:34,1
17/06/2022 13:34,2
17/06/2022 13:26,5
17/06/2022 13:22,2
17/06/2022 13:22,3
17/06/2022 13:22,3
17/06/2022 13:19,1
17/06/2022 13:17,1
17/06/2022 13:16,1
17/06/2022 13:14,4
17/06/2022 13:13,1
17/06/2022 13:13,1
17/06/2022 13:12,3
17/06/2022 13:12,5
17/06/2022 13:02,1
17/06/2022 13:01,5
17/06/2022 12:59,5
17/06/2022 12:53,1
17/06/2022 12:51,1
17/06/2022 12:51,5
17/06/2022 12:41,2
17/06/2022 12:40,1
17/06/2022 12:39,4
17/06/2022 12:37,4
17/06/2022 12:34,5
17/06/2022 12:33,1
17/06/2022 12:31,5
17/06/2022 12:24,5
17/06/2022 12:22,5
17/06/2022 12:20,1
17/06/2022 12:18,1
17/06/2022 12:13,5
17/06/2022 12:11,2
17/06/2022 12:10,1
17/06/2022 12:09,5
17/06/2022 12:08,5
17/06/2022 12:00,5
17/06/2022 11:52,1
17/06/2022 11:51,5
17/06/2022 11:43,3
17/06/2022 11:39,1
17/06/2022 11:37,4
17/06/2022 11:37,5
17/06/2022 11:30,5
17/06/2022 11:26,3
17/06/2022 11:24,5
17/06/2022 11:16,1
17/06/2022 11:10,2
17/06/2022 11:09,5
17/06/2022 11:04,2
17/06/2022 11:03,1
17/06/2022 11:02,2
17/06/2022 11:01,5
17/06/2022 10:58,1
17/06/2022 10:57,4
17/06/2022 10:56,5
17/06/2022 10:54,5
17/06/2022 10:52,5
17/06/2022 10:47,1
17/06/2022 10:46,2
17/06/2022 10:44,4
17/06/2022 10:44,1
17/06/2022 10:37,5
17/06/2022 10:29,2
17/06/2022 10:29,2
17/06/2022 10:25,5
17/06/2022 10:14,1
17/06/2022 10:13,1
17/06/2022 10:03,4
17/06/2022 10:02,5
17/06/2022 10:02,4
17/06/2022 10:02,5
17/06/2022 09:58,5
17/06/2022 09:51,3
17/06/2022 09:50,1
17/06/2022 09:48,3
17/06/2022 09:45,1
17/06/2022 09:43,2
17/06/2022 09:40,3
17/06/2022 09:39,5
17/06/2022 09:37,4
17/06/2022 09:34,1
17/06/2022 09:34,3
17/06/2022 09:32,1
17/06/2022 09:20,5
17/06/2022 09:17,4
17/06/2022 09:14,2
17/06/2022 09:14,4
17/06/2022 09:06,1
17/06/2022 09:06,3
17/06/2022 09:05,2
17/06/2022 09:05,5
17/06/2022 08:57,1
17/06/2022 08:56,5
17/06/2022 08:51,4
17/06/2022 08:47,2
17/06/2022 08:43,1
17/06/2022 08:41,5
17/06/2022 08:40,1
17/06/2022 08:38,5
17/06/2022 08:27,1
17/06/2022 08:20,3
17/06/2022 08:16,5
17/06/2022 08:11,4
17/06/2022 08:08,1
17/06/2022 08:08,1
17/06/2022 07:58,3
17/06/2022 07:52,5
17/06/2022 07:46,1
17/06/2022 07:44,5
17/06/2022 07:39,5
17/06/2022 07:27,2
17/06/2022 07:27,5
17/06/2022 07:25,3
17/06/2022 07:25,1
17/06/2022 07:21,3
17/06/2022 07:21,5
17/06/2022 07:21,5
17/06/2022 07:18,4
17/06/2022 07:15,4
17/06/2022 07:14,1
17/06/2022 07:09,5
17/06/2022 07:07,2
17/06/2022 07:00,5
17/06/2022 06:57,2
17/06/2022 06:49,5
17/06/2022 06:47,1
17/06/2022 06:44,5
17/06/2022 06:42,4
17/06/2022 06:41,1
17/06/2022 06:33,2
17/06/2022 06:31,5
17/06/2022 06:24,1
17/06/2022 06:22,5
17/06/2022 06:21,4
17/06/2022 06:19,1
17/06/2022 06:10,5
17/06/2022 06:09,5
17/06/2022 06:02,1
17/06/2022 06:02,5
17/06/2022 05:59,2
17/06/2022 05:55,5
17/06/2022 05:54,5
17/06/2022 05:52,3
17/06/2022 05:50,1
17/06/2022 05:46,2
17/06/2022 05:35,5
17/06/2022 05:32,2
17/06/2022 05:26,2
17/06/2022 05:26,5
17/06/2022 05:11,5
17/06/2022 05:07,5
17/06/2022 05:03,1
17/06/2022 05:01,5
17/06/2022 04:58,1
17/06/2022 04:52,5
17/06/2022 04:50,1
17/06/2022 04:49,1
17/06/2022 04:48,3
17/06/2022 04:48,5
17/06/2022 04:43,2
17/06/2022 04:43,2
17/06/2022 04:34,4
17/06/2022 04:24,1
17/06/2022 04:23,5
17/06/2022 04:21,5
17/06/2022 04:20,1
17/06/2022 04:20,4
17/06/2022 04:14,5
17/06/2022 04:13,1
17/06/2022 04:12,5
17/06/2022 03:54,4
17/06/2022 03:37,5
17/06/2022 03:35,1
17/06/2022 03:33,4
17/06/2022 03:26,3
17/06/2022 03:23,5
17/06/2022 03:22,3
17/06/2022 03:17,5
17/06/2022 03:15,2
17/06/2022 03:10,4
17/06/2022 03:03,1
17/06/2022 03:03,1
17/06/2022 02:59,2
17/06/2022 02:59,1
17/06/2022 02:58,2
17/06/2022 02:58,3
17/06/2022 02:55,4
17/06/2022 02:54,1
17/06/2022 02:40,2
17/06/2022 02:36,4
17/06/2022 02:32,1
17/06/2022 02:23,1
17/06/2022 02:20,5
17/06/2022 02:18,4
17/06/2022 02:16,4
17/06/2022 02:15,1
17/06/2022 02:15,5
17/06/2022 02:13,5
17/06/2022 02:13,1
17/06/2022 02:11,5
17/06/2022 02:09,1
17/06/2022 02:02,5
17/06/2022 02:00,5
17/06/2022 02:00,4
17/06/2022 01:56,5
17/06/2022 01:54,5
17/06/2022 01:52,5
17/06/2022 01:52,5
17/06/2022 01:50,3
17/06/2022 01:46,5
17/06/2022 01:41,5
17/06/2022 01:40,3
17/06/2022 01:39,5
17/06/2022 01:32,5
17/06/2022 01:24,1
17/06/2022 01:24,5
17/06/2022 01:23,5
17/06/2022 01:20,3
17/06/2022 01:19,2
17/06/2022 01:08,4
17/06/2022 01:07,4
17/06/2022 01:04,5
17/06/2022 01:03,2
17/06/2022 01:01,1
17/06/2022 00:41,5
17/06/2022 00:39,5
17/06/2022 00:36,5
17/06/2022 00:30,5
17/06/2022 00:29,5
17/06/2022 00:24,5
17/06/2022 00:17,2
17/06/2022 00:16,3
17/06/2022 00:15,1
17/06/2022 00:11,3
17/06/2022 00:07,4
17/06/2022 00:03,1
16/06/2022 23:58,5
16/06/2022 23:57,5
16/06/2022 23:47,5
16/06/2022 23:45,3
16/06/2022 23:27,5
16/06/2022 23:24,5
16/06/2022 23:14,5
16/06/2022 23:12,5
16/06/2022 23:04,1
16/06/2022 23:04,5
16/06/2022 23:02,5
16/06/2022 22:49,1
16/06/2022 22:46,4
16/06/2022 22:39,2
16/06/2022 22:36,4
16/06/2022 22:29,5
16/06/2022 22:28,1
16/06/2022 22:19,2
16/06/2022 22:18,5
16/06/2022 22:14,5
16/06/2022 22:09,5
16/06/2022 22:08,5
16/06/2022 22:08,1
16/06/2022 22:07,4
16/06/2022 22:06,1
16/06/2022 22:05,5
16/06/2022 22:01,1
16/06/2022 22:00,5
16/06/2022 21:58,5
16/06/2022 21:56,3
16/06/2022 21:51,5
16/06/2022 21:44,1
16/06/2022 21:42,5
16/06/2022 21:39,5
16/06/2022 21:39,5
16/06/2022 21:33,5
16/06/2022 21:30,4
16/06/2022 21:19,3
16/06/2022 21:15,1
16/06/2022 21:13,5
16/06/2022 21:12,5
16/06/2022 21:05,5
16/06/2022 21:01,5
16/06/2022 20:58,4
16/06/2022 20:54,4
16/06/2022 20:53,1
16/06/2022 20:46,5
16/06/2022 20:45,1
16/06/2022 20:44,1
16/06/2022 20:43,3
16/06/2022 20:42,3
16/06/2022 20:41,3
16/06/2022 20:40,2
16/06/2022 20:35,2
16/06/2022 20:29,5
16/06/2022 20:28,5
16/06/2022 20:28,5
16/06/2022 20:27,5
16/06/2022 20:26,2
16/06/2022 20:24,4
16/06/2022 20:16,1
16/06/2022 20:14,2
16/06/2022 20:09,5
16/06/2022 20:05,5
16/06/2022 20:00,5
16/06/2022 19:50,5
16/06/2022 19:46,5
16/06/2022 19:45,5
16/06/2022 19:44,5
16/06/2022 19:42,3
16/06/2022 19:40,5
16/06/2022 19:35,5
16/06/2022 19:34,5
16/06/2022 19:27,5
16/06/2022 19:25,5
16/06/2022 19:22,5
16/06/2022 19:21,3
16/06/2022 19:20,1
16/06/2022 19:15,2
16/06/2022 19:15,5
16/06/2022 19:11,5
16/06/2022 19:07,5
16/06/2022 19:05,5
16/06/2022 19:03,1
16/06/2022 19:01,5
16/06/2022 19:00,2
16/06/2022 18:57,5
16/06/2022 18:51,5
16/06/2022 18:50,3
16/06/2022 18:49,4
16/06/2022 18:45,5
16/06/2022 18:42,2
16/06/2022 18:35,5
16/06/2022 18:31,5
16/06/2022 18:28,1
16/06/2022 18:25,1
16/06/2022 18:19,5
16/06/2022 18:13,3
16/06/2022 18:10,5
16/06/2022 18:03,5
16/06/2022 18:01,2
16/06/2022 17:59,5
16/06/2022 17:48,1
16/06/2022 17:37,1
16/06/2022 17:35,5
16/06/2022 17:31,2
16/06/2022 17:27,1
16/06/2022 17:25,5
16/06/2022 17:24,5
16/06/2022 17:20,1
16/06/2022 17:19,5
16/06/2022 17:17,5
16/06/2022 17:13,2
16/06/2022 17:13,5
16/06/2022 17:12,5
16/06/2022 17:11,5
16/06/2022 17:09,5
16/06/2022 17:09,1
16/06/2022 17:06,4
16/06/2022 17:02,5
16/06/2022 17:02,1
16/06/2022 16:55,5
16/06/2022 16:54,5
16/06/2022 16:51,1
16/06/2022 16:48,1
16/06/2022 16:46,3
16/06/2022 16:45,5
16/06/2022 16:42,2
16/06/2022 16:41,4
16/06/2022 16:41,2
16/06/2022 16:40,4
16/06/2022 16:37,1
16/06/2022 16:33,5
16/06/2022 16:28,1
16/06/2022 16:22,5
16/06/2022 16:19,1
16/06/2022 16:17,1
16/06/2022 16:15,4
16/06/2022 16:09,3
16/06/2022 16:08,3
16/06/2022 16:08,5
16/06/2022 16:05,5
16/06/2022 16:05,1
16/06/2022 16:01,1
16/06/2022 15:59,5
16/06/2022 15:55,3
16/06/2022 15:49,3
16/06/2022 15:44,5
16/06/2022 15:44,5
16/06/2022 15:38,5
16/06/2022 15:37,1
16/06/2022 15:34,5
16/06/2022 15:30,3
16/06/2022 15:27,1
16/06/2022 15:21,5
16/06/2022 15:18,5
16/06/2022 15:16,5
16/06/2022 15:06,1
16/06/2022 15:05,3
16/06/2022 15:04,4
16/06/2022 15:03,1
16/06/2022 15:01,3
16/06/2022 14:57,4
16/06/2022 14:53,5
16/06/2022 14:52,5
16/06/2022 14:49,5
16/06/2022 14:48,1
16/06/2022 14:47,1
16/06/2022 14:44,3
16/06/2022 14:44,5
16/06/2022 14:41,5
16/06/2022 14:37,5
16/06/2022 14:36,5
16/06/2022 14:30,5
16/06/2022 14:27,4
16/06/2022 14:23,5
16/06/2022 14:23,5
16/06/2022 14:21,3
16/06/2022 14:21,1
16/06/2022 14:21,3
16/06/2022 14:16,5
16/06/2022 14:14,5
16/06/2022 14:12,5
16/06/2022 14:11,5
16/06/2022 14:06,5
16/06/2022 14:06,5
16/06/2022 14:06,1
16/06/2022 14:06,1
16/06/2022 14:05,1
16/06/2022 13:51,5
16/06/2022 13:49,2
16/06/2022 13:48,5
16/06/2022 13:47,5
16/06/2022 13:47,4
16/06/2022 13:46,4
16/06/2022 13:36,5
16/06/2022 13:28,1
16/06/2022 13:26,5
16/06/2022 13:22,2
16/06/2022 13:20,5
16/06/2022 13:19,3
16/06/2022 13:17,3
16/06/2022 13:14,5
16/06/2022 13:13,5
16/06/2022 13:09,5
16/06/2022 13:07,1
16/06/2022 13:06,5
16/06/2022 13:01,1
16/06/2022 13:00,5
16/06/2022 12:58,1
16/06/2022 12:58,4
16/06/2022 12:52,5
16/06/2022 12:52,5
16/06/2022 12:47,1
16/06/2022 12:45,5
16/06/2022 12:41,5
16/06/2022 12:41,5
16/06/2022 12:32,5
16/06/2022 12:31,4
16/06/2022 12:31,4
16/06/2022 12:29,2
16/06/2022 12:28,2
16/06/2022 12:27,5
16/06/2022 12:26,5
16/06/2022 12:21,2
16/06/2022 12:12,5
16/06/2022 12:11,1
16/06/2022 12:03,1
16/06/2022 12:00,5
16/06/2022 11:59,2
16/06/2022 11:59,1
16/06/2022 11:51,4
16/06/2022 11:51,1
16/06/2022 11:48,1
16/06/2022 11:48,4
16/06/2022 11:43,2
16/06/2022 11:41,5
16/06/2022 11:38,4
16/06/2022 11:34,2
16/06/2022 11:34,1
16/06/2022 11:34,2
16/06/2022 11:34,2
16/06/2022 11:33,5
16/06/2022 11:23,5
16/06/2022 11:03,5
16/06/2022 11:02,2
16/06/2022 11:01,5
16/06/2022 11:00,5
16/06/2022 10:54,5
16/06/2022 10:53,5
16/06/2022 10:52,1
16/06/2022 10:48,1
16/06/2022 10:36,1
16/06/2022 10:33,2
16/06/2022 10:30,2
16/06/2022 10:20,1
16/06/2022 10:12,1
16/06/2022 10:11,5
16/06/2022 10:08,2
16/06/2022 10:01,4
16/06/2022 09:57,3
16/06/2022 09:50,1
16/06/2022 09:50,5
16/06/2022 09:48,2
16/06/2022 09:46,2
16/06/2022 09:38,3
16/06/2022 09:38,4
16/06/2022 09:36,5
16/06/2022 09:22,3
16/06/2022 09:19,1
16/06/2022 09:19,5
16/06/2022 09:18,5
16/06/2022 09:09,4
16/06/2022 09:06,5
16/06/2022 09:04,1
16/06/2022 09:03,4
16/06/2022 09:02,3
16/06/2022 09:00,5
16/06/2022 08:48,5
16/06/2022 08:46,5
16/06/2022 08:43,5
16/06/2022 08:39,5
16/06/2022 08:38,1
16/06/2022 08:33,5
16/06/2022 08:32,4
16/06/2022 08:31,5
16/06/2022 08:28,5
16/06/2022 08:28,1
16/06/2022 08:27,1
16/06/2022 08:23,5
16/06/2022 08:21,1
16/06/2022 08:20,5
16/06/2022 08:15,5
16/06/2022 08:12,4
16/06/2022 08:10,4
16/06/2022 08:05,5
16/06/2022 08:04,5
16/06/2022 08:04,4
16/06/2022 08:00,5
16/06/2022 07:53,1
16/06/2022 07:47,5
16/06/2022 07:45,5
16/06/2022 07:37,5
16/06/2022 07:32,5
16/06/2022 07:27,5
16/06/2022 07:26,1
16/06/2022 07:26,4
16/06/2022 07:21,5
16/06/2022 07:20,2
16/06/2022 07:18,2
16/06/2022 07:18,1
16/06/2022 07:12,3
16/06/2022 07:06,4
16/06/2022 07:00,5
16/06/2022 06:55,5
16/06/2022 06:52,5
16/06/2022 06:46,1
16/06/2022 06:43,4
16/06/2022 06:41,5
16/06/2022 06:25,1
16/06/2022 06:21,4
16/06/2022 06:21,5
16/06/2022 06:14,2
16/06/2022 06:14,4
16/06/2022 06:08,3
16/06/2022 06:07,1
16/06/2022 06:05,4
16/06/2022 06:05,5
16/06/2022 06:02,5
16/06/2022 06:02,1
16/06/2022 05:58,2
16/06/2022 05:54,4
16/06/2022 05:54,1
16/06/2022 05:47,1
16/06/2022 05:38,1
16/06/2022 05:38,4
16/06/2022 05:27,5
16/06/2022 05:22,1
16/06/2022 05:17,4
16/06/2022 05:16,5
16/06/2022 05:13,3
16/06/2022 05:11,5
16/06/2022 05:11,5
16/06/2022 05:07,1
16/06/2022 05:05,5
16/06/2022 04:55,1
16/06/2022 04:54,5
16/06/2022 04:53,5
16/06/2022 04:51,5
16/06/2022 04:48,3
16/06/2022 04:47,2
16/06/2022 04:47,1
16/06/2022 04:38,5
16/06/2022 04:37,1
16/06/2022 04:32,4
16/06/2022 04:32,1
16/06/2022 04:29,2
16/06/2022 04:26,5
16/06/2022 04:25,5
16/06/2022 04:21,5
16/06/2022 04:19,4
16/06/2022 04:16,4
16/06/2022 04:14,2
16/06/2022 04:07,4
16/06/2022 04:05,5
16/06/2022 03:55,4
16/06/2022 03:47,2
16/06/2022 03:47,3
16/06/2022 03:46,5
16/06/2022 03:37,1
16/06/2022 03:34,5
16/06/2022 03:31,1
16/06/2022 03:30,1
16/06/2022 03:27,5
16/06/2022 03:26,4
16/06/2022 03:24,5
16/06/2022 03:16,5
16/06/2022 03:14,4
16/06/2022 03:11,3
16/06/2022 03:11,4
16/06/2022 03:11,1
16/06/2022 03:11,5
16/06/2022 03:05,1
16/06/2022 03:04,5
16/06/2022 02:55,2
16/06/2022 02:54,5
16/06/2022 02:52,4
16/06/2022 02:50,5
16/06/2022 02:44,5
16/06/2022 02:43,4
16/06/2022 02:37,5
16/06/2022 02:33,5
16/06/2022 02:29,4
16/06/2022 02:26,2
16/06/2022 02:23,3
16/06/2022 02:21,3
16/06/2022 02:13,1
16/06/2022 02:12,2
16/06/2022 02:05,1
16/06/2022 01:57,3
16/06/2022 01:49,2
16/06/2022 01:47,5
16/06/2022 01:42,1
16/06/2022 01:41,4
16/06/2022 01:39,5
16/06/2022 01:26,4
16/06/2022 01:25,5
16/06/2022 01:24,1
16/06/2022 01:21,1
16/06/2022 01:20,4
16/06/2022 01:16,5
16/06/2022 01:05,5
16/06/2022 01:04,1
16/06/2022 01:03,5
16/06/2022 01:03,1
16/06/2022 00:56,4
16/06/2022 00:48,5
16/06/2022 00:45,5
16/06/2022 00:42,4
16/06/2022 00:40,1
16/06/2022 00:38,5
16/06/2022 00:34,3
16/06/2022 00:32,4
16/06/2022 00:29,5
16/06/2022 00:17,5
16/06/2022 00:17,5
16/06/2022 00:02,4
15/06/2022 23:58,3
15/06/2022 23:55,5
15/06/2022 23:47,5
15/06/2022 23:44,5
15/06/2022 23:42,2
15/06/2022 23:41,5
15/06/2022 23:41,5
15/06/2022 23:38,1
15/06/2022 23:19,1
15/06/2022 23:08,1
15/06/2022 23:08,5
15/06/2022 23:07,4
15/06/2022 23:00,5
15/06/2022 22:53,1
15/06/2022 22:52,5
15/06/2022 22:47,1
15/06/2022 22:40,2
15/06/2022 22:38,4
15/06/2022 22:31,1
15/06/2022 22:28,1
15/06/2022 22:28,5
15/06/2022 22:23,3
15/06/2022 22:22,5
15/06/2022 22:18,5
15/06/2022 22:18,5
15/06/2022 22:15,5
15/06/2022 22:13,1
15/06/2022 22:12,1
15/06/2022 22:11,5
15/06/2022 22:10,5
15/06/2022 22:04,5
15/06/2022 22:00,3
15/06/2022 22:00,2
15/06/2022 21:52,5
15/06/2022 21:51,5
15/06/2022 21:47,2
15/06/2022 21:46,3
15/06/2022 21:40,1
15/06/2022 21:29,4
15/06/2022 21:23,4
15/06/2022 21:23,3
15/06/2022 21:23,1
15/06/2022 21:20,5
15/06/2022 21:17,5
15/06/2022 21:16,1
15/06/2022 21:06,3
15/06/2022 21:04,5
15/06/2022 21:00,1
15/06/2022 20:59,2
15/06/2022 20:53,1
15/06/2022 20:45,1
15/06/2022 20:43,5
15/06/2022 20:32,3
15/06/2022 20:26,5
15/06/2022 20:26,1
15/06/2022 20:19,2
15/06/2022 20:19,5
15/06/2022 20:14,5
15/06/2022 20:04,5
15/06/2022 19:56,5
15/06/2022 19:53,1
15/06/2022 19:48,1
15/06/2022 19:45,1
15/06/2022 19:45,1
15/06/2022 19:39,5
15/06/2022 19:39,5
15/06/2022 19:35,5
15/06/2022 19:29,5
15/06/2022 19:23,4
15/06/2022 19:22,5
15/06/2022 19:21,1
15/06/2022 19:21,5
15/06/2022 19:13,3
15/06/2022 19:12,4
15/06/2022 19:12,5
15/06/2022 19:08,5
15/06/2022 19:07,3
15/06/2022 19:02,1
15/06/2022 19:00,4
15/06/2022 18:57,5
15/06/2022 18:54,2
15/06/2022 18:50,4
15/06/2022 18:47,1
15/06/2022 18:41,1
15/06/2022 18:33,1
15/06/2022 18:32,5
15/06/2022 18:28,5
15/06/2022 18:26,4
15/06/2022 18:25,5
15/06/2022 18:24,1
15/06/2022 18:22,2
15/06/2022 18:19,1
15/06/2022 18:19,3
15/06/2022 18:15,5
15/06/2022 18:14,5
15/06/2022 18:13,5
15/06/2022 18:08,5
15/06/2022 18:08,3
15/06/2022 18:05,5
15/06/2022 18:02,4
15/06/2022 18:00,1
15/06/2022 17:57,5
15/06/2022 17:56,4
15/06/2022 17:52,5
15/06/2022 17:49,5
15/06/2022 17:47,3
15/06/2022 17:43,5
15/06/2022 17:38,5
15/06/2022 17:34,5
15/06/2022 17:30,5
15/06/2022 17:25,1
15/06/2022 17:21,1
15/06/2022 17:21,3
15/06/2022 17:21,4
15/06/2022 17:15,5
15/06/2022 17:15,3
15/06/2022 17:15,3
15/06/2022 17:13,4
15/06/2022 17:12,2
15/06/2022 17:12,5
15/06/2022 17:10,5
15/06/2022 17:07,4
15/06/2022 17:04,5
15/06/2022 17:01,5
15/06/2022 17:01,5
15/06/2022 16:59,5
15/06/2022 16:53,5
15/06/2022 16:52,5
15/06/2022 16:45,3
15/06/2022 16:45,5
15/06/2022 16:29,1
15/06/2022 16:28,1
15/06/2022 16:27,5
15/06/2022 16:26,4
15/06/2022 16:26,4
15/06/2022 16:23,3
15/06/2022 16:19,5
15/06/2022 16:12,1
15/06/2022 16:08,1
15/06/2022 16:07,5
15/06/2022 16:06,4
15/06/2022 16:04,2
15/06/2022 16:02,5
15/06/2022 16:01,2
15/06/2022 16:00,3
15/06/2022 15:57,5
15/06/2022 15:57,2
15/06/2022 15:53,4
15/06/2022 15:52,3
15/06/2022 15:51,1
15/06/2022 15:45,5
15/06/2022 15:45,3
15/06/2022 15:42,5
15/06/2022 15:40,1
15/06/2022 15:36,2
15/06/2022 15:25,4
15/06/2022 15:25,1
15/06/2022 15:23,1
15/06/2022 15:21,2
15/06/2022 15:21,5
15/06/2022 15:21,2
15/06/2022 15:19,1
15/06/2022 15:17,4
15/06/2022 15:16,3
15/06/2022 15:15,5
15/06/2022 15:14,3
15/06/2022 15:14,1
15/06/2022 15:12,1
15/06/2022 15:10,5
15/06/2022 15:06,5
15/06/2022 15:03,5
15/06/2022 15:02,4
15/06/2022 15:02,4
15/06/2022 14:57,4
15/06/2022 14:57,1
15/06/2022 14:52,5
15/06/2022 14:51,5
15/06/2022 14:46,1
15/06/2022 14:44,5
15/06/2022 14:44,5
15/06/2022 14:37,5
15/06/2022 14:36,5
15/06/2022 14:34,4
15/06/2022 14:33,2
15/06/2022 14:33,1
15/06/2022 14:30,1
15/06/2022 14:30,2
15/06/2022 14:29,2
15/06/2022 14:27,1
15/06/2022 14:24,5
15/06/2022 14:22,5
15/06/2022 14:19,1
15/06/2022 14:16,4
15/06/2022 14:10,5
15/06/2022 14:07,1
15/06/2022 14:05,5
15/06/2022 14:02,1
15/06/2022 13:58,5
15/06/2022 13:58,5
15/06/2022 13:57,3
15/06/2022 13:48,5
15/06/2022 13:47,4
15/06/2022 13:43,1
15/06/2022 13:41,4
15/06/2022 13:40,1
15/06/2022 13:39,3
15/06/2022 13:32,5
15/06/2022 13:31,5
15/06/2022 13:30,1
15/06/2022 13:28,5
15/06/2022 13:27,5
15/06/2022 13:21,5
15/06/2022 13:16,5
15/06/2022 13:16,2
15/06/2022 13:12,4
15/06/2022 13:08,5
15/06/2022 13:01,2
15/06/2022 13:00,2
15/06/2022 12:59,1
15/06/2022 12:58,5
15/06/2022 12:55,3
15/06/2022 12:49,5
15/06/2022 12:49,5
15/06/2022 12:44,3
15/06/2022 12:43,5
15/06/2022 12:35,5
15/06/2022 12:31,1
15/06/2022 12:27,1
15/06/2022 12:24,4
15/06/2022 12:24,1
15/06/2022 12:18,1
15/06/2022 12:13,5
15/06/2022 12:11,1
15/06/2022 12:09,3
15/06/2022 12:07,3
15/06/2022 12:02,1
15/06/2022 12:01,1
15/06/2022 11:55,1
15/06/2022 11:55,5
15/06/2022 11:52,5
15/06/2022 11:50,3
15/06/2022 11:50,5
15/06/2022 11:42,1
15/06/2022 11:42,5
15/06/2022 11:39,5
15/06/2022 11:38,5
15/06/2022 11:32,4
15/06/2022 11:26,4
15/06/2022 11:20,3
15/06/2022 11:08,5
15/06/2022 11:08,1
15/06/2022 10:59,1
15/06/2022 10:52,1
15/06/2022 10:49,2
15/06/2022 10:43,3
15/06/2022 10:42,4
15/06/2022 10:39,5
15/06/2022 10:37,5
15/06/2022 10:24,2
15/06/2022 10:19,5
15/06/2022 10:18,5
15/06/2022 10:16,5
15/06/2022 10:12,1
15/06/2022 10:10,3
15/06/2022 10:10,1
15/06/2022 10:05,5
15/06/2022 09:59,5
15/06/2022 09:56,2
15/06/2022 09:48,5
15/06/2022 09:46,3
15/06/2022 09:44,5
15/06/2022 09:41,5
15/06/2022 09:41,5
15/06/2022 09:32,5
15/06/2022 09:28,4
15/06/2022 09:26,5
15/06/2022 09:21,4
15/06/2022 09:21,5
15/06/2022 09:16,3
15/06/2022 09:13,5
15/06/2022 09:09,1
15/06/2022 09:06,3
15/06/2022 08:59,5
15/06/2022 08:59,5
15/06/2022 08:51,5
15/06/2022 08:48,1
15/06/2022 08:48,1
15/06/2022 08:47,4
15/06/2022 08:45,5
15/06/2022 08:35,2
15/06/2022 08:22,5
15/06/2022 08:21,4
15/06/2022 08:17,1
15/06/2022 08:11,5
15/06/2022 08:03,5
15/06/2022 07:51,1
15/06/2022 07:43,2
15/06/2022 07:37,3
15/06/2022 07:35,5
15/06/2022 07:31,1
15/06/2022 07:30,4
15/06/2022 07:29,3
15/06/2022 07:28,5
15/06/2022 07:27,5
15/06/2022 07:22,5
15/06/2022 07:20,1
15/06/2022 07:18,5
15/06/2022 07:17,5
15/06/2022 07:10,1
15/06/2022 07:00,3
15/06/2022 06:58,5
15/06/2022 06:48,2
15/06/2022 06:40,1
15/06/2022 06:39,5
15/06/2022 06:31,2
15/06/2022 06:28,5
15/06/2022 06:23,4
15/06/2022 06:20,2
15/06/2022 06:14,5
15/06/2022 06:10,5
15/06/2022 06:08,5
15/06/2022 05:59,5
15/06/2022 05:59,1
15/06/2022 05:48,1
15/06/2022 05:48,2
15/06/2022 05:44,1
15/06/2022 05:41,5
15/06/2022 05:38,5
15/06/2022 05:36,4
15/06/2022 05:35,5
15/06/2022 05:28,2
15/06/2022 05:16,2
15/06/2022 05:16,1
15/06/2022 05:14,2
15/06/2022 05:04,1
15/06/2022 04:59,1
15/06/2022 04:55,5
15/06/2022 04:55,5
15/06/2022 04:50,2
15/06/2022 04:46,5
15/06/2022 04:46,3
15/06/2022 04:42,2
15/06/2022 04:40,1
15/06/2022 04:38,5
15/06/2022 04:33,5
15/06/2022 04:31,5
15/06/2022 04:30,5
15/06/2022 04:23,5
15/06/2022 04:20,2
15/06/2022 04:20,1
15/06/2022 04:09,5
15/06/2022 04:08,5
15/06/2022 04:05,1
15/06/2022 03:54,5
15/06/2022 03:52,5
15/06/2022 03:45,5
15/06/2022 03:42,5
15/06/2022 03:41,1
15/06/2022 03:35,1
15/06/2022 03:34,4
15/06/2022 03:30,5
15/06/2022 03:23,5
15/06/2022 03:21,3
15/06/2022 03:19,2
15/06/2022 03:17,2
15/06/2022 03:16,4
15/06/2022 03:14,2
15/06/2022 03:12,5
15/06/2022 02:52,1
15/06/2022 02:51,1
15/06/2022 02:51,1
15/06/2022 02:48,1
15/06/2022 02:41,5
15/06/2022 02:39,5
15/06/2022 02:36,5
15/06/2022 02:36,2
15/06/2022 02:34,5
15/06/2022 02:20,2
15/06/2022 02:18,1
15/06/2022 02:17,4
15/06/2022 02:16,4
15/06/2022 02:13,1
15/06/2022 02:06,1
15/06/2022 02:05,5
15/06/2022 02:00,5
15/06/2022 01:55,5
15/06/2022 01:55,4
15/06/2022 01:52,3
15/06/2022 01:48,1
15/06/2022 01:48,5
15/06/2022 01:47,4
15/06/2022 01:43,5
15/06/2022 01:26,1
15/06/2022 01:25,5
15/06/2022 01:25,2
15/06/2022 01:18,1
15/06/2022 01:17,1
15/06/2022 01:06,4
15/06/2022 00:52,1
15/06/2022 00:47,5
15/06/2022 00:44,3
15/06/2022 00:42,5
15/06/2022 00:39,2
15/06/2022 00:36,5
15/06/2022 00:20,3
15/06/2022 00:18,1
15/06/2022 00:17,3
15/06/2022 00:16,5
15/06/2022 00:12,5
15/06/2022 00:10,5
15/06/2022 00:08,4
15/06/2022 00:06,4
15/06/2022 00:02,1
15/06/2022 00:01,1
15/06/2022 00:00,1
14/06/2022 23:59,2
14/06/2022 23:56,5
14/06/2022 23:55,2
14/06/2022 23:55,5
14/06/2022 23:52,4
14/06/2022 23:45,5
14/06/2022 23:43,1
14/06/2022 23:42,4
14/06/2022 23:40,1
14/06/2022 23:39,5
14/06/2022 23:36,5
14/06/2022 23:35,5
14/06/2022 23:31,5
14/06/2022 23:24,5
14/06/2022 23:24,5
14/06/2022 23:13,4
14/06/2022 23:13,5
14/06/2022 23:05,5
14/06/2022 23:03,5
14/06/2022 22:55,4
14/06/2022 22:54,3
14/06/2022 22:47,5
14/06/2022 22:45,5
14/06/2022 22:41,1
14/06/2022 22:41,5
14/06/2022 22:40,5
14/06/2022 22:29,3
14/06/2022 22:29,3
14/06/2022 22:22,1
14/06/2022 22:21,5
14/06/2022 22:21,4
14/06/2022 22:21,1
14/06/2022 22:04,4
14/06/2022 22:01,3
14/06/2022 21:58,4
14/06/2022 21:53,2
14/06/2022 21:49,2
14/06/2022 21:47,5
14/06/2022 21:45,5
14/06/2022 21:40,5
14/06/2022 21:36,4
14/06/2022 21:26,5
14/06/2022 21:23,2
14/06/2022 21:21,1
14/06/2022 21:15,5
14/06/2022 21:13,1
14/06/2022 21:12,5
14/06/2022 21:08,5
14/06/2022 21:03,5
14/06/2022 20:59,5
14/06/2022 20:59,4
14/06/2022 20:58,5
14/06/2022 20:55,4
14/06/2022 20:51,5
14/06/2022 20:44,5
14/06/2022 20:40,4
14/06/2022 20:35,2
14/06/2022 20:33,1
14/06/2022 20:33,5
14/06/2022 20:30,5
14/06/2022 20:30,5
14/06/2022 20:26,2
14/06/2022 20:20,5
14/06/2022 20:20,1
14/06/2022 20:15,5
14/06/2022 20:10,5
14/06/2022 20:04,1
14/06/2022 20:02,1
14/06/2022 20:01,1
14/06/2022 19:58,5
14/06/2022 19:55,5
14/06/2022 19:54,1
14/06/2022 19:47,5
14/06/2022 19:42,5
14/06/2022 19:40,1
14/06/2022 19:37,5
14/06/2022 19:30,5
14/06/2022 19:25,5
14/06/2022 19:18,1
14/06/2022 19:15,2
14/06/2022 19:14,5
14/06/2022 19:05,1
14/06/2022 19:04,5
14/06/2022 19:00,3
14/06/2022 19:00,4
14/06/2022 18:59,5
14/06/2022 18:59,1
14/06/2022 18:53,4
14/06/2022 18:50,4
14/06/2022 18:45,1
14/06/2022 18:45,5
14/06/2022 18:43,5
14/06/2022 18:41,5
14/06/2022 18:36,1
14/06/2022 18:33,5
14/06/2022 18:31,5
14/06/2022 18:29,1
14/06/2022 18:26,1
14/06/2022 18:25,3
14/06/2022 18:24,4
14/06/2022 18:22,1
14/06/2022 18:15,2
14/06/2022 18:14,1
14/06/2022 18:09,5
14/06/2022 18:08,5
14/06/2022 18:08,5
14/06/2022 18:04,5
14/06/2022 17:58,5
14/06/2022 17:57,5
14/06/2022 17:53,5
14/06/2022 17:52,5
14/06/2022 17:52,4
14/06/2022 17:51,5
14/06/2022 17:50,3
14/06/2022 17:50,1
14/06/2022 17:44,5
14/06/2022 17:36,2
14/06/2022 17:34,5
14/06/2022 17:31,5
14/06/2022 17:28,5
14/06/2022 17:27,5
14/06/2022 17:24,5
14/06/2022 17:22,5
14/06/2022 17:19,1
14/06/2022 17:12,5
14/06/2022 17:12,5
14/06/2022 17:06,4
14/06/2022 17:04,5
14/06/2022 17:03,1
14/06/2022 16:58,1
14/06/2022 16:57,4
14/06/2022 16:56,5
14/06/2022 16:52,5
14/06/2022 16:48,1
14/06/2022 16:47,5
14/06/2022 16:47,2
14/06/2022 16:44,2
14/06/2022 16:38,5
14/06/2022 16:36,1
14/06/2022 16:33,1
14/06/2022 16:26,1
14/06/2022 16:26,5
14/06/2022 16:26,4
14/06/2022 16:25,1
14/06/2022 16:25,3
14/06/2022 16:24,4
14/06/2022 16:23,1
14/06/2022 16:22,5
14/06/2022 16:16,1
14/06/2022 16:14,3
14/06/2022 16:10,5
14/06/2022 16:09,1
14/06/2022 16:01,1
14/06/2022 16:00,1
14/06/2022 15:59,5
14/06/2022 15:58,5
14/06/2022 15:54,5
14/06/2022 15:53,4
14/06/2022 15:52,3
14/06/2022 15:50,4
14/06/2022 15:50,5
14/06/2022 15:47,5
14/06/2022 15:45,1
14/06/2022 15:45,5
14/06/2022 15:44,1
14/06/2022 15:44,5
14/06/2022 15:43,3
14/06/2022 15:37,4
14/06/2022 15:35,5
14/06/2022 15:33,3
14/06/2022 15:33,5
14/06/2022 15:33,5
14/06/2022 15:23,5
14/06/2022 15:23,5
14/06/2022 15:22,2
14/06/2022 15:19,1
14/06/2022 15:19,2
14/06/2022 15:18,1
14/06/2022 15:17,4
14/06/2022 15:17,5
14/06/2022 15:15,3
14/06/2022 15:11,5
14/06/2022 15:07,4
14/06/2022 15:06,1
14/06/2022 15:05,4
14/06/2022 15:00,3
14/06/2022 15:00,5
14/06/2022 15:00,3
14/06/2022 14:59,5
14/06/2022 14:57,3
14/06/2022 14:54,1
14/06/2022 14:49,4
14/06/2022 14:46,5
14/06/2022 14:44,4
14/06/2022 14:42,5
14/06/2022 14:42,4
14/06/2022 14:40,3
14/06/2022 14:39,5
14/06/2022 14:36,3
14/06/2022 14:36,3
14/06/2022 14:32,1
14/06/2022 14:29,4
14/06/2022 14:24,3
14/06/2022 14:22,5
14/06/2022 14:20,4
14/06/2022 14:20,5
14/06/2022 14:18,2
14/06/2022 14:18,4
14/06/2022 14:17,5
14/06/2022 14:13,5
14/06/2022 14:13,5
14/06/2022 14:10,3
14/06/2022 14:03,1
14/06/2022 14:02,3
14/06/2022 14:02,5
14/06/2022 14:01,4
14/06/2022 13:58,3
14/06/2022 13:56,1
14/06/2022 13:48,1
14/06/2022 13:38,5
14/06/2022 13:35,1
14/06/2022 13:35,1
14/06/2022 13:30,1
14/06/2022 13:29,1
14/06/2022 13:28,1
14/06/2022 13:25,1
14/06/2022 13:22,4
14/06/2022 13:20,1
14/06/2022 13:20,5
14/06/2022 13:19,5
14/06/2022 13:17,2
14/06/2022 13:16,4
14/06/2022 13:13,5
14/06/2022 13:11,1
14/06/2022 13:08,5
14/06/2022 13:07,5
14/06/2022 13:03,4
14/06/2022 13:01,5
14/06/2022 13:00,5
14/06/2022 12:59,2
14/06/2022 12:56,5
14/06/2022 12:55,1
14/06/2022 12:54,4
14/06/2022 12:49,5
14/06/2022 12:46,1
14/06/2022 12:41,1
14/06/2022 12:38,5
14/06/2022 12:31,5
14/06/2022 12:30,1
14/06/2022 12:28,1
14/06/2022 12:25,1
14/06/2022 12:23,5
14/06/2022 12:18,3
14/06/2022 12:18,5
14/06/2022 12:12,1
14/06/2022 12:09,1
14/06/2022 12:04,1
14/06/2022 12:00,1
14/06/2022 11:58,5
14/06/2022 11:56,5
14/06/2022 11:52,5
14/06/2022 11:47,5
14/06/2022 11:41,1
14/06/2022 11:40,1
14/06/2022 11:36,5
14/06/2022 11:32,4
14/06/2022 11:29,1
14/06/2022 11:25,1
14/06/2022 11:25,1
14/06/2022 11:20,5
14/06/2022 11:15,5
14/06/2022 11:15,1
14/06/2022 11:13,4
14/06/2022 11:07,5
14/06/2022 11:05,5
14/06/2022 11:03,5
14/06/2022 11:01,4
14/06/2022 10:52,3
14/06/2022 10:50,4
14/06/2022 10:44,4
14/06/2022 10:41,5
14/06/2022 10:41,2
14/06/2022 10:39,5
14/06/2022 10:39,4
14/06/2022 10:30,4
14/06/2022 10:25,3
14/06/2022 10:25,4
14/06/2022 10:24,5
14/06/2022 10:23,4
14/06/2022 10:23,5
14/06/2022 10:15,3
14/06/2022 10:14,5
14/06/2022 10:14,4
14/06/2022 10:14,5
14/06/2022 10:13,5
14/06/2022 10:13,1
14/06/2022 10:10,3
14/06/2022 10:05,1
14/06/2022 09:56,5
14/06/2022 09:52,4
14/06/2022 09:35,5
14/06/2022 09:33,1
14/06/2022 09:32,1
14/06/2022 09:28,5
14/06/2022 09:25,1
14/06/2022 09:23,5
14/06/2022 09:21,5
14/06/2022 09:17,1
14/06/2022 09:16,5
14/06/2022 09:14,5
14/06/2022 09:12,4
14/06/2022 09:09,4
14/06/2022 09:02,5
14/06/2022 09:00,4
14/06/2022 09:00,1
14/06/2022 08:58,5
14/06/2022 08:55,1
14/06/2022 08:49,5
14/06/2022 08:48,2
14/06/2022 08:37,1
14/06/2022 08:27,5
14/06/2022 08:16,5
14/06/2022 08:10,4
14/06/2022 08:07,5
14/06/2022 08:03,3
14/06/2022 08:02,1
14/06/2022 08:00,5
14/06/2022 07:53,1
14/06/2022 07:53,5
14/06/2022 07:51,4
14/06/2022 07:46,3
14/06/2022 07:45,3
14/06/2022 07:40,5
14/06/2022 07:27,5
14/06/2022 07:22,5
14/06/2022 07:21,5
14/06/2022 07:20,1
14/06/2022 07:13,5
14/06/2022 07:08,1
14/06/2022 07:06,1
14/06/2022 07:04,5
14/06/2022 07:04,1
14/06/2022 07:00,1
14/06/2022 06:56,1
14/06/2022 06:52,2
14/06/2022 06:51,4
14/06/2022 06:50,5
14/06/2022 06:49,1
14/06/2022 06:45,3
14/06/2022 06:42,4
14/06/2022 06:34,5
14/06/2022 06:34,5
14/06/2022 06:32,4
14/06/2022 06:28,1
14/06/2022 06:26,5
14/06/2022 06:22,5
14/06/2022 06:18,3
14/06/2022 06:17,1
14/06/2022 06:11,5
14/06/2022 06:09,1
14/06/2022 05:58,5
14/06/2022 05:52,5
14/06/2022 05:47,5
14/06/2022 05:46,1
14/06/2022 05:45,1
14/06/2022 05:44,4
14/06/2022 05:41,4
14/06/2022 05:37,4
14/06/2022 05:27,5
14/06/2022 05:26,4
14/06/2022 05:05,5
14/06/2022 04:55,5
14/06/2022 04:49,5
14/06/2022 04:47,4
14/06/2022 04:45,5
14/06/2022 04:38,5
14/06/2022 04:36,3
14/06/2022 04:35,1
14/06/2022 04:32,3
14/06/2022 04:30,2
14/06/2022 04:29,5
14/06/2022 04:27,4
14/06/2022 04:23,4
14/06/2022 04:20,4
14/06/2022 04:20,3
14/06/2022 04:12,5
14/06/2022 04:08,5
14/06/2022 04:00,2
14/06/2022 03:59,5
14/06/2022 03:58,3
14/06/2022 03:58,5
14/06/2022 03:56,5
14/06/2022 03:55,4
14/06/2022 03:46,5
14/06/2022 03:43,1
14/06/2022 03:41,1
14/06/2022 03:39,1
14/06/2022 03:32,4
14/06/2022 03:27,5
14/06/2022 03:26,5
14/06/2022 03:22,1
14/06/2022 03:17,2
14/06/2022 03:16,3
14/06/2022 03:14,3
14/06/2022 03:09,5
14/06/2022 03:01,4
14/06/2022 03:00,1
14/06/2022 03:00,3
14/06/2022 02:54,2
14/06/2022 02:50,5
14/06/2022 02:50,2
14/06/2022 02:48,2
14/06/2022 02:44,4
14/06/2022 02:41,5
14/06/2022 02:35,5
14/06/2022 02:32,4
14/06/2022 02:21,4
14/06/2022 02:12,3
14/06/2022 02:08,3
14/06/2022 02:03,5
14/06/2022 02:03,4
14/06/2022 01:52,5
14/06/2022 01:50,5
14/06/2022 01:44,5
14/06/2022 01:44,1
14/06/2022 01:41,3
14/06/2022 01:39,5
14/06/2022 01:20,1
14/06/2022 01:18,5
14/06/2022 01:16,5
14/06/2022 01:06,2
14/06/2022 01:01,5
14/06/2022 01:01,3
14/06/2022 00:57,2
14/06/2022 00:57,4
14/06/2022 00:49,4
14/06/2022 00:44,5
14/06/2022 00:44,5
14/06/2022 00:36,5
14/06/2022 00:35,1
14/06/2022 00:34,1
14/06/2022 00:28,1
14/06/2022 00:21,1
14/06/2022 00:13,5
14/06/2022 00:12,5
14/06/2022 00:07,1
14/06/2022 00:07,2
14/06/2022 00:05,2
13/06/2022 23:57,2
13/06/2022 23:46,1
13/06/2022 23:41,3
13/06/2022 23:38,5
13/06/2022 23:36,5
13/06/2022 23:31,4
13/06/2022 23:27,3
13/06/2022 23:23,4
13/06/2022 23:19,5
13/06/2022 23:19,2
13/06/2022 23:11,5
13/06/2022 23:10,3
13/06/2022 23:08,5
13/06/2022 23:07,5
13/06/2022 23:05,5
13/06/2022 23:03,3
13/06/2022 23:01,3
13/06/2022 22:39,1
13/06/2022 22:36,1
13/06/2022 22:26,2
13/06/2022 22:21,1
13/06/2022 22:20,4
13/06/2022 22:19,5
13/06/2022 22:18,3
13/06/2022 22:14,5
13/06/2022 22:12,1
13/06/2022 22:08,5
13/06/2022 22:07,4
13/06/2022 22:04,2
13/06/2022 21:59,5
13/06/2022 21:56,1
13/06/2022 21:53,5
13/06/2022 21:45,1
13/06/2022 21:43,5
13/06/2022 21:38,1
13/06/2022 21:37,5
13/06/2022 21:35,4
13/06/2022 21:32,1
13/06/2022 21:29,5
13/06/2022 21:26,1
13/06/2022 21:25,4
13/06/2022 21:21,4
13/06/2022 21:21,1
13/06/2022 21:20,5
13/06/2022 21:20,5
13/06/2022 21:15,5
13/06/2022 21:13,3
13/06/2022 21:13,5
13/06/2022 21:12,1
13/06/2022 21:06,3
13/06/2022 21:01,5
13/06/2022 20:58,3
13/06/2022 20:57,1
13/06/2022 20:49,5
13/06/2022 20:49,2
13/06/2022 20:49,5
13/06/2022 20:48,2
13/06/2022 20:48,3
13/06/2022 20:45,1
13/06/2022 20:40,1
13/06/2022 20:37,3
13/06/2022 20:32,5
13/06/2022 20:28,3
13/06/2022 20:25,5
13/06/2022 20:24,3
13/06/2022 20:15,5
13/06/2022 20:13,5
13/06/2022 20:12,5
13/06/2022 20:08,4
13/06/2022 19:47,1
13/06/2022 19:45,2
13/06/2022 19:40,1
13/06/2022 19:39,1
13/06/2022 19:35,1
13/06/2022 19:34,1
13/06/2022 19:33,3
13/06/2022 19:33,5
13/06/2022 19:33,5
13/06/2022 19:30,1
13/06/2022 19:29,1
13/06/2022 19:25,5
13/06/2022 19:22,1
13/06/2022 19:14,4
13/06/2022 19:13,4
13/06/2022 19:12,2
13/06/2022 19:05,5
13/06/2022 19:02,1
13/06/2022 19:01,5
13/06/2022 18:59,3
13/06/2022 18:56,2
13/06/2022 18:52,5
13/06/2022 18:46,5
13/06/2022 18:45,5
13/06/2022 18:34,2
13/06/2022 18:33,1
13/06/2022 18:32,3
13/06/2022 18:32,5
13/06/2022 18:31,1
13/06/2022 18:31,5
13/06/2022 18:30,5
13/06/2022 18:29,5
13/06/2022 18:28,5
13/06/2022 18:25,1
13/06/2022 18:23,1
13/06/2022 18:07,5
13/06/2022 18:06,2
13/06/2022 17:58,5
13/06/2022 17:57,5
13/06/2022 17:57,1
13/06/2022 17:56,1
13/06/2022 17:55,2
13/06/2022 17:52,5
13/06/2022 17:51,5
13/06/2022 17:50,1
13/06/2022 17:49,2
13/06/2022 17:44,5
13/06/2022 17:44,5
13/06/2022 17:44,1
13/06/2022 17:39,3
13/06/2022 17:37,3
13/06/2022 17:37,5
13/06/2022 17:32,4
13/06/2022 17:29,4
13/06/2022 17:29,5
13/06/2022 17:27,5
13/06/2022 17:22,3
13/06/2022 17:21,4
13/06/2022 17:20,5
13/06/2022 17:18,5
13/06/2022 17:17,3
13/06/2022 17:14,2
13/06/2022 17:13,3
13/06/2022 17:12,1
13/06/2022 17:03,2
13/06/2022 17:00,5
13/06/2022 16:58,5
13/06/2022 16:57,1
13/06/2022 16:56,4
13/06/2022 16:55,3
13/06/2022 16:54,5
13/06/2022 16:54,1
13/06/2022 16:51,5
13/06/2022 16:50,1
13/06/2022 16:43,4
13/06/2022 16:40,4
13/06/2022 16:40,1
13/06/2022 16:40,5
13/06/2022 16:27,5
13/06/2022 16:25,5
13/06/2022 16:24,4
13/06/2022 16:20,1
13/06/2022 16:19,5
13/06/2022 16:18,3
13/06/2022 16:14,5
13/06/2022 16:11,1
13/06/2022 16:09,5
13/06/2022 16:04,5
13/06/2022 16:02,5
13/06/2022 15:57,5
13/06/2022 15:57,5
13/06/2022 15:56,5
13/06/2022 15:48,3
13/06/2022 15:48,2
13/06/2022 15:48,5
13/06/2022 15:45,5
13/06/2022 15:41,4
13/06/2022 15:40,3
13/06/2022 15:40,1
13/06/2022 15:37,1
13/06/2022 15:35,5
13/06/2022 15:28,5
13/06/2022 15:28,5
13/06/2022 15:27,5
13/06/2022 15:27,5
13/06/2022 15:25,5
13/06/2022 15:23,5
13/06/2022 15:23,5
13/06/2022 15:18,5
13/06/2022 15:17,1
13/06/2022 15:13,1
13/06/2022 15:07,4
13/06/2022 15:02,3
13/06/2022 14:59,3
13/06/2022 14:55,5
13/06/2022 14:53,1
13/06/2022 14:47,5
13/06/2022 14:46,1
13/06/2022 14:41,1
13/06/2022 14:35,2
13/06/2022 14:32,5
13/06/2022 14:32,5
13/06/2022 14:30,5
13/06/2022 14:30,5
13/06/2022 14:22,5
13/06/2022 14:19,5
13/06/2022 14:18,5
13/06/2022 14:18,5
13/06/2022 14:13,5
13/06/2022 14:10,1
13/06/2022 14:10,4
13/06/2022 14:10,1
13/06/2022 14:09,5
13/06/2022 14:07,3
13/06/2022 14:02,3
13/06/2022 13:59,3
13/06/2022 13:59,5
13/06/2022 13:57,1
13/06/2022 13:56,1
13/06/2022 13:53,5
13/06/2022 13:52,2
13/06/2022 13:49,5
13/06/2022 13:49,3
13/06/2022 13:43,2
13/06/2022 13:42,5
13/06/2022 13:40,5
13/06/2022 13:39,5
13/06/2022 13:39,5
13/06/2022 13:38,4
13/06/2022 13:38,5
13/06/2022 13:37,4
13/06/2022 13:37,1
13/06/2022 13:32,3
13/06/2022 13:26,5
13/06/2022 13:14,5
13/06/2022 13:14,1
13/06/2022 13:07,5
13/06/2022 13:05,4
13/06/2022 13:00,1
13/06/2022 12:57,2
13/06/2022 12:57,5
13/06/2022 12:53,5
13/06/2022 12:48,2
13/06/2022 12:47,1
13/06/2022 12:46,5
13/06/2022 12:42,3
13/06/2022 12:39,4
13/06/2022 12:37,5
13/06/2022 12:37,5
13/06/2022 12:28,5
13/06/2022 12:26,5
13/06/2022 12:04,1
13/06/2022 12:00,5
13/06/2022 11:55,5
13/06/2022 11:54,5
13/06/2022 11:52,5
13/06/2022 11:50,5
13/06/2022 11:46,5
13/06/2022 11:44,5
13/06/2022 11:41,1
13/06/2022 11:40,5
13/06/2022 11:26,5
13/06/2022 11:23,2
13/06/2022 11:23,5
13/06/2022 11:22,2
13/06/2022 11:13,5
13/06/2022 11:11,1
13/06/2022 11:09,1
13/06/2022 11:09,5
13/06/2022 11:08,4
13/06/2022 11:07,1
13/06/2022 10:57,4
13/06/2022 10:55,5
13/06/2022 10:50,1
13/06/2022 10:50,2
13/06/2022 10:49,4
13/06/2022 10:46,5
13/06/2022 10:44,4
13/06/2022 10:33,2
13/06/2022 10:32,1
13/06/2022 10:29,5
13/06/2022 10:27,5
13/06/2022 10:23,4
13/06/2022 10:21,5
13/06/2022 10:19,5
13/06/2022 10:16,4
13/06/2022 10:15,5
13/06/2022 10:11,1
13/06/2022 10:10,1
13/06/2022 10:06,2
13/06/2022 10:03,5
13/06/2022 10:01,1
13/06/2022 09:51,5
13/06/2022 09:50,5
13/06/2022 09:47,5
13/06/2022 09:39,5
13/06/2022 09:33,4
13/06/2022 09:31,1
13/06/2022 09:30,5
13/06/2022 09:18,5
13/06/2022 09:03,1
13/06/2022 09:02,1
13/06/2022 08:56,4
13/06/2022 08:47,1
13/06/2022 08:41,3
13/06/2022 08:41,5
13/06/2022 08:40,5
13/06/2022 08:40,5
13/06/2022 08:37,1
13/06/2022 08:22,5
13/06/2022 08:16,5
13/06/2022 08:15,3
13/06/2022 08:08,5
13/06/2022 08:08,5
13/06/2022 08:04,5
13/06/2022 08:03,2
13/06/2022 07:58,3
13/06/2022 07:58,5
13/06/2022 07:53,2
13/06/2022 07:48,5
13/06/2022 07:48,1
13/06/2022 07:38,5
13/06/2022 07:37,5
13/06/2022 07:28,1
13/06/2022 07:24,1
13/06/2022 07:22,1
13/06/2022 07:20,2
13/06/2022 07:09,1
13/06/2022 07:09,4
13/06/2022 07:09,4
13/06/2022 06:55,5
13/06/2022 06:44,3
13/06/2022 06:42,5
13/06/2022 06:41,1
13/06/2022 06:33,5
13/06/2022 06:33,5
13/06/2022 06:15,5
13/06/2022 06:07,1
13/06/2022 06:04,2
13/06/2022 05:57,2
13/06/2022 05:55,1
13/06/2022 05:52,5
13/06/2022 05:52,5
13/06/2022 05:44,5
13/06/2022 05:40,3
13/06/2022 05:38,4
13/06/2022 05:32,1
13/06/2022 05:31,5
13/06/2022 05:30,1
13/06/2022 05:27,2
13/06/2022 05:25,5
13/06/2022 05:23,2
13/06/2022 05:23,1
13/06/2022 05:13,4
13/06/2022 05:12,1
13/06/2022 05:04,2
13/06/2022 05:04,3
13/06/2022 05:04,4
13/06/2022 05:00,5
13/06/2022 04:59,1
13/06/2022 04:57,5
13/06/2022 04:55,5
13/06/2022 04:51,2
13/06/2022 04:40,4
13/06/2022 04:39,5
13/06/2022 04:35,5
13/06/2022 04:27,1
13/06/2022 04:17,4
13/06/2022 04:11,5
13/06/2022 04:07,3
13/06/2022 03:59,5
13/06/2022 03:56,5
13/06/2022 03:50,5
13/06/2022 03:42,3
13/06/2022 03:41,4
13/06/2022 03:37,1
13/06/2022 03:36,1
13/06/2022 03:36,5
13/06/2022 03:16,4
13/06/2022 03:12,5
13/06/2022 03:12,5
13/06/2022 03:11,5
13/06/2022 03:11,2
13/06/2022 03:05,5
13/06/2022 03:04,5
13/06/2022 03:04,1
13/06/2022 03:02,4
13/06/2022 03:00,1
13/06/2022 02:59,2
13/06/2022 02:59,5
13/06/2022 02:54,5
13/06/2022 02:50,5
13/06/2022 02:40,4
13/06/2022 02:40,3
13/06/2022 02:35,2
13/06/2022 02:27,5
13/06/2022 02:20,2
13/06/2022 02:18,5
13/06/2022 02:17,1
13/06/2022 02:08,5
13/06/2022 02:04,5
13/06/2022 02:02,3
13/06/2022 02:02,2
13/06/2022 01:59,5
13/06/2022 01:50,1
13/06/2022 01:43,5
13/06/2022 01:43,5
13/06/2022 01:35,3
13/06/2022 01:20,5
13/06/2022 01:16,4
13/06/2022 01:16,5
13/06/2022 01:15,1
13/06/2022 01:15,4
13/06/2022 01:12,5
13/06/2022 01:04,4
13/06/2022 01:02,5
13/06/2022 01:00,3
13/06/2022 00:58,2
13/06/2022 00:58,5
13/06/2022 00:55,1
13/06/2022 00:45,2
13/06/2022 00:35,5
13/06/2022 00:33,5
13/06/2022 00:30,5
13/06/2022 00:25,2
13/06/2022 00:23,5
13/06/2022 00:15,2
13/06/2022 00:12,5
13/06/2022 00:12,1
13/06/2022 00:08,4
13/06/2022 00:06,5
13/06/2022 00:03,1
12/06/2022 23:49,5
12/06/2022 23:46,5
12/06/2022 23:44,5
12/06/2022 23:42,5
12/06/2022 23:41,4
12/06/2022 23:34,4
12/06/2022 23:31,2
12/06/2022 23:29,4
12/06/2022 23:29,1
12/06/2022 23:25,5
12/06/2022 23:21,5
12/06/2022 23:19,4
12/06/2022 23:16,5
12/06/2022 23:12,2
12/06/2022 23:11,5
12/06/2022 23:04,5
12/06/2022 23:02,1
12/06/2022 22:58,1
12/06/2022 22:55,5
12/06/2022 22:49,5
12/06/2022 22:45,1
12/06/2022 22:43,1
12/06/2022 22:39,1
12/06/2022 22:27,5
12/06/2022 22:25,5
12/06/2022 22:25,5
12/06/2022 22:25,3
12/06/2022 22:22,4
12/06/2022 22:21,5
12/06/2022 22:19,4
12/06/2022 22:17,1
12/06/2022 22:13,1
12/06/2022 22:08,1
12/06/2022 22:06,3
12/06/2022 22:05,5
12/06/2022 22:04,5
12/06/2022 22:03,3
12/06/2022 22:03,5
12/06/2022 21:56,5
12/06/2022 21:54,5
12/06/2022 21:53,2
12/06/2022 21:49,5
12/06/2022 21:44,3
12/06/2022 21:41,4
12/06/2022 21:39,1
12/06/2022 21:37,1
12/06/2022 21:32,5
12/06/2022 21:29,1
12/06/2022 21:27,5
12/06/2022 21:27,5
12/06/2022 21:27,3
12/06/2022 21:13,4
12/06/2022 21:12,5
12/06/2022 21:04,5
12/06/2022 21:03,5
12/06/2022 21:01,4
12/06/2022 20:58,3
12/06/2022 20:54,5
12/06/2022 20:49,1
12/06/2022 20:46,2
12/06/2022 20:36,2
12/06/2022 20:34,4
12/06/2022 20:30,2
12/06/2022 20:29,5
12/06/2022 20:29,4
12/06/2022 20:25,2
12/06/2022 20:25,5
12/06/2022 20:24,3
12/06/2022 20:20,1
12/06/2022 20:19,1
12/06/2022 20:18,5
12/06/2022 20:12,2
12/06/2022 20:09,5
12/06/2022 20:08,1
12/06/2022 20:05,4
12/06/2022 19:59,2
12/06/2022 19:55,2
12/06/2022 19:54,5
12/06/2022 19:53,2
12/06/2022 19:52,1
12/06/2022 19:37,4
12/06/2022 19:37,1
12/06/2022 19:34,1
12/06/2022 19:33,3
12/06/2022 19:23,1
12/06/2022 19:22,5
12/06/2022 19:19,5
12/06/2022 19:16,5
12/06/2022 19:12,5
12/06/2022 19:11,5
12/06/2022 19:07,4
12/06/2022 19:02,5
12/06/2022 19:00,2
12/06/2022 18:53,1
12/06/2022 18:50,4
12/06/2022 18:47,4
12/06/2022 18:44,3
12/06/2022 18:30,3
12/06/2022 18:29,5
12/06/2022 18:26,4
12/06/2022 18:22,1
12/06/2022 18:17,1
12/06/2022 18:14,5
12/06/2022 18:12,5
12/06/2022 18:10,5
12/06/2022 18:10,5
12/06/2022 18:10,3
12/06/2022 18:07,1
12/06/2022 18:01,1
12/06/2022 17:57,5
12/06/2022 17:57,5
12/06/2022 17:46,4
12/06/2022 17:46,1
12/06/2022 17:46,2
12/06/2022 17:44,5
12/06/2022 17:44,4
12/06/2022 17:42,5
12/06/2022 17:39,2
12/06/2022 17:35,5
12/06/2022 17:32,5
12/06/2022 17:29,1
12/06/2022 17:23,1
12/06/2022 17:22,2
12/06/2022 17:19,5
12/06/2022 17:12,5
12/06/2022 17:11,5
12/06/2022 17:09,5
12/06/2022 17:07,4
12/06/2022 17:07,1
12/06/2022 17:06,5
12/06/2022 17:05,5
12/06/2022 16:59,5
12/06/2022 16:57,1
12/06/2022 16:54,2
12/06/2022 16:53,1
12/06/2022 16:46,5
12/06/2022 16:43,5
12/06/2022 16:43,4
12/06/2022 16:42,5
12/06/2022 16:40,4
12/06/2022 16:37,4
12/06/2022 16:37,5
12/06/2022 16:36,1
12/06/2022 16:28,1
12/06/2022 16:27,1
12/06/2022 16:25,5
12/06/2022 16:25,1
12/06/2022 16:17,3
12/06/2022 16:17,5
12/06/2022 16:09,3
12/06/2022 16:05,1
12/06/2022 16:04,3
12/06/2022 16:03,1
12/06/2022 16:02,1
12/06/2022 16:01,5
12/06/2022 15:58,5
12/06/2022 15:55,3
12/06/2022 15:46,5
12/06/2022 15:46,5
12/06/2022 15:41,5
12/06/2022 15:37,1
12/06/2022 15:36,1
12/06/2022 15:36,5
12/06/2022 15:29,1
12/06/2022 15:26,1
12/06/2022 15:26,1
12/06/2022 15:21,5
12/06/2022 15:20,5
12/06/2022 15:19,2
12/06/2022 15:14,5
12/06/2022 15:12,2
12/06/2022 15:11,2
12/06/2022 15:04,4
12/06/2022 15:00,5
12/06/2022 14:59,5
12/06/2022 14:57,5
12/06/2022 14:56,4
12/06/2022 14:56,5
12/06/2022 14:53,5
12/06/2022 14:50,1
12/06/2022 14:46,5
12/06/2022 14:43,4
12/06/2022 14:39,5
12/06/2022 14:36,5
12/06/2022 14:36,2
12/06/2022 14:35,5
12/06/2022 14:34,1
12/06/2022 14:30,5
12/06/2022 14:29,5
12/06/2022 14:26,5
12/06/2022 14:25,1
12/06/2022 14:24,1
12/06/2022 14:24,5
12/06/2022 14:23,1
12/06/2022 14:18,5
12/06/2022 14:18,4
12/06/2022 14:16,5
12/06/2022 14:16,5
12/06/2022 14:14,4
12/06/2022 14:01,5
12/06/2022 13:54,1
12/06/2022 13:50,5
12/06/2022 13:44,5
12/06/2022 13:42,5
12/06/2022 13:29,5
12/06/2022 13:27,5
12/06/2022 13:22,1
12/06/2022 13:13,5
12/06/2022 13:13,5
12/06/2022 13:10,3
12/06/2022 13:07,5
12/06/2022 13:01,1
12/06/2022 13:01,1
12/06/2022 12:56,2
12/06/2022 12:53,4
12/06/2022 12:49,4
12/06/2022 12:42,5
12/06/2022 12:39,5
12/06/2022 12:37,5
12/06/2022 12:36,5
12/06/2022 12:31,1
12/06/2022 12:27,4
12/06/2022 12:23,5
12/06/2022 12:22,5
12/06/2022 12:20,1
12/06/2022 12:18,5
12/06/2022 12:15,4
12/06/2022 12:14,5
12/06/2022 12:02,5
12/06/2022 12:02,5
12/06/2022 12:02,1
12/06/2022 11:57,3
12/06/2022 11:54,5
12/06/2022 11:46,5
12/06/2022 11:44,5
12/06/2022 11:39,2
12/06/2022 11:36,5
12/06/2022 11:34,4
12/06/2022 11:31,2
12/06/2022 11:29,5
12/06/2022 11:27,5
12/06/2022 11:26,4
12/06/2022 11:23,5
12/06/2022 11:16,1
12/06/2022 11:05,2
12/06/2022 11:04,5
12/06/2022 10:58,1
12/06/2022 10:52,4
12/06/2022 10:49,5
12/06/2022 10:42,1
12/06/2022 10:36,1
12/06/2022 10:34,5
12/06/2022 10:27,5
12/06/2022 10:25,2
12/06/2022 10:24,5
12/06/2022 10:23,2
12/06/2022 10:22,4
12/06/2022 10:19,4
12/06/2022 10:17,5
12/06/2022 10:11,5
12/06/2022 10:09,5
12/06/2022 10:05,5
12/06/2022 09:56,5
12/06/2022 09:55,2
12/06/2022 09:54,1
12/06/2022 09:54,5
12/06/2022 09:47,5
12/06/2022 09:27,4
12/06/2022 09:20,5
12/06/2022 09:15,5
12/06/2022 09:11,3
12/06/2022 09:09,4
12/06/2022 09:07,5
12/06/2022 09:07,5
12/06/2022 09:06,3
12/06/2022 09:05,4
12/06/2022 09:02,1
12/06/2022 08:57,4
12/06/2022 08:56,1
12/06/2022 08:55,3
12/06/2022 08:53,5
12/06/2022 08:42,5
12/06/2022 08:40,4
12/06/2022 08:31,3
12/06/2022 08:20,1
12/06/2022 08:17,5
12/06/2022 08:14,4
12/06/2022 08:13,3
12/06/2022 08:09,5
12/06/2022 08:07,1
12/06/2022 08:06,4
12/06/2022 07:58,5
12/06/2022 07:56,5
12/06/2022 07:54,2
12/06/2022 07:51,3
12/06/2022 07:43,2
12/06/2022 07:28,3
12/06/2022 07:27,5
12/06/2022 07:26,5
12/06/2022 07:23,1
12/06/2022 07:22,5
12/06/2022 07:20,1
12/06/2022 07:12,4
12/06/2022 07:12,5
12/06/2022 07:07,2
12/06/2022 07:07,5
12/06/2022 07:01,5
12/06/2022 06:54,5
12/06/2022 06:54,5
12/06/2022 06:53,1
12/06/2022 06:50,2
12/06/2022 06:49,5
12/06/2022 06:48,5
12/06/2022 06:44,5
12/06/2022 06:39,1
12/06/2022 06:38,5
12/06/2022 06:35,1
12/06/2022 06:10,5
12/06/2022 06:09,2
12/06/2022 06:09,5
12/06/2022 06:07,4
12/06/2022 06:07,3
12/06/2022 06:03,5
12/06/2022 06:02,2
12/06/2022 05:55,1
12/06/2022 05:44,5
12/06/2022 05:38,5
12/06/2022 05:37,5
12/06/2022 05:36,4
12/06/2022 05:33,4
12/06/2022 05:27,1
12/06/2022 05:23,1
12/06/2022 05:14,5
12/06/2022 05:11,1
12/06/2022 05:11,1
12/06/2022 05:10,3
12/06/2022 05:03,4
12/06/2022 05:01,1
12/06/2022 05:01,5
12/06/2022 04:58,3
12/06/2022 04:56,4
12/06/2022 04:56,5
12/06/2022 04:53,1
12/06/2022 04:53,4
12/06/2022 04:46,4
12/06/2022 04:38,4
12/06/2022 04:37,5
12/06/2022 04:26,4
12/06/2022 04:26,5
12/06/2022 04:02,3
12/06/2022 04:02,5
12/06/2022 04:02,2
12/06/2022 03:44,1
12/06/2022 03:40,1
12/06/2022 03:27,1
12/06/2022 03:27,1
12/06/2022 03:26,5
12/06/2022 03:25,5
12/06/2022 03:18,5
12/06/2022 03:18,5
12/06/2022 03:04,3
12/06/2022 03:02,3
12/06/2022 03:01,1
12/06/2022 03:00,5
12/06/2022 02:59,5
12/06/2022 02:55,5
12/06/2022 02:47,5
12/06/2022 02:46,5
12/06/2022 02:43,4
12/06/2022 02:43,1
12/06/2022 02:36,5
12/06/2022 02:32,5
12/06/2022 02:30,5
12/06/2022 02:27,5
12/06/2022 02:27,5
12/06/2022 02:20,5
12/06/2022 02:19,5
12/06/2022 02:17,3
12/06/2022 02:17,1
12/06/2022 02:10,4
12/06/2022 02:03,5
12/06/2022 02:02,5
12/06/2022 01:59,4
12/06/2022 01:40,1
12/06/2022 01:34,5
12/06/2022 01:22,1
12/06/2022 01:12,1
12/06/2022 01:10,1
12/06/2022 01:08,5
12/06/2022 01:04,1
12/06/2022 01:02,5
12/06/2022 01:02,3
12/06/2022 01:00,4
12/06/2022 00:57,5
12/06/2022 00:47,5
12/06/2022 00:46,5
12/06/2022 00:46,1
12/06/2022 00:42,5
12/06/2022 00:37,5
12/06/2022 00:28,2
12/06/2022 00:27,1
12/06/2022 00:27,5
12/06/2022 00:22,2
12/06/2022 00:21,4
12/06/2022 00:20,1
12/06/2022 00:15,1
12/06/2022 00:14,5
12/06/2022 00:11,2
12/06/2022 00:07,1
12/06/2022 00:03,5
12/06/2022 00:01,1
11/06/2022 23:58,2
11/06/2022 23:56,5
11/06/2022 23:55,5
11/06/2022 23:50,5
11/06/2022 23:35,5
11/06/2022 23:23,1
11/06/2022 23:14,1
11/06/2022 23:10,3
11/06/2022 23:04,3
11/06/2022 22:56,3
11/06/2022 22:54,5
11/06/2022 22:51,5
11/06/2022 22:46,2
11/06/2022 22:46,5
11/06/2022 22:46,2
11/06/2022 22:42,1
11/06/2022 22:39,1
11/06/2022 22:27,5
11/06/2022 22:24,1
11/06/2022 22:24,5
11/06/2022 22:24,5
11/06/2022 22:17,2
11/06/2022 22:17,3
11/06/2022 22:17,5
11/06/2022 22:16,1
11/06/2022 22:13,4
11/06/2022 21:57,3
11/06/2022 21:48,5
11/06/2022 21:41,5
11/06/2022 21:37,1
11/06/2022 21:29,1
11/06/2022 21:28,5
11/06/2022 21:26,2
11/06/2022 21:24,5
11/06/2022 21:18,1
11/06/2022 21:12,5
11/06/2022 21:02,3
11/06/2022 20:57,1
11/06/2022 20:55,4
11/06/2022 20:55,4
11/06/2022 20:54,5
11/06/2022 20:49,5
11/06/2022 20:41,5
11/06/2022 20:35,3
11/06/2022 20:35,1
11/06/2022 20:31,5
11/06/2022 20:30,5
11/06/2022 20:30,3
11/06/2022 20:28,3
11/06/2022 20:23,1
11/06/2022 20:23,4
11/06/2022 20:18,5
11/06/2022 20:14,2
11/06/2022 20:12,1
11/06/2022 20:06,2
11/06/2022 20:06,3
11/06/2022 20:03,1
11/06/2022 20:01,4
11/06/2022 19:57,4
11/06/2022 19:54,4
11/06/2022 19:51,1
11/06/2022 19:50,1
11/06/2022 19:48,1
11/06/2022 19:43,5
11/06/2022 19:42,1
11/06/2022 19:41,1
11/06/2022 19:39,1
11/06/2022 19:27,5
11/06/2022 19:27,5
11/06/2022 19:21,3
11/06/2022 19:19,5
11/06/2022 19:19,5
11/06/2022 19:16,5
11/06/2022 19:13,5
11/06/2022 19:10,1
11/06/2022 19:09,3
11/06/2022 18:58,2
11/06/2022 18:56,4
11/06/2022 18:54,3
11/06/2022 18:54,4
11/06/2022 18:52,4
11/06/2022 18:44,2
11/06/2022 18:43,5
11/06/2022 18:43,5
11/06/2022 18:40,5
11/06/2022 18:34,3
11/06/2022 18:29,5
11/06/2022 18:28,5
11/06/2022 18:24,5
11/06/2022 18:20,5
11/06/2022 18:20,5
11/06/2022 18:19,1
11/06/2022 18:16,5
11/06/2022 18:13,5
11/06/2022 18:10,5
11/06/2022 18:10,5
11/06/2022 17:57,1
11/06/2022 17:50,3
11/06/2022 17:47,3
11/06/2022 17:44,5
11/06/2022 17:43,2
11/06/2022 17:42,3
11/06/2022 17:42,1
11/06/2022 17:42,2
11/06/2022 17:41,5
11/06/2022 17:40,5
11/06/2022 17:39,1
11/06/2022 17:37,3
11/06/2022 17:37,5
11/06/2022 17:31,2
11/06/2022 17:31,5
11/06/2022 17:24,3
11/06/2022 17:23,5
11/06/2022 17:18,2
11/06/2022 17:17,5
11/06/2022 17:14,5
11/06/2022 17:10,3
11/06/2022 17:09,1
11/06/2022 16:59,3
11/06/2022 16:59,5
11/06/2022 16:53,3
11/06/2022 16:49,2
11/06/2022 16:44,3
11/06/2022 16:39,4
11/06/2022 16:34,1
11/06/2022 16:28,1
11/06/2022 16:28,1
11/06/2022 16:27,5
11/06/2022 16:27,5
11/06/2022 16:23,5
11/06/2022 16:22,1
11/06/2022 16:22,5
11/06/2022 16:21,5
11/06/2022 16:13,1
11/06/2022 15:54,5
11/06/2022 15:52,1
11/06/2022 15:50,2
11/06/2022 15:49,5
11/06/2022 15:46,4
11/06/2022 15:46,4
11/06/2022 15:41,1
11/06/2022 15:39,1
11/06/2022 15:37,4
11/06/2022 15:32,5
11/06/2022 15:22,1
11/06/2022 15:18,4
11/06/2022 15:17,5
11/06/2022 15:15,2
11/06/2022 15:12,5
11/06/2022 15:09,5
11/06/2022 15:04,4
11/06/2022 15:03,2
11/06/2022 15:02,2
11/06/2022 15:00,5
11/06/2022 14:58,4
11/06/2022 14:57,4
11/06/2022 14:55,2
11/06/2022 14:46,1
11/06/2022 14:42,3
11/06/2022 14:41,5
11/06/2022 14:39,2
11/06/2022 14:37,5
11/06/2022 14:32,3
11/06/2022 14:31,1
11/06/2022 14:24,5
11/06/2022 14:24,1
11/06/2022 14:15,4
11/06/2022 14:12,5
11/06/2022 14:10,1
11/06/2022 14:10,5
11/06/2022 14:04,5
11/06/2022 14:04,5
11/06/2022 14:03,3
11/06/2022 14:00,4
11/06/2022 13:59,5
11/06/2022 13:52,4
11/06/2022 13:52,3
11/06/2022 13:48,2
11/06/2022 13:42,5
11/06/2022 13:40,5
11/06/2022 13:39,5
11/06/2022 13:38,4
11/06/2022 13:32,5
11/06/2022 13:29,3
11/06/2022 13:29,1
11/06/2022 13:28,5
11/06/2022 13:23,4
11/06/2022 13:18,5
11/06/2022 13:06,5
11/06/2022 13:04,1
11/06/2022 13:02,3
11/06/2022 13:01,5
11/06/2022 12:56,5
11/06/2022 12:53,2
11/06/2022 12:53,4
11/06/2022 12:52,5
11/06/2022 12:48,5
11/06/2022 12:39,3
11/06/2022 12:31,1
11/06/2022 12:31,5
11/06/2022 12:30,1
11/06/2022 12:26,5
11/06/2022 12:24,3
11/06/2022 12:16,3
11/06/2022 12:16,4
11/06/2022 12:10,5
11/06/2022 12:05,5
11/06/2022 11:54,2
11/06/2022 11:48,5
11/06/2022 11:48,1
11/06/2022 11:46,5
11/06/2022 11:44,5
11/06/2022 11:39,2
11/06/2022 11:35,4
11/06/2022 11:27,5
11/06/2022 11:26,4
11/06/2022 11:24,4
11/06/2022 11:24,1
11/06/2022 11:10,3
11/06/2022 11:07,1
11/06/2022 11:03,5
11/06/2022 11:00,5
11/06/2022 10:59,4
11/06/2022 10:47,5
11/06/2022 10:47,1
11/06/2022 10:37,5
11/06/2022 10:37,5
11/06/2022 10:36,5
11/06/2022 10:31,2
11/06/2022 10:29,5
11/06/2022 10:28,2
11/06/2022 10:27,3
11/06/2022 10:26,4
11/06/2022 10:21,1
11/06/2022 10:13,5
11/06/2022 10:05,5
11/06/2022 10:03,5
11/06/2022 10:02,5
11/06/2022 09:45,5
11/06/2022 09:43,4
11/06/2022 09:40,5
11/06/2022 09:39,5
11/06/2022 09:39,3
11/06/2022 09:39,5
11/06/2022 09:31,5
11/06/2022 09:29,5
11/06/2022 09:16,5
11/06/2022 09:16,4
11/06/2022 09:14,1
11/06/2022 09:12,3
11/06/2022 09:08,5
11/06/2022 09:02,5
11/06/2022 08:58,2
11/06/2022 08:54,4
11/06/2022 08:52,1
11/06/2022 08:46,2
11/06/2022 08:32,5
11/06/2022 08:25,4
11/06/2022 08:25,5
11/06/2022 08:20,1
11/06/2022 08:16,3
11/06/2022 08:13,4
11/06/2022 08:13,3
11/06/2022 08:04,1
11/06/2022 08:01,2
11/06/2022 07:49,5
11/06/2022 07:39,2
11/06/2022 07:25,3
11/06/2022 07:25,4
11/06/2022 07:23,4
11/06/2022 07:22,1
11/06/2022 07:18,5
11/06/2022 07:16,2
11/06/2022 07:16,5
11/06/2022 07:15,1
11/06/2022 07:13,3
11/06/2022 07:12,1
11/06/2022 07:10,5
11/06/2022 07:10,1
11/06/2022 07:03,1
11/06/2022 06:54,2
11/06/2022 06:53,2
11/06/2022 06:52,5
11/06/2022 06:51,5
11/06/2022 06:43,5
11/06/2022 06:39,2
11/06/2022 06:38,5
11/06/2022 06:36,1
11/06/2022 06:32,2
11/06/2022 06:26,4
11/06/2022 06:25,3
11/06/2022 06:24,4
11/06/2022 06:19,4
11/06/2022 06:18,1
11/06/2022 06:17,5
11/06/2022 06:09,3
11/06/2022 06:05,1
11/06/2022 06:04,4
11/06/2022 06:03,5
11/06/2022 06:01,1
11/06/2022 05:58,1
11/06/2022 05:58,5
11/06/2022 05:55,4
11/06/2022 05:53,5
11/06/2022 05:51,3
11/06/2022 05:48,5
11/06/2022 05:47,4
11/06/2022 05:43,5
11/06/2022 05:41,3
11/06/2022 05:41,5
11/06/2022 05:40,3
11/06/2022 05:36,2
11/06/2022 05:21,5
11/06/2022 05:17,5
11/06/2022 05:12,3
11/06/2022 05:07,4
11/06/2022 05:05,2
11/06/2022 05:03,5
11/06/2022 05:02,3
11/06/2022 05:02,4
11/06/2022 04:52,5
11/06/2022 04:47,4
11/06/2022 04:44,5
11/06/2022 04:43,5
11/06/2022 04:43,5
11/06/2022 04:42,1
11/06/2022 04:42,5
11/06/2022 04:32,3
11/06/2022 04:31,4
11/06/2022 04:30,2
11/06/2022 04:24,1
11/06/2022 04:24,5
11/06/2022 04:19,5
11/06/2022 04:18,1
11/06/2022 04:16,5
11/06/2022 04:14,3
11/06/2022 04:07,5
11/06/2022 04:06,4
11/06/2022 03:52,5
11/06/2022 03:50,1
11/06/2022 03:46,5
11/06/2022 03:42,3
11/06/2022 03:38,4
11/06/2022 03:38,3
11/06/2022 03:37,2
11/06/2022 03:37,4
11/06/2022 03:33,3
11/06/2022 03:30,4
11/06/2022 03:21,2
11/06/2022 03:13,2
11/06/2022 03:05,5
11/06/2022 03:03,2
11/06/2022 03:02,1
11/06/2022 03:01,3
11/06/2022 02:55,5
11/06/2022 02:52,4
11/06/2022 02:51,4
11/06/2022 02:51,5
11/06/2022 02:46,3
11/06/2022 02:45,4
11/06/2022 02:42,2
11/06/2022 02:37,4
11/06/2022 02:36,1
11/06/2022 02:24,5
11/06/2022 02:22,3
11/06/2022 02:16,5
11/06/2022 02:15,3
11/06/2022 02:15,2
11/06/2022 02:13,5
11/06/2022 02:09,1
11/06/2022 02:02,1
11/06/2022 01:54,4
11/06/2022 01:43,1
11/06/2022 01:40,4
11/06/2022 01:21,1
11/06/2022 01:19,1
11/06/2022 01:09,1
11/06/2022 01:03,3
11/06/2022 01:03,4
11/06/2022 01:02,1
11/06/2022 01:00,1
11/06/2022 01:00,5
11/06/2022 00:49,4
11/06/2022 00:40,2
11/06/2022 00:38,3
11/06/2022 00:35,1
11/06/2022 00:35,5
11/06/2022 00:32,1
11/06/2022 00:21,1
11/06/2022 00:19,5
11/06/2022 00:18,5
11/06/2022 00:17,4
11/06/2022 00:09,5
11/06/2022 00:04,5
11/06/2022 00:03,5
10/06/2022 23:55,4
10/06/2022 23:54,5
10/06/2022 23:49,4
10/06/2022 23:44,5
10/06/2022 23:42,1
10/06/2022 23:40,5
10/06/2022 23:36,5
10/06/2022 23:35,1
10/06/2022 23:35,5
10/06/2022 23:33,5
10/06/2022 23:24,1
10/06/2022 23:17,3
10/06/2022 23:14,4
10/06/2022 23:14,3
10/06/2022 23:04,1
10/06/2022 23:03,1
10/06/2022 23:00,3
10/06/2022 22:56,1
10/06/2022 22:54,3
10/06/2022 22:49,1
10/06/2022 22:49,1
10/06/2022 22:45,2
10/06/2022 22:44,3
10/06/2022 22:33,1
10/06/2022 22:31,5
10/06/2022 22:13,5
10/06/2022 22:06,2
10/06/2022 22:02,4
10/06/2022 22:02,3
10/06/2022 21:59,1
10/06/2022 21:55,5
10/06/2022 21:55,5
10/06/2022 21:54,2
10/06/2022 21:54,1
10/06/2022 21:53,5
10/06/2022 21:51,4
10/06/2022 21:47,1
10/06/2022 21:45,1
10/06/2022 21:26,5
10/06/2022 21:26,5
10/06/2022 21:18,5
10/06/2022 21:08,3
10/06/2022 21:04,3
10/06/2022 21:01,4
10/06/2022 20:54,4
10/06/2022 20:54,5
10/06/2022 20:51,3
10/06/2022 20:46,3
10/06/2022 20:45,3
10/06/2022 20:44,5
10/06/2022 20:43,5
10/06/2022 20:42,3
10/06/2022 20:39,5
10/06/2022 20:38,4
10/06/2022 20:35,5
10/06/2022 20:34,2
10/06/2022 20:32,2
10/06/2022 20:29,5
10/06/2022 20:24,3
10/06/2022 20:18,2
10/06/2022 20:10,5
10/06/2022 20:08,5
10/06/2022 20:04,5
10/06/2022 20:04,5
10/06/2022 19:59,5
10/06/2022 19:56,1
10/06/2022 19:53,5
10/06/2022 19:50,5
10/06/2022 19:45,5
10/06/2022 19:45,5
10/06/2022 19:42,2
10/06/2022 19:41,5
10/06/2022 19:35,5
10/06/2022 19:28,5
10/06/2022 19:11,1
10/06/2022 19:11,1
10/06/2022 19:10,5
10/06/2022 19:08,5
10/06/2022 19:06,1
10/06/2022 19:06,1
10/06/2022 19:05,1
10/06/2022 19:04,3
10/06/2022 19:04,5
10/06/2022 19:03,5
10/06/2022 19:01,1
10/06/2022 19:00,1
10/06/2022 18:54,5
10/06/2022 18:52,1
10/06/2022 18:43,1
10/06/2022 18:42,1
10/06/2022 18:38,5
10/06/2022 18:36,1
10/06/2022 18:35,1
10/06/2022 18:32,3
10/06/2022 18:29,5
10/06/2022 18:27,4
10/06/2022 18:26,1
10/06/2022 18:25,1
10/06/2022 18:18,4
10/06/2022 18:14,4
10/06/2022 18:03,5
10/06/2022 18:01,5
10/06/2022 18:00,5
10/06/2022 18:00,5
10/06/2022 17:58,5
10/06/2022 17:53,5
10/06/2022 17:51,1
10/06/2022 17:44,1
10/06/2022 17:44,1
10/06/2022 17:41,3
10/06/2022 17:41,4
10/06/2022 17:39,5
10/06/2022 17:39,1
10/06/2022 17:29,1
10/06/2022 17:23,5
10/06/2022 17:23,5
10/06/2022 17:22,3
10/06/2022 17:20,5
10/06/2022 17:20,5
10/06/2022 17:18,3
10/06/2022 17:17,2
10/06/2022 17:14,1
10/06/2022 17:13,2
10/06/2022 17:11,2
10/06/2022 17:06,3
10/06/2022 17:03,2
10/06/2022 17:02,1
10/06/2022 16:59,5
10/06/2022 16:59,2
10/06/2022 16:53,1
10/06/2022 16:50,5
10/06/2022 16:47,5
10/06/2022 16:46,4
10/06/2022 16:43,5
10/06/2022 16:42,3
10/06/2022 16:38,4
10/06/2022 16:33,1
10/06/2022 16:33,5
10/06/2022 16:32,4
10/06/2022 16:31,1
10/06/2022 16:31,2
10/06/2022 16:28,1
10/06/2022 16:22,1
10/06/2022 16:15,5
10/06/2022 16:13,1
10/06/2022 16:09,5
10/06/2022 16:04,5
10/06/2022 16:03,5
10/06/2022 16:00,5
10/06/2022 16:00,5
10/06/2022 15:59,5
10/06/2022 15:53,1
10/06/2022 15:53,5
10/06/2022 15:45,5
10/06/2022 15:38,2
10/06/2022 15:27,1
10/06/2022 15:22,4
10/06/2022 15:21,4
10/06/2022 15:09,5
10/06/2022 15:02,5
10/06/2022 15:00,3
10/06/2022 14:59,5
10/06/2022 14:58,2
10/06/2022 14:55,1
10/06/2022 14:54,4
10/06/2022 14:49,5
10/06/2022 14:49,1
10/06/2022 14:44,4
10/06/2022 14:44,5
10/06/2022 14:43,4
10/06/2022 14:43,1
10/06/2022 14:37,5
10/06/2022 14:31,1
10/06/2022 14:28,2
10/06/2022 14:27,5
10/06/2022 14:27,5
10/06/2022 14:24,1
10/06/2022 14:23,5
10/06/2022 14:16,5
10/06/2022 14:14,5
10/06/2022 14:11,5
10/06/2022 14:11,1
10/06/2022 14:06,2
10/06/2022 13:55,5
10/06/2022 13:55,5
10/06/2022 13:43,2
10/06/2022 13:43,4
10/06/2022 13:42,5
10/06/2022 13:41,1
10/06/2022 13:38,3
10/06/2022 13:34,2
10/06/2022 13:31,1
10/06/2022 13:27,5
10/06/2022 13:23,1
10/06/2022 13:16,3
10/06/2022 13:15,5
10/06/2022 13:13,5
10/06/2022 13:08,3
10/06/2022 13:00,5
10/06/2022 12:57,1
10/06/2022 12:54,5
10/06/2022 12:51,5
10/06/2022 12:50,5
10/06/2022 12:46,5
10/06/2022 12:41,5
10/06/2022 12:40,1
10/06/2022 12:35,5
10/06/2022 12:35,5
10/06/2022 12:31,3
10/06/2022 12:29,5
10/06/2022 12:26,5
10/06/2022 12:15,5
10/06/2022 12:08,5
10/06/2022 12:06,5
10/06/2022 12:02,1
10/06/2022 12:01,4
10/06/2022 11:59,1
10/06/2022 11:56,5
10/06/2022 11:54,5
10/06/2022 11:42,4
10/06/2022 11:41,5
10/06/2022 11:41,5
10/06/2022 11:36,1
10/06/2022 11:34,5
10/06/2022 11:33,2
10/06/2022 11:32,5
10/06/2022 11:32,2
10/06/2022 11:31,2
10/06/2022 11:31,5
10/06/2022 11:29,1
10/06/2022 11:28,1
10/06/2022 11:24,1
10/06/2022 11:22,5
10/06/2022 11:21,1
10/06/2022 11:21,2
10/06/2022 11:20,5
10/06/2022 11:20,5
10/06/2022 11:15,1
10/06/2022 11:12,5
10/06/2022 11:11,3
10/06/2022 11:11,1
10/06/2022 11:10,1
10/06/2022 11:09,3
10/06/2022 11:08,3
10/06/2022 11:06,5
10/06/2022 11:01,1
10/06/2022 11:01,4
10/06/2022 10:59,5
10/06/2022 10:49,3
10/06/2022 10:49,4
10/06/2022 10:47,5
10/06/2022 10:46,1
10/06/2022 10:43,4
10/06/2022 10:31,1
10/06/2022 10:29,1
10/06/2022 10:21,4
10/06/2022 10:17,1
10/06/2022 10:15,5
10/06/2022 10:12,3
10/06/2022 10:09,1
10/06/2022 10:08,5
10/06/2022 10:02,5
10/06/2022 09:59,5
10/06/2022 09:49,5
10/06/2022 09:48,4
10/06/2022 09:47,5
10/06/2022 09:45,1
10/06/2022 09:43,1
10/06/2022 09:40,5
10/06/2022 09:37,4
10/06/2022 09:28,1
10/06/2022 09:24,5
10/06/2022 09:24,1
10/06/2022 09:19,5
10/06/2022 09:13,4
10/06/2022 09:11,5
10/06/2022 09:07,3
10/06/2022 09:06,1
10/06/2022 09:05,5
10/06/2022 08:59,1
10/06/2022 08:49,4
10/06/2022 08:42,2
10/06/2022 08:42,5
10/06/2022 08:42,2
10/06/2022 08:39,1
10/06/2022 08:36,5
10/06/2022 08:36,5
10/06/2022 08:35,1
10/06/2022 08:32,1
10/06/2022 08:24,1
10/06/2022 08:18,1
10/06/2022 08:14,2
10/06/2022 08:09,1
10/06/2022 08:06,1
10/06/2022 08:06,5
10/06/2022 08:02,5
10/06/2022 07:58,1
10/06/2022 07:57,5
10/06/2022 07:56,5
10/06/2022 07:54,1
10/06/2022 07:51,5
10/06/2022 07:49,1
10/06/2022 07:42,5
10/06/2022 07:37,5
10/06/2022 07:37,4
10/06/2022 07:34,4
10/06/2022 07:32,3
10/06/2022 07:31,5
10/06/2022 07:29,5
10/06/2022 07:28,3
10/06/2022 07:13,5
10/06/2022 07:06,1
10/06/2022 07:04,3
10/06/2022 07:00,4
10/06/2022 06:52,3
10/06/2022 06:51,5
10/06/2022 06:48,3
10/06/2022 06:47,5
10/06/2022 06:39,2
10/06/2022 06:32,4
10/06/2022 06:31,5
10/06/2022 06:24,1
10/06/2022 06:17,3
10/06/2022 06:09,2
10/06/2022 06:07,1
10/06/2022 05:57,3
10/06/2022 05:54,1
10/06/2022 05:50,2
10/06/2022 05:48,5
10/06/2022 05:46,5
10/06/2022 05:44,5
10/06/2022 05:39,1
10/06/2022 05:39,5
10/06/2022 05:34,5
10/06/2022 05:22,4
10/06/2022 05:21,5
10/06/2022 05:21,5
10/06/2022 05:20,2
10/06/2022 05:18,5
10/06/2022 05:17,4
10/06/2022 05:14,1
10/06/2022 05:12,5
10/06/2022 05:08,4
10/06/2022 05:06,3
10/06/2022 05:01,1
10/06/2022 04:59,3
10/06/2022 04:57,1
10/06/2022 04:57,1
10/06/2022 04:57,5
10/06/2022 04:54,1
10/06/2022 04:50,5
10/06/2022 04:46,4
10/06/2022 04:46,1
10/06/2022 04:42,3
10/06/2022 04:42,3
10/06/2022 04:41,5
10/06/2022 04:32,1
10/06/2022 04:28,1
10/06/2022 04:24,1
10/06/2022 04:23,2
10/06/2022 04:18,1
10/06/2022 04:15,4
10/06/2022 04:10,5
10/06/2022 04:04,1
10/06/2022 03:56,2
10/06/2022 03:55,5
10/06/2022 03:43,4
10/06/2022 03:42,5
10/06/2022 03:41,1
10/06/2022 03:33,4
10/06/2022 03:32,5
10/06/2022 03:21,5
10/06/2022 03:20,5
10/06/2022 03:18,1
10/06/2022 03:08,5
10/06/2022 03:05,3
10/06/2022 03:04,5
10/06/2022 02:57,4
10/06/2022 02:54,5
10/06/2022 02:53,1
10/06/2022 02:51,4
10/06/2022 02:49,1
10/06/2022 02:43,3
10/06/2022 02:33,5
10/06/2022 02:31,1
10/06/2022 02:23,5
10/06/2022 02:13,1
10/06/2022 02:11,5
10/06/2022 02:06,4
10/06/2022 02:04,1
10/06/2022 01:53,5
10/06/2022 01:51,1
10/06/2022 01:43,5
10/06/2022 01:38,1
10/06/2022 01:32,5
10/06/2022 01:25,1
10/06/2022 01:22,1
10/06/2022 01:20,5
10/06/2022 01:11,1
10/06/2022 01:06,5
10/06/2022 00:59,1
10/06/2022 00:55,5
10/06/2022 00:51,2
10/06/2022 00:35,4
10/06/2022 00:33,1
10/06/2022 00:28,2
10/06/2022 00:26,3
10/06/2022 00:17,5
09/06/2022 23:59,5
09/06/2022 23:52,1
09/06/2022 23:47,5
09/06/2022 23:43,5
09/06/2022 23:42,5
09/06/2022 23:32,2
09/06/2022 23:28,4
09/06/2022 23:25,1
09/06/2022 23:15,5
09/06/2022 23:08,1
09/06/2022 23:05,2
09/06/2022 23:02,5
09/06/2022 22:50,5
09/06/2022 22:46,2
09/06/2022 22:38,5
09/06/2022 22:36,5
09/06/2022 22:36,1
09/06/2022 22:34,5
09/06/2022 22:28,5
09/06/2022 22:28,2
09/06/2022 22:24,5
09/06/2022 22:24,1
09/06/2022 22:17,5
09/06/2022 22:07,5
09/06/2022 22:04,5
09/06/2022 22:01,5
09/06/2022 22:00,2
09/06/2022 21:56,1
09/06/2022 21:55,2
09/06/2022 21:49,5
09/06/2022 21:46,1
09/06/2022 21:43,5
09/06/2022 21:42,1
09/06/2022 21:26,4
09/06/2022 21:26,4
09/06/2022 21:24,5
09/06/2022 21:18,5
09/06/2022 21:16,5
09/06/2022 21:05,5
09/06/2022 21:01,3
09/06/2022 20:58,3
09/06/2022 20:54,4
09/06/2022 20:52,1
09/06/2022 20:42,2
09/06/2022 20:36,5
09/06/2022 20:36,1
09/06/2022 20:34,4
09/06/2022 20:27,1
09/06/2022 20:20,5
09/06/2022 20:19,5
09/06/2022 20:18,5
09/06/2022 20:16,2
09/06/2022 20:11,3
09/06/2022 20:09,4
09/06/2022 20:08,5
09/06/2022 19:51,1
09/06/2022 19:40,5
09/06/2022 19:37,4
09/06/2022 19:31,5
09/06/2022 19:27,1
09/06/2022 19:23,1
09/06/2022 19:23,1
09/06/2022 19:17,3
09/06/2022 19:05,1
09/06/2022 19:01,1
09/06/2022 19:00,5
09/06/2022 18:58,5
09/06/2022 18:56,2
09/06/2022 18:47,5
09/06/2022 18:36,5
09/06/2022 18:33,1
09/06/2022 18:27,3
09/06/2022 18:24,5
09/06/2022 18:18,5
09/06/2022 18:18,3
09/06/2022 18:17,2
09/06/2022 18:16,5
09/06/2022 18:12,5
09/06/2022 18:10,1
09/06/2022 18:08,2
09/06/2022 18:05,5
09/06/2022 18:05,5
09/06/2022 18:00,5
09/06/2022 17:59,1
09/06/2022 17:59,4
09/06/2022 17:56,1
09/06/2022 17:53,1
09/06/2022 17:49,5
09/06/2022 17:49,5
09/06/2022 17:47,2
09/06/2022 17:38,5
09/06/2022 17:38,1
09/06/2022 17:34,4
09/06/2022 17:28,5
09/06/2022 17:23,5
09/06/2022 17:23,1
09/06/2022 17:20,5
09/06/2022 17:19,5
09/06/2022 17:13,5
09/06/2022 16:38,5
09/06/2022 16:34,5
09/06/2022 16:32,5
09/06/2022 16:29,1
09/06/2022 16:27,5
09/06/2022 16:21,1
09/06/2022 16:20,4
09/06/2022 16:19,1
09/06/2022 16:08,4
09/06/2022 16:08,5
09/06/2022 16:03,4
09/06/2022 15:59,5
09/06/2022 15:46,4
09/06/2022 15:33,5
09/06/2022 15:32,1
09/06/2022 15:23,3
09/06/2022 15:23,5
09/06/2022 15:22,1
09/06/2022 15:22,5
09/06/2022 15:15,1
09/06/2022 15:08,5
09/06/2022 15:04,5
09/06/2022 15:00,4
09/06/2022 14:55,1
09/06/2022 14:49,5
09/06/2022 14:45,1
09/06/2022 14:36,3
09/06/2022 14:35,4
09/06/2022 14:34,2
09/06/2022 14:33,5
09/06/2022 14:20,5
09/06/2022 14:20,5
09/06/2022 14:18,4
09/06/2022 14:14,4
09/06/2022 14:11,2
09/06/2022 14:06,5
09/06/2022 14:01,1
09/06/2022 13:59,5
09/06/2022 13:58,3
09/06/2022 13:51,5
09/06/2022 13:48,5
09/06/2022 13:48,3
09/06/2022 13:48,5
09/06/2022 13:42,2
09/06/2022 13:38,1
09/06/2022 13:38,5
09/06/2022 13:37,5
09/06/2022 13:32,1
09/06/2022 13:30,1
09/06/2022 13:23,5
09/06/2022 13:21,2
09/06/2022 13:10,2
09/06/2022 13:07,4
09/06/2022 13:04,3
09/06/2022 13:03,5
09/06/2022 13:03,2
09/06/2022 13:00,4
09/06/2022 12:52,1
09/06/2022 12:51,5
09/06/2022 12:51,5
09/06/2022 12:43,2
09/06/2022 12:34,5
09/06/2022 12:33,5
09/06/2022 12:28,5
09/06/2022 12:24,4
09/06/2022 12:22,5
09/06/2022 12:22,1
09/06/2022 12:17,4
09/06/2022 12:10,4
09/06/2022 12:03,1
09/06/2022 12:01,1
09/06/2022 11:55,3
09/06/2022 11:54,2
09/06/2022 11:54,2
09/06/2022 11:53,1
09/06/2022 11:53,2
09/06/2022 11:52,2
09/06/2022 11:52,1
09/06/2022 11:52,1
09/06/2022 11:52,2
09/06/2022 11:52,1
09/06/2022 11:51,1
09/06/2022 11:51,1
09/06/2022 11:51,5
09/06/2022 11:50,1
09/06/2022 11:50,1
09/06/2022 11:49,1
09/06/2022 11:49,1
09/06/2022 11:49,1
09/06/2022 11:49,1
09/06/2022 11:49,4
09/06/2022 11:48,4
09/06/2022 11:48,5
09/06/2022 11:48,5
09/06/2022 11:47,2
09/06/2022 11:47,1
09/06/2022 11:46,4
09/06/2022 11:46,1
09/06/2022 11:46,1
09/06/2022 11:46,3
09/06/2022 11:46,3
09/06/2022 11:45,1
09/06/2022 11:45,2
09/06/2022 11:45,1
09/06/2022 11:43,3
09/06/2022 11:43,1
09/06/2022 11:43,1
09/06/2022 11:42,1
09/06/2022 11:42,4
09/06/2022 11:42,5
09/06/2022 11:42,1
09/06/2022 11:41,5
09/06/2022 11:40,4
09/06/2022 11:38,4
09/06/2022 11:27,1
09/06/2022 11:26,4
09/06/2022 11:09,5
09/06/2022 11:08,4
09/06/2022 11:04,5
09/06/2022 10:59,4
09/06/2022 10:58,1
09/06/2022 10:49,5
09/06/2022 10:47,4
09/06/2022 10:44,1
09/06/2022 10:43,5
09/06/2022 10:41,3
09/06/2022 10:36,1
09/06/2022 10:26,5
09/06/2022 10:17,5
09/06/2022 09:59,1
09/06/2022 09:58,1
09/06/2022 09:42,4
09/06/2022 09:30,5
09/06/2022 09:24,5
09/06/2022 09:21,5
09/06/2022 09:18,3
09/06/2022 09:15,5
09/06/2022 09:00,5
09/06/2022 08:56,1
09/06/2022 08:56,5
09/06/2022 08:48,5
09/06/2022 08:47,5
09/06/2022 08:43,5
09/06/2022 08:41,5
09/06/2022 08:34,1
09/06/2022 08:23,1
09/06/2022 08:14,1
09/06/2022 08:11,1
09/06/2022 08:11,1
09/06/2022 08:11,5
09/06/2022 08:06,5
09/06/2022 08:05,3
09/06/2022 07:57,5
09/06/2022 07:52,1
09/06/2022 07:50,5
09/06/2022 07:46,3
09/06/2022 07:42,1
09/06/2022 07:35,5
09/06/2022 07:32,1
09/06/2022 07:30,3
09/06/2022 07:30,1
09/06/2022 07:29,3
09/06/2022 07:25,4
09/06/2022 07:25,2
09/06/2022 07:25,2
09/06/2022 07:24,5
09/06/2022 07:24,3
09/06/2022 07:18,5
09/06/2022 07:15,5
09/06/2022 07:14,5
09/06/2022 07:14,4
09/06/2022 07:07,3
09/06/2022 07:02,5
09/06/2022 06:58,2
09/06/2022 06:55,5
09/06/2022 06:55,5
09/06/2022 06:42,1
09/06/2022 06:39,1
09/06/2022 06:22,5
09/06/2022 06:19,5
09/06/2022 06:17,1
09/06/2022 06:11,5
09/06/2022 06:05,1
09/06/2022 06:02,5
09/06/2022 05:59,4
09/06/2022 05:58,4
09/06/2022 05:57,1
09/06/2022 05:33,5
09/06/2022 05:28,4
09/06/2022 05:24,5
09/06/2022 05:15,1
09/06/2022 05:10,1
09/06/2022 05:03,2
09/06/2022 05:03,2
09/06/2022 05:03,5
09/06/2022 05:02,1
09/06/2022 04:55,5
09/06/2022 04:55,5
09/06/2022 04:49,1
09/06/2022 04:48,5
09/06/2022 04:47,1
09/06/2022 04:42,2
09/06/2022 04:36,2
09/06/2022 04:31,5
09/06/2022 04:23,5
09/06/2022 04:18,4
09/06/2022 04:14,5
09/06/2022 04:10,2
09/06/2022 04:09,5
09/06/2022 04:04,4
09/06/2022 03:52,1
09/06/2022 03:46,5
09/06/2022 03:34,4
09/06/2022 03:31,3
09/06/2022 03:24,5
09/06/2022 03:21,5
09/06/2022 03:21,1
09/06/2022 03:13,1
09/06/2022 03:12,1
09/06/2022 03:07,1
09/06/2022 03:05,2
09/06/2022 02:54,2
09/06/2022 02:52,1
09/06/2022 02:41,1
09/06/2022 02:40,4
09/06/2022 02:35,1
09/06/2022 02:34,1
09/06/2022 02:16,5
09/06/2022 02:13,5
09/06/2022 02:07,5
09/06/2022 02:01,5
09/06/2022 02:00,5
09/06/2022 01:58,5
09/06/2022 01:55,1
09/06/2022 01:51,5
09/06/2022 01:50,1
09/06/2022 01:46,3
09/06/2022 01:39,1
09/06/2022 01:26,1
09/06/2022 01:12,4
09/06/2022 01:12,2
09/06/2022 01:01,4
09/06/2022 00:47,4
09/06/2022 00:45,5
09/06/2022 00:37,1
09/06/2022 00:36,4
09/06/2022 00:35,1
09/06/2022 00:26,5
09/06/2022 00:15,1
09/06/2022 00:14,4
09/06/2022 00:07,2
09/06/2022 00:03,5
08/06/2022 23:57,1
08/06/2022 23:44,3
08/06/2022 23:25,3
08/06/2022 23:23,1
08/06/2022 23:21,5
08/06/2022 23:19,1
08/06/2022 23:18,1
08/06/2022 23:04,1
08/06/2022 23:03,5
08/06/2022 22:47,5
08/06/2022 22:46,2
08/06/2022 22:45,5
08/06/2022 22:37,5
08/06/2022 22:23,4
08/06/2022 22:22,1
08/06/2022 22:16,1
08/06/2022 22:16,4
08/06/2022 21:59,1
08/06/2022 21:55,1
08/06/2022 21:54,3
08/06/2022 21:49,5
08/06/2022 21:46,5
08/06/2022 21:41,5
08/06/2022 21:40,5
08/06/2022 21:39,5
08/06/2022 21:26,4
08/06/2022 21:14,2
08/06/2022 21:13,5
08/06/2022 21:09,5
08/06/2022 20:55,1
08/06/2022 20:48,5
08/06/2022 20:44,5
08/06/2022 20:29,1
08/06/2022 20:28,5
08/06/2022 20:16,5
08/06/2022 20:08,5
08/06/2022 20:07,1
08/06/2022 20:06,1
08/06/2022 19:57,5
08/06/2022 19:56,5
08/06/2022 19:54,5
08/06/2022 19:51,5
08/06/2022 19:46,3
08/06/2022 19:44,4
08/06/2022 19:38,5
08/06/2022 19:33,5
08/06/2022 19:29,5
08/06/2022 19:28,5
08/06/2022 19:23,4
08/06/2022 19:21,1
08/06/2022 19:20,1
08/06/2022 19:20,1
08/06/2022 19:19,2
08/06/2022 19:18,5
08/06/2022 19:13,1
08/06/2022 19:10,4
08/06/2022 19:01,1
08/06/2022 19:01,2
08/06/2022 18:56,5
08/06/2022 18:52,5
08/06/2022 18:48,5
08/06/2022 18:44,1
08/06/2022 18:38,5
08/06/2022 18:38,5
08/06/2022 18:38,3
08/06/2022 18:35,5
08/06/2022 18:35,5
08/06/2022 18:32,3
08/06/2022 18:31,5
08/06/2022 18:27,5
08/06/2022 18:21,4
08/06/2022 18:20,4
08/06/2022 18:16,3
08/06/2022 18:16,3
08/06/2022 18:08,4
08/06/2022 18:08,5
08/06/2022 18:01,5
08/06/2022 17:56,1
08/06/2022 17:53,1
08/06/2022 17:43,1
08/06/2022 17:41,5
08/06/2022 17:40,4
08/06/2022 17:32,5
08/06/2022 17:32,4
08/06/2022 17:21,3
08/06/2022 17:16,5
08/06/2022 17:12,1
08/06/2022 17:05,2
08/06/2022 17:04,5
08/06/2022 17:03,5
08/06/2022 16:57,1
08/06/2022 16:54,1
08/06/2022 16:48,2
08/06/2022 16:40,5
08/06/2022 16:30,2
08/06/2022 16:30,1
08/06/2022 16:19,1
08/06/2022 16:17,5
08/06/2022 16:15,5
08/06/2022 16:12,2
08/06/2022 16:04,1
08/06/2022 16:00,1
08/06/2022 15:53,5
08/06/2022 15:49,1
08/06/2022 15:47,5
08/06/2022 15:32,4
08/06/2022 15:31,1
08/06/2022 15:23,3
08/06/2022 15:21,5
08/06/2022 15:19,5
08/06/2022 15:18,1
08/06/2022 15:16,3
08/06/2022 15:15,5
08/06/2022 15:11,3
08/06/2022 15:07,2
08/06/2022 15:01,5
08/06/2022 14:55,5
08/06/2022 14:53,5
08/06/2022 14:51,5
08/06/2022 14:48,5
08/06/2022 14:41,1
08/06/2022 14:35,1
08/06/2022 14:26,1
08/06/2022 14:24,5
08/06/2022 14:23,5
08/06/2022 14:14,5
08/06/2022 14:11,2
08/06/2022 14:02,3
08/06/2022 13:57,5
08/06/2022 13:57,5
08/06/2022 13:54,1
08/06/2022 13:52,2
08/06/2022 13:51,3
08/06/2022 13:50,5
08/06/2022 13:46,1
08/06/2022 13:44,1
08/06/2022 13:38,5
08/06/2022 13:36,3
08/06/2022 13:33,5
08/06/2022 13:19,5
08/06/2022 13:09,3
08/06/2022 13:01,2
08/06/2022 13:00,4
08/06/2022 13:00,1
08/06/2022 12:58,5
08/06/2022 12:55,3
08/06/2022 12:49,1
08/06/2022 12:49,5
08/06/2022 12:41,5
08/06/2022 12:37,3
08/06/2022 12:36,5
08/06/2022 12:33,5
08/06/2022 12:32,5
08/06/2022 12:25,4
08/06/2022 12:24,4
08/06/2022 12:24,5
08/06/2022 12:16,2
08/06/2022 12:13,4
08/06/2022 12:09,1
08/06/2022 12:07,1
08/06/2022 12:07,4
08/06/2022 12:06,5
08/06/2022 12:06,5
08/06/2022 12:01,5
08/06/2022 11:59,1
08/06/2022 11:58,1
08/06/2022 11:55,5
08/06/2022 11:53,5
08/06/2022 11:49,4
08/06/2022 11:48,5
08/06/2022 11:48,5
08/06/2022 11:43,1
08/06/2022 11:39,4
08/06/2022 11:39,5
08/06/2022 11:24,1
08/06/2022 11:19,3
08/06/2022 11:19,5
08/06/2022 11:12,5
08/06/2022 11:12,1
08/06/2022 11:00,5
08/06/2022 11:00,5
08/06/2022 10:58,5
08/06/2022 10:53,4
08/06/2022 10:51,5
08/06/2022 10:50,1
08/06/2022 10:48,5
08/06/2022 10:48,5
08/06/2022 10:40,4
08/06/2022 10:17,3
08/06/2022 10:15,2
08/06/2022 10:10,5
08/06/2022 10:07,4
08/06/2022 10:05,5
08/06/2022 10:00,3
08/06/2022 09:59,1
08/06/2022 09:48,1
08/06/2022 09:36,5
08/06/2022 09:29,5
08/06/2022 09:28,1
08/06/2022 09:10,3
08/06/2022 09:04,5
08/06/2022 08:52,1
08/06/2022 08:42,1
08/06/2022 08:41,5
08/06/2022 08:39,1
08/06/2022 08:32,1
08/06/2022 08:26,1
08/06/2022 08:21,3
08/06/2022 08:12,1
08/06/2022 08:11,1
08/06/2022 08:09,5
08/06/2022 08:09,2
08/06/2022 08:04,1
08/06/2022 08:02,1
08/06/2022 08:02,1
08/06/2022 07:59,1
08/06/2022 07:53,4
08/06/2022 07:49,1
08/06/2022 07:47,5
08/06/2022 07:45,4
08/06/2022 07:41,5
08/06/2022 07:37,5
08/06/2022 07:33,1
08/06/2022 07:29,5
08/06/2022 07:28,1
08/06/2022 07:05,5
08/06/2022 06:59,5
08/06/2022 06:55,2
08/06/2022 06:53,1
08/06/2022 06:52,5
08/06/2022 06:48,3
08/06/2022 06:46,2
08/06/2022 06:42,3
08/06/2022 06:39,5
08/06/2022 06:36,1
08/06/2022 06:19,5
08/06/2022 06:16,5
08/06/2022 06:15,5
08/06/2022 06:15,1
08/06/2022 06:14,5
08/06/2022 06:13,5
08/06/2022 06:11,1
08/06/2022 06:09,5
08/06/2022 05:53,5
08/06/2022 05:51,4
08/06/2022 05:50,5
08/06/2022 05:49,4
08/06/2022 05:48,1
08/06/2022 05:48,5
08/06/2022 05:45,4
08/06/2022 05:40,2
08/06/2022 05:40,4
08/06/2022 05:33,3
08/06/2022 05:27,2
08/06/2022 05:20,4
08/06/2022 05:18,1
08/06/2022 05:15,1
08/06/2022 05:10,5
08/06/2022 05:10,3
08/06/2022 05:08,5
08/06/2022 05:07,3
08/06/2022 05:06,5
08/06/2022 05:02,4
08/06/2022 04:59,5
08/06/2022 04:57,4
08/06/2022 04:56,4
08/06/2022 04:47,1
08/06/2022 04:42,2
08/06/2022 04:42,5
08/06/2022 04:38,1
08/06/2022 04:34,5
08/06/2022 04:32,5
08/06/2022 04:29,5
08/06/2022 04:24,5
08/06/2022 04:20,5
08/06/2022 04:13,5
08/06/2022 04:05,2
08/06/2022 04:04,3
08/06/2022 04:02,4
08/06/2022 03:58,5
08/06/2022 03:48,5
08/06/2022 03:31,2
08/06/2022 03:25,5
08/06/2022 03:23,5
08/06/2022 03:19,1
08/06/2022 03:14,2
08/06/2022 03:12,4
08/06/2022 03:11,1
08/06/2022 03:08,5
08/06/2022 02:53,1
08/06/2022 02:50,5
08/06/2022 02:45,4
08/06/2022 02:41,3
08/06/2022 02:32,5
08/06/2022 02:27,1
08/06/2022 02:20,4
08/06/2022 02:19,1
08/06/2022 02:17,5
08/06/2022 02:11,5
08/06/2022 02:09,4
08/06/2022 02:02,1
08/06/2022 01:57,1
08/06/2022 01:54,5
08/06/2022 01:28,4
08/06/2022 01:18,5
08/06/2022 01:18,5
08/06/2022 01:14,5
08/06/2022 01:04,5
08/06/2022 01:02,3
08/06/2022 00:59,5
08/06/2022 00:58,5
08/06/2022 00:57,5
08/06/2022 00:54,5
08/06/2022 00:49,5
08/06/2022 00:44,2
08/06/2022 00:43,5
08/06/2022 00:42,1
08/06/2022 00:38,1
08/06/2022 00:21,1
08/06/2022 00:21,4
07/06/2022 23:48,3
07/06/2022 23:40,3
07/06/2022 23:37,2
07/06/2022 23:36,4
07/06/2022 23:35,1
07/06/2022 23:27,1
07/06/2022 23:19,3
07/06/2022 23:14,5
07/06/2022 23:08,1
07/06/2022 23:02,1
07/06/2022 22:44,1
07/06/2022 22:44,4
07/06/2022 22:42,2
07/06/2022 22:41,5
07/06/2022 22:26,5
07/06/2022 22:26,5
07/06/2022 22:20,5
07/06/2022 22:18,1
07/06/2022 22:13,2
07/06/2022 22:09,2
07/06/2022 21:59,5
07/06/2022 21:57,1
07/06/2022 21:54,4
07/06/2022 21:52,5
07/06/2022 21:51,1
07/06/2022 21:41,1
07/06/2022 21:35,4
07/06/2022 21:31,3
07/06/2022 21:24,5
07/06/2022 21:21,2
07/06/2022 21:19,4
07/06/2022 21:17,3
07/06/2022 21:15,1
07/06/2022 21:06,1
07/06/2022 21:02,5
07/06/2022 20:52,1
07/06/2022 20:48,1
07/06/2022 20:47,1
07/06/2022 20:40,5
07/06/2022 20:32,1
07/06/2022 20:29,5
07/06/2022 20:20,5
07/06/2022 20:20,4
07/06/2022 20:19,4
07/06/2022 20:15,4
07/06/2022 20:11,5
07/06/2022 20:04,1
07/06/2022 19:51,1
07/06/2022 19:48,1
07/06/2022 19:46,3
07/06/2022 19:28,3
07/06/2022 19:25,5
07/06/2022 19:24,4
07/06/2022 19:24,2
07/06/2022 19:21,5
07/06/2022 19:21,1
07/06/2022 19:19,3
07/06/2022 19:11,5
07/06/2022 19:09,5
07/06/2022 18:59,5
07/06/2022 18:55,5
07/06/2022 18:45,5
07/06/2022 18:43,2
07/06/2022 18:40,5
07/06/2022 18:32,2
07/06/2022 18:29,5
07/06/2022 18:24,1
07/06/2022 18:20,3
07/06/2022 18:10,5
07/06/2022 18:06,5
07/06/2022 18:05,3
07/06/2022 18:04,3
07/06/2022 18:01,3
07/06/2022 17:53,4
07/06/2022 17:50,2
07/06/2022 17:48,5
07/06/2022 17:46,2
07/06/2022 17:39,4
07/06/2022 17:36,5
07/06/2022 17:32,1
07/06/2022 17:29,4
07/06/2022 17:27,1
07/06/2022 17:24,5
07/06/2022 17:19,1
07/06/2022 17:19,5
07/06/2022 17:16,1
07/06/2022 17:13,4
07/06/2022 17:12,2
07/06/2022 17:08,1
07/06/2022 17:07,5
07/06/2022 17:03,5
07/06/2022 17:01,5
07/06/2022 16:56,5
07/06/2022 16:56,4
07/06/2022 16:53,4
07/06/2022 16:50,5
07/06/2022 16:48,3
07/06/2022 16:43,5
07/06/2022 16:43,4
07/06/2022 16:35,2
07/06/2022 16:29,5
07/06/2022 16:24,5
07/06/2022 16:24,1
07/06/2022 16:23,1
07/06/2022 16:22,3
07/06/2022 16:17,5
07/06/2022 16:12,5
07/06/2022 16:07,5
07/06/2022 16:03,5
07/06/2022 16:00,5
07/06/2022 15:58,5
07/06/2022 15:55,1
07/06/2022 15:55,5
07/06/2022 15:54,5
07/06/2022 15:53,5
07/06/2022 15:52,5
07/06/2022 15:51,1
07/06/2022 15:51,5
07/06/2022 15:50,4
07/06/2022 15:47,5
07/06/2022 15:47,5
07/06/2022 15:47,1
07/06/2022 15:46,3
07/06/2022 15:36,4
07/06/2022 15:32,4
07/06/2022 15:32,5
07/06/2022 15:28,5
07/06/2022 15:19,3
07/06/2022 15:15,5
07/06/2022 15:10,3
07/06/2022 15:08,1
07/06/2022 15:05,1
07/06/2022 15:01,5
07/06/2022 14:56,4
07/06/2022 14:55,5
07/06/2022 14:53,1
07/06/2022 14:47,5
07/06/2022 14:40,5
07/06/2022 14:36,2
07/06/2022 14:30,5
07/06/2022 14:27,3
07/06/2022 14:12,5
07/06/2022 14:10,5
07/06/2022 14:03,1
07/06/2022 13:56,1
07/06/2022 13:54,5
07/06/2022 13:49,5
07/06/2022 13:28,1
07/06/2022 13:24,3
07/06/2022 13:21,5
07/06/2022 13:21,2
07/06/2022 13:16,1
07/06/2022 13:12,1
07/06/2022 13:11,1
07/06/2022 13:10,5
07/06/2022 13:07,3
07/06/2022 12:58,5
07/06/2022 12:52,1
07/06/2022 12:47,3
07/06/2022 12:32,5
07/06/2022 12:30,4
07/06/2022 12:21,1
07/06/2022 12:14,5
07/06/2022 12:08,5
07/06/2022 12:03,2
07/06/2022 12:00,2
07/06/2022 11:59,5
07/06/2022 11:54,4
07/06/2022 11:44,5
07/06/2022 11:43,2
07/06/2022 11:34,1
07/06/2022 11:33,5
07/06/2022 11:33,3
07/06/2022 11:23,5
07/06/2022 11:22,5
07/06/2022 11:07,1
07/06/2022 11:06,1
07/06/2022 10:58,1
07/06/2022 10:54,4
07/06/2022 10:54,1
07/06/2022 10:45,1
07/06/2022 10:43,3
07/06/2022 10:43,1
07/06/2022 10:30,5
07/06/2022 10:26,3
07/06/2022 10:11,5
07/06/2022 10:08,1
07/06/2022 10:06,5
07/06/2022 09:43,1
07/06/2022 09:40,1
07/06/2022 09:39,4
07/06/2022 09:28,1
07/06/2022 09:28,4
07/06/2022 09:28,1
07/06/2022 09:26,1
07/06/2022 09:17,4
07/06/2022 09:12,5
07/06/2022 09:06,1
07/06/2022 09:01,5
07/06/2022 08:59,5
07/06/2022 08:56,5
07/06/2022 08:49,5
07/06/2022 08:48,5
07/06/2022 08:42,5
07/06/2022 08:39,5
07/06/2022 08:36,3
07/06/2022 08:35,4
07/06/2022 08:35,4
07/06/2022 08:30,1
07/06/2022 08:30,1
07/06/2022 08:23,1
07/06/2022 08:16,5
07/06/2022 08:14,5
07/06/2022 08:08,4
07/06/2022 08:06,4
07/06/2022 08:04,1
07/06/2022 08:04,5
07/06/2022 08:01,5
07/06/2022 07:53,1
07/06/2022 07:50,5
07/06/2022 07:44,1
07/06/2022 07:28,1
07/06/2022 07:28,2
07/06/2022 07:26,4
07/06/2022 07:19,1
07/06/2022 07:18,1
07/06/2022 07:17,3
07/06/2022 07:17,1
07/06/2022 07:17,1
07/06/2022 07:11,5
07/06/2022 07:09,2
07/06/2022 07:06,1
07/06/2022 07:03,1
07/06/2022 06:49,5
07/06/2022 06:46,1
07/06/2022 06:45,5
07/06/2022 06:44,4
07/06/2022 06:39,1
07/06/2022 06:35,3
07/06/2022 06:23,3
07/06/2022 06:17,4
07/06/2022 06:16,5
07/06/2022 06:03,4
07/06/2022 06:02,3
07/06/2022 05:55,1
07/06/2022 05:50,4
07/06/2022 05:40,2
07/06/2022 05:39,2
07/06/2022 05:37,1
07/06/2022 05:37,2
07/06/2022 05:35,1
07/06/2022 05:33,2
07/06/2022 05:32,2
07/06/2022 05:32,5
07/06/2022 05:31,2
07/06/2022 05:14,2
07/06/2022 05:14,4
07/06/2022 05:13,3
07/06/2022 05:12,2
07/06/2022 05:03,5
07/06/2022 05:02,1
07/06/2022 04:58,1
07/06/2022 04:57,1
07/06/2022 04:57,5
07/06/2022 04:54,5
07/06/2022 04:49,5
07/06/2022 04:48,5
07/06/2022 04:39,3
07/06/2022 04:37,1
07/06/2022 04:33,4
07/06/2022 04:33,5
07/06/2022 04:33,4
07/06/2022 04:22,4
07/06/2022 04:17,5
07/06/2022 04:17,2
07/06/2022 04:16,1
07/06/2022 04:13,4
07/06/2022 04:04,2
07/06/2022 04:03,1
07/06/2022 04:01,5
07/06/2022 03:59,4
07/06/2022 03:57,1
07/06/2022 03:56,3
07/06/2022 03:55,5
07/06/2022 03:50,4
07/06/2022 03:49,1
07/06/2022 03:49,2
07/06/2022 03:43,3
07/06/2022 03:29,4
07/06/2022 03:26,5
07/06/2022 03:23,4
07/06/2022 03:15,1
07/06/2022 03:08,4
07/06/2022 03:07,2
07/06/2022 03:04,1
07/06/2022 03:02,3
07/06/2022 03:00,3
07/06/2022 02:59,5
07/06/2022 02:58,5
07/06/2022 02:57,3
07/06/2022 02:50,3
07/06/2022 02:45,5
07/06/2022 02:43,1
07/06/2022 02:26,4
07/06/2022 02:25,1
07/06/2022 02:14,4
07/06/2022 02:13,3
07/06/2022 02:09,2
07/06/2022 02:04,2
07/06/2022 01:53,2
07/06/2022 01:45,1
07/06/2022 01:41,1
07/06/2022 01:40,1
07/06/2022 01:35,5
07/06/2022 01:34,5
07/06/2022 01:24,3
07/06/2022 01:12,5
07/06/2022 01:12,5
07/06/2022 01:09,1
07/06/2022 01:01,2
07/06/2022 01:00,4
07/06/2022 01:00,1
07/06/2022 00:59,1
07/06/2022 00:57,3
07/06/2022 00:55,5
07/06/2022 00:55,3
07/06/2022 00:48,5
07/06/2022 00:33,2
07/06/2022 00:32,5
07/06/2022 00:31,1
07/06/2022 00:28,2
07/06/2022 00:16,5
07/06/2022 00:14,1
07/06/2022 00:05,2
07/06/2022 00:00,5
06/06/2022 23:52,1
06/06/2022 23:43,3
06/06/2022 23:31,5
06/06/2022 23:30,3
06/06/2022 23:20,5
06/06/2022 23:14,5
06/06/2022 23:07,3
06/06/2022 23:03,3
06/06/2022 23:01,1
06/06/2022 22:52,1
06/06/2022 22:44,5
06/06/2022 22:40,2
06/06/2022 22:24,1
06/06/2022 22:16,2
06/06/2022 22:13,3
06/06/2022 22:13,1
06/06/2022 21:59,4
06/06/2022 21:51,4
06/06/2022 21:39,5
06/06/2022 21:38,1
06/06/2022 21:37,5
06/06/2022 21:32,1
06/06/2022 21:23,5
06/06/2022 21:20,4
06/06/2022 21:15,4
06/06/2022 21:15,5
06/06/2022 21:14,1
06/06/2022 21:14,5
06/06/2022 21:09,5
06/06/2022 21:01,4
06/06/2022 20:53,5
06/06/2022 20:48,5
06/06/2022 20:37,5
06/06/2022 20:32,3
06/06/2022 20:29,5
06/06/2022 20:27,5
06/06/2022 20:26,5
06/06/2022 20:20,5
06/06/2022 20:18,3
06/06/2022 20:10,5
06/06/2022 19:56,5
06/06/2022 19:56,3
06/06/2022 19:49,5
06/06/2022 19:45,4
06/06/2022 19:39,3
06/06/2022 19:38,5
06/06/2022 19:38,3
06/06/2022 19:37,3
06/06/2022 19:31,3
06/06/2022 19:29,1
06/06/2022 19:27,5
06/06/2022 19:26,1
06/06/2022 19:24,5
06/06/2022 19:19,5
06/06/2022 19:18,1
06/06/2022 19:17,3
06/06/2022 19:17,4
06/06/2022 19:15,1
06/06/2022 19:14,5
06/06/2022 19:12,1
06/06/2022 19:10,4
06/06/2022 18:57,5
06/06/2022 18:50,4
06/06/2022 18:40,1
06/06/2022 18:38,5
06/06/2022 18:31,1
06/06/2022 18:30,2
06/06/2022 18:28,1
06/06/2022 18:25,1
06/06/2022 18:21,1
06/06/2022 18:19,5
06/06/2022 18:17,5
06/06/2022 18:15,2
06/06/2022 18:12,2
06/06/2022 18:11,1
06/06/2022 17:57,5
06/06/2022 17:56,1
06/06/2022 17:53,5
06/06/2022 17:52,1
06/06/2022 17:41,5
06/06/2022 17:38,1
06/06/2022 17:33,4
06/06/2022 17:31,2
06/06/2022 17:31,5
06/06/2022 17:28,5
06/06/2022 17:24,1
06/06/2022 17:19,1
06/06/2022 17:12,5
06/06/2022 17:06,5
06/06/2022 17:04,5
06/06/2022 17:02,4
06/06/2022 16:56,1
06/06/2022 16:55,1
06/06/2022 16:47,2
06/06/2022 16:46,1
06/06/2022 16:44,4
06/06/2022 16:41,5
06/06/2022 16:37,4
06/06/2022 16:37,1
06/06/2022 16:36,5
06/06/2022 16:36,1
06/06/2022 16:31,1
06/06/2022 16:30,3
06/06/2022 16:30,5
06/06/2022 16:26,4
06/06/2022 16:22,5
06/06/2022 16:16,4
06/06/2022 16:13,3
06/06/2022 16:12,1
06/06/2022 16:09,4
06/06/2022 16:06,2
06/06/2022 15:55,1
06/06/2022 15:47,2
06/06/2022 15:37,2
06/06/2022 15:35,5
06/06/2022 15:35,1
06/06/2022 15:31,5
06/06/2022 15:25,5
06/06/2022 15:23,2
06/06/2022 15:19,1
06/06/2022 15:18,5
06/06/2022 15:16,5
06/06/2022 15:06,1
06/06/2022 15:06,1
06/06/2022 15:04,5
06/06/2022 15:03,5
06/06/2022 15:03,1
06/06/2022 15:03,5
06/06/2022 15:02,5
06/06/2022 15:01,1
06/06/2022 15:01,3
06/06/2022 14:56,4
06/06/2022 14:55,5
06/06/2022 14:54,4
06/06/2022 14:54,1
06/06/2022 14:54,1
06/06/2022 14:46,1
06/06/2022 14:46,5
06/06/2022 14:46,3
06/06/2022 14:44,5
06/06/2022 14:43,4
06/06/2022 14:43,5
06/06/2022 14:39,5
06/06/2022 14:37,5
06/06/2022 14:33,1
06/06/2022 14:33,1
06/06/2022 14:32,2
06/06/2022 14:31,4
06/06/2022 14:30,5
06/06/2022 14:29,1
06/06/2022 14:23,2
06/06/2022 14:22,3
06/06/2022 14:20,2
06/06/2022 14:20,1
06/06/2022 14:19,1
06/06/2022 14:16,5
06/06/2022 14:16,5
06/06/2022 14:10,1
06/06/2022 14:07,5
06/06/2022 14:05,5
06/06/2022 13:57,5
06/06/2022 13:53,2
06/06/2022 13:47,3
06/06/2022 13:47,1
06/06/2022 13:46,5
06/06/2022 13:36,1
06/06/2022 13:36,5
06/06/2022 13:35,4
06/06/2022 13:24,4
06/06/2022 13:23,1
06/06/2022 13:18,5
06/06/2022 13:14,5
06/06/2022 13:14,1
06/06/2022 13:12,5
06/06/2022 13:09,5
06/06/2022 13:05,5
06/06/2022 13:03,5
06/06/2022 13:03,2
06/06/2022 12:59,5
06/06/2022 12:59,1
06/06/2022 12:56,4
06/06/2022 12:56,4
06/06/2022 12:53,5
06/06/2022 12:46,5
06/06/2022 12:44,1
06/06/2022 12:42,1
06/06/2022 12:41,1
06/06/2022 12:40,1
06/06/2022 12:30,5
06/06/2022 12:29,4
06/06/2022 12:25,1
06/06/2022 12:23,4
06/06/2022 12:23,1
06/06/2022 12:07,1
06/06/2022 12:04,2
06/06/2022 12:04,5
06/06/2022 12:03,5
06/06/2022 11:59,5
06/06/2022 11:53,5
06/06/2022 11:49,2
06/06/2022 11:46,1
06/06/2022 11:43,5
06/06/2022 11:32,5
06/06/2022 11:26,1
06/06/2022 11:25,4
06/06/2022 11:22,1
06/06/2022 11:21,4
06/06/2022 11:18,1
06/06/2022 11:12,5
06/06/2022 11:07,1
06/06/2022 10:56,1
06/06/2022 10:54,5
06/06/2022 10:47,4
06/06/2022 10:45,2
06/06/2022 10:45,5
06/06/2022 10:44,1
06/06/2022 10:42,4
06/06/2022 10:40,1
06/06/2022 10:37,1
06/06/2022 10:36,1
06/06/2022 10:31,5
06/06/2022 10:28,2
06/06/2022 10:25,1
06/06/2022 10:12,5
06/06/2022 10:05,1
06/06/2022 10:04,3
06/06/2022 10:00,1
06/06/2022 09:56,5
06/06/2022 09:56,1
06/06/2022 09:48,3
06/06/2022 09:46,5
06/06/2022 09:42,3
06/06/2022 09:41,5
06/06/2022 09:32,3
06/06/2022 09:25,2
06/06/2022 09:25,5
06/06/2022 09:16,1
06/06/2022 09:10,5
06/06/2022 09:06,1
06/06/2022 09:01,1
06/06/2022 09:00,5
06/06/2022 08:59,1
06/06/2022 08:56,2
06/06/2022 08:50,2
06/06/2022 08:45,1
06/06/2022 08:44,2
06/06/2022 08:40,4
06/06/2022 08:38,5
06/06/2022 08:36,1
06/06/2022 08:36,5
06/06/2022 08:34,1
06/06/2022 08:34,1
06/06/2022 08:33,4
06/06/2022 08:17,5
06/06/2022 08:16,5
06/06/2022 08:13,1
06/06/2022 08:09,5
06/06/2022 07:56,1
06/06/2022 07:46,1
06/06/2022 07:43,1
06/06/2022 07:41,4
06/06/2022 07:39,1
06/06/2022 07:39,5
06/06/2022 07:28,5
06/06/2022 07:24,1
06/06/2022 07:23,2
06/06/2022 07:16,1
06/06/2022 07:04,1
06/06/2022 07:00,1
06/06/2022 06:59,4
06/06/2022 06:53,4
06/06/2022 06:50,1
06/06/2022 06:46,2
06/06/2022 06:44,5
06/06/2022 06:42,3
06/06/2022 06:41,1
06/06/2022 06:20,3
06/06/2022 06:20,5
06/06/2022 06:19,5
06/06/2022 06:16,1
06/06/2022 06:02,3
06/06/2022 06:01,5
06/06/2022 06:01,4
06/06/2022 06:00,1
06/06/2022 06:00,5
06/06/2022 05:59,1
06/06/2022 05:53,5
06/06/2022 05:53,1
06/06/2022 05:48,2
06/06/2022 05:47,2
06/06/2022 05:46,1
06/06/2022 05:40,5
06/06/2022 05:35,5
06/06/2022 05:32,4
06/06/2022 05:32,1
06/06/2022 05:26,3
06/06/2022 05:24,4
06/06/2022 05:23,4
06/06/2022 05:22,4
06/06/2022 05:17,5
06/06/2022 05:12,1
06/06/2022 05:11,5
06/06/2022 05:10,5
06/06/2022 05:05,5
06/06/2022 05:01,1
06/06/2022 05:00,1
06/06/2022 04:59,5
06/06/2022 04:55,5
06/06/2022 04:53,5
06/06/2022 04:48,1
06/06/2022 04:43,1
06/06/2022 04:41,4
06/06/2022 04:38,1
06/06/2022 04:35,1
06/06/2022 04:29,4
06/06/2022 04:27,3
06/06/2022 04:27,5
06/06/2022 04:27,4
06/06/2022 04:24,3
06/06/2022 04:24,3
06/06/2022 04:21,4
06/06/2022 04:13,3
06/06/2022 04:08,5
06/06/2022 04:07,3
06/06/2022 04:06,1
06/06/2022 04:00,1
06/06/2022 03:58,2
06/06/2022 03:58,1
06/06/2022 03:55,1
06/06/2022 03:38,1
06/06/2022 03:32,1
06/06/2022 03:31,5
06/06/2022 03:31,4
06/06/2022 03:31,3
06/06/2022 03:29,1
06/06/2022 03:28,5
06/06/2022 03:28,3
06/06/2022 03:25,2
06/06/2022 03:22,4
06/06/2022 03:19,5
06/06/2022 03:05,5
06/06/2022 03:00,4
06/06/2022 03:00,1
06/06/2022 02:52,1
06/06/2022 02:45,2
06/06/2022 02:45,1
06/06/2022 02:39,1
06/06/2022 02:34,2
06/06/2022 02:33,2
06/06/2022 02:30,1
06/06/2022 02:08,2
06/06/2022 02:04,5
06/06/2022 01:59,5
06/06/2022 01:42,5
06/06/2022 01:37,5
06/06/2022 01:35,1
06/06/2022 01:35,3
06/06/2022 01:35,1
06/06/2022 01:29,5
06/06/2022 01:22,5
06/06/2022 01:14,4
06/06/2022 01:14,1
06/06/2022 01:10,5
06/06/2022 01:08,1
06/06/2022 01:06,3
06/06/2022 01:05,1
06/06/2022 00:57,2
06/06/2022 00:55,5
06/06/2022 00:48,4
06/06/2022 00:46,1
06/06/2022 00:39,5
06/06/2022 00:39,1
06/06/2022 00:38,4
06/06/2022 00:33,4
06/06/2022 00:25,1
06/06/2022 00:23,1
06/06/2022 00:23,1
06/06/2022 00:22,1
06/06/2022 00:10,2
05/06/2022 23:40,5
05/06/2022 23:33,1
05/06/2022 23:22,4
05/06/2022 23:14,1
05/06/2022 23:07,3
05/06/2022 23:04,5
05/06/2022 23:02,1
05/06/2022 22:57,2
05/06/2022 22:52,5
05/06/2022 22:40,5
05/06/2022 22:34,4
05/06/2022 22:34,5
05/06/2022 22:27,1
05/06/2022 22:27,1
05/06/2022 22:26,5
05/06/2022 22:26,4
05/06/2022 22:25,5
05/06/2022 22:24,1
05/06/2022 22:23,5
05/06/2022 22:12,5
05/06/2022 22:12,5
05/06/2022 22:05,2
05/06/2022 21:54,1
05/06/2022 21:38,5
05/06/2022 21:32,1
05/06/2022 21:29,5
05/06/2022 21:27,5
05/06/2022 21:13,1
05/06/2022 21:13,1
05/06/2022 21:12,5
05/06/2022 21:03,3
05/06/2022 21:03,1
05/06/2022 21:02,5
05/06/2022 20:49,5
05/06/2022 20:47,4
05/06/2022 20:46,5
05/06/2022 20:43,5
05/06/2022 20:42,1
05/06/2022 20:32,1
05/06/2022 20:31,1
05/06/2022 20:30,2
05/06/2022 20:27,5
05/06/2022 20:22,1
05/06/2022 20:21,2
05/06/2022 20:18,5
05/06/2022 20:08,2
05/06/2022 19:57,5
05/06/2022 19:54,5
05/06/2022 19:50,5
05/06/2022 19:48,5
05/06/2022 19:44,3
05/06/2022 19:40,1
05/06/2022 19:38,4
05/06/2022 19:37,4
05/06/2022 19:36,3
05/06/2022 19:22,5
05/06/2022 19:22,1
05/06/2022 19:12,2
05/06/2022 19:09,2
05/06/2022 19:05,1
05/06/2022 19:03,1
05/06/2022 18:42,1
05/06/2022 18:38,3
05/06/2022 18:35,1
05/06/2022 18:27,4
05/06/2022 18:26,3
05/06/2022 18:21,3
05/06/2022 18:19,4
05/06/2022 18:11,1
05/06/2022 18:10,1
05/06/2022 18:10,2
05/06/2022 18:07,5
05/06/2022 18:05,5
05/06/2022 18:04,5
05/06/2022 18:01,1
05/06/2022 17:42,1
05/06/2022 17:42,1
05/06/2022 17:38,5
05/06/2022 17:30,5
05/06/2022 17:24,5
05/06/2022 17:21,5
05/06/2022 17:20,5
05/06/2022 17:20,5
05/06/2022 17:20,2
05/06/2022 17:13,5
05/06/2022 17:12,1
05/06/2022 17:12,5
05/06/2022 17:08,5
05/06/2022 17:07,5
05/06/2022 17:07,4
05/06/2022 17:07,5
05/06/2022 17:03,1
05/06/2022 17:03,1
05/06/2022 16:58,1
05/06/2022 16:48,1
05/06/2022 16:48,4
05/06/2022 16:47,1
05/06/2022 16:45,4
05/06/2022 16:45,3
05/06/2022 16:44,1
05/06/2022 16:41,5
05/06/2022 16:38,2
05/06/2022 16:36,2
05/06/2022 16:36,5
05/06/2022 16:36,1
05/06/2022 16:34,3
05/06/2022 16:27,5
05/06/2022 16:24,5
05/06/2022 16:21,5
05/06/2022 16:20,1
05/06/2022 16:13,4
05/06/2022 16:12,5
05/06/2022 16:08,3
05/06/2022 16:05,4
05/06/2022 16:01,5
05/06/2022 15:57,4
05/06/2022 15:39,1
05/06/2022 15:29,5
05/06/2022 15:28,5
05/06/2022 15:27,1
05/06/2022 15:23,1
05/06/2022 15:18,1
05/06/2022 15:14,3
05/06/2022 15:14,1
05/06/2022 15:08,1
05/06/2022 15:00,4
05/06/2022 15:00,5
05/06/2022 14:59,5
05/06/2022 14:59,5
05/06/2022 14:54,5
05/06/2022 14:48,1
05/06/2022 14:46,5
05/06/2022 14:45,1
05/06/2022 14:29,1
05/06/2022 14:28,5
05/06/2022 14:28,5
05/06/2022 14:27,3
05/06/2022 14:22,1
05/06/2022 14:18,3
05/06/2022 14:18,5
05/06/2022 14:15,5
05/06/2022 14:13,5
05/06/2022 14:00,4
05/06/2022 13:53,4
05/06/2022 13:53,1
05/06/2022 13:50,5
05/06/2022 13:45,5
05/06/2022 13:42,5
05/06/2022 13:39,2
05/06/2022 13:33,1
05/06/2022 13:32,5
05/06/2022 13:31,1
05/06/2022 13:24,4
05/06/2022 13:18,4
05/06/2022 13:17,1
05/06/2022 13:15,5
05/06/2022 13:09,1
05/06/2022 13:04,2
05/06/2022 12:56,2
05/06/2022 12:55,5
05/06/2022 12:52,3
05/06/2022 12:50,1
05/06/2022 12:47,5
05/06/2022 12:40,4
05/06/2022 12:39,2
05/06/2022 12:38,5
05/06/2022 12:36,1
05/06/2022 12:32,4
05/06/2022 12:27,5
05/06/2022 12:18,4
05/06/2022 12:14,3
05/06/2022 12:13,1
05/06/2022 12:11,5
05/06/2022 12:07,4
05/06/2022 12:01,4
05/06/2022 11:55,4
05/06/2022 11:52,3
05/06/2022 11:51,1
05/06/2022 11:32,1
05/06/2022 11:26,4
05/06/2022 11:18,5
05/06/2022 11:17,3
05/06/2022 11:10,3
05/06/2022 11:04,5
05/06/2022 11:03,5
05/06/2022 11:01,1
05/06/2022 10:55,4
05/06/2022 10:43,5
05/06/2022 10:36,5
05/06/2022 10:32,1
05/06/2022 10:32,5
05/06/2022 10:29,5
05/06/2022 10:20,4
05/06/2022 10:12,5
05/06/2022 10:10,5
05/06/2022 10:07,1
05/06/2022 10:03,4
05/06/2022 10:02,1
05/06/2022 09:41,2
05/06/2022 09:39,1
05/06/2022 09:35,5
05/06/2022 09:28,5
05/06/2022 09:23,1
05/06/2022 09:13,5
05/06/2022 09:07,4
05/06/2022 08:59,1
05/06/2022 08:59,1
05/06/2022 08:43,1
05/06/2022 08:37,5
05/06/2022 08:35,5
05/06/2022 08:12,3
05/06/2022 08:09,5
05/06/2022 08:09,1
05/06/2022 08:08,5
05/06/2022 08:05,5
05/06/2022 07:56,1
05/06/2022 07:46,1
05/06/2022 07:41,1
05/06/2022 07:31,3
05/06/2022 07:29,4
05/06/2022 07:21,3
05/06/2022 07:15,5
05/06/2022 07:13,1
05/06/2022 07:03,1
05/06/2022 07:02,1
05/06/2022 06:58,1
05/06/2022 06:57,5
05/06/2022 06:53,4
05/06/2022 06:48,3
05/06/2022 06:47,1
05/06/2022 06:47,3
05/06/2022 06:47,5
05/06/2022 06:44,5
05/06/2022 06:43,1
05/06/2022 06:41,3
05/06/2022 06:39,1
05/06/2022 06:38,4
05/06/2022 06:32,1
05/06/2022 06:21,5
05/06/2022 06:17,2
05/06/2022 06:11,1
05/06/2022 06:05,1
05/06/2022 06:04,5
05/06/2022 06:02,4
05/06/2022 06:01,5
05/06/2022 05:53,3
05/06/2022 05:50,5
05/06/2022 05:48,4
05/06/2022 05:42,4
05/06/2022 05:40,5
05/06/2022 05:39,2
05/06/2022 05:31,1
05/06/2022 05:28,4
05/06/2022 05:27,1
05/06/2022 05:24,2
05/06/2022 05:22,3
05/06/2022 05:19,4
05/06/2022 05:19,5
05/06/2022 05:18,5
05/06/2022 05:16,5
05/06/2022 05:15,5
05/06/2022 05:12,1
05/06/2022 05:10,1
05/06/2022 05:05,5
05/06/2022 05:01,5
05/06/2022 04:59,3
05/06/2022 04:58,5
05/06/2022 04:44,1
05/06/2022 04:42,2
05/06/2022 04:36,5
05/06/2022 04:30,1
05/06/2022 04:25,3
05/06/2022 04:22,5
05/06/2022 04:17,1
05/06/2022 04:17,5
05/06/2022 04:12,4
05/06/2022 04:07,1
05/06/2022 04:01,1
05/06/2022 04:00,2
05/06/2022 03:59,5
05/06/2022 03:53,5
05/06/2022 03:52,2
05/06/2022 03:51,4
05/06/2022 03:44,2
05/06/2022 03:44,3
05/06/2022 03:41,2
05/06/2022 03:28,5
05/06/2022 03:24,3
05/06/2022 03:19,5
05/06/2022 03:17,4
05/06/2022 03:06,2
05/06/2022 02:53,1
05/06/2022 02:50,4
05/06/2022 02:46,1
05/06/2022 02:43,5
05/06/2022 02:34,5
05/06/2022 02:32,1
05/06/2022 02:31,1
05/06/2022 02:26,1
05/06/2022 02:14,2
05/06/2022 02:06,2
05/06/2022 02:02,1
05/06/2022 02:01,4
05/06/2022 01:59,1
05/06/2022 01:59,1
05/06/2022 01:51,4
05/06/2022 01:30,4
05/06/2022 01:28,5
05/06/2022 01:20,5
05/06/2022 01:18,5
05/06/2022 01:10,1
05/06/2022 00:47,3
05/06/2022 00:39,1
05/06/2022 00:38,2
05/06/2022 00:25,5
05/06/2022 00:19,2
05/06/2022 00:18,1
05/06/2022 00:16,1
05/06/2022 00:13,1
05/06/2022 00:03,2
04/06/2022 23:54,5
04/06/2022 23:52,5
04/06/2022 23:44,5
04/06/2022 23:38,5
04/06/2022 23:33,1
04/06/2022 23:20,5
04/06/2022 23:18,5
04/06/2022 23:18,4
04/06/2022 22:54,5
04/06/2022 22:54,1
04/06/2022 22:48,5
04/06/2022 22:42,3
04/06/2022 22:42,5
04/06/2022 22:31,4
04/06/2022 22:24,1
04/06/2022 22:23,3
04/06/2022 22:22,3
04/06/2022 22:22,3
04/06/2022 22:22,1
04/06/2022 22:09,5
04/06/2022 22:03,5
04/06/2022 21:58,2
04/06/2022 21:51,1
04/06/2022 21:48,5
04/06/2022 21:41,5
04/06/2022 21:36,3
04/06/2022 21:35,3
04/06/2022 21:32,1
04/06/2022 21:30,1
04/06/2022 21:30,1
04/06/2022 21:26,4
04/06/2022 21:23,5
04/06/2022 21:18,2
04/06/2022 21:04,5
04/06/2022 20:57,5
04/06/2022 20:50,1
04/06/2022 20:50,5
04/06/2022 20:50,3
04/06/2022 20:48,5
04/06/2022 20:47,5
04/06/2022 20:46,5
04/06/2022 20:42,4
04/06/2022 20:39,4
04/06/2022 20:34,2
04/06/2022 20:32,5
04/06/2022 20:25,1
04/06/2022 20:25,5
04/06/2022 20:23,4
04/06/2022 20:21,4
04/06/2022 20:12,5
04/06/2022 20:08,5
04/06/2022 19:58,5
04/06/2022 19:50,1
04/06/2022 19:50,1
04/06/2022 19:49,1
04/06/2022 19:48,1
04/06/2022 19:48,3
04/06/2022 19:47,5
04/06/2022 19:45,1
04/06/2022 19:37,5
04/06/2022 19:37,1
04/06/2022 19:37,2
04/06/2022 19:33,1
04/06/2022 19:28,5
04/06/2022 19:27,5
04/06/2022 19:27,5
04/06/2022 19:24,3
04/06/2022 19:24,2
04/06/2022 19:16,3
04/06/2022 19:13,5
04/06/2022 19:13,2
04/06/2022 19:01,1
04/06/2022 19:01,5
04/06/2022 18:55,5
04/06/2022 18:55,3
04/06/2022 18:52,1
04/06/2022 18:52,3
04/06/2022 18:51,5
04/06/2022 18:46,5
04/06/2022 18:33,5
04/06/2022 18:21,1
04/06/2022 18:16,1
04/06/2022 18:05,1
04/06/2022 18:03,4
04/06/2022 17:58,5
04/06/2022 17:55,2
04/06/2022 17:55,2
04/06/2022 17:54,3
04/06/2022 17:54,5
04/06/2022 17:53,5
04/06/2022 17:53,5
04/06/2022 17:43,4
04/06/2022 17:41,4
04/06/2022 17:38,1
04/06/2022 17:36,5
04/06/2022 17:35,5
04/06/2022 17:34,5
04/06/2022 17:32,5
04/06/2022 17:30,1
04/06/2022 17:16,5
04/06/2022 17:09,5
04/06/2022 17:04,2
04/06/2022 17:01,4
04/06/2022 16:56,1
04/06/2022 16:55,5
04/06/2022 16:55,1
04/06/2022 16:55,1
04/06/2022 16:53,5
04/06/2022 16:50,1
04/06/2022 16:44,1
04/06/2022 16:40,2
04/06/2022 16:38,5
04/06/2022 16:36,5
04/06/2022 16:34,5
04/06/2022 16:33,1
04/06/2022 16:32,2
04/06/2022 16:30,5
04/06/2022 16:28,1
04/06/2022 16:27,5
04/06/2022 16:22,2
04/06/2022 16:17,5
04/06/2022 16:15,1
04/06/2022 16:09,4
04/06/2022 16:08,2
04/06/2022 16:08,1
04/06/2022 16:05,2
04/06/2022 16:04,5
04/06/2022 16:01,1
04/06/2022 15:53,5
04/06/2022 15:51,2
04/06/2022 15:45,1
04/06/2022 15:44,1
04/06/2022 15:41,3
04/06/2022 15:38,1
04/06/2022 15:36,1
04/06/2022 15:31,1
04/06/2022 15:27,4
04/06/2022 15:26,5
04/06/2022 15:26,5
04/06/2022 15:25,5
04/06/2022 15:24,5
04/06/2022 15:20,5
04/06/2022 15:16,4
04/06/2022 15:15,5
04/06/2022 15:09,5
04/06/2022 15:09,5
04/06/2022 15:08,5
04/06/2022 15:05,5
04/06/2022 15:01,3
04/06/2022 14:58,5
04/06/2022 14:55,1
04/06/2022 14:54,5
04/06/2022 14:45,2
04/06/2022 14:41,5
04/06/2022 14:37,2
04/06/2022 14:37,1
04/06/2022 14:34,1
04/06/2022 14:24,5
04/06/2022 14:23,1
04/06/2022 14:22,4
04/06/2022 14:21,4
04/06/2022 14:20,1
04/06/2022 14:18,3
04/06/2022 14:15,1
04/06/2022 14:12,1
04/06/2022 14:10,1
04/06/2022 14:07,1
04/06/2022 13:52,1
04/06/2022 13:49,5
04/06/2022 13:42,1
04/06/2022 13:40,5
04/06/2022 13:39,2
04/06/2022 13:38,4
04/06/2022 13:35,2
04/06/2022 13:34,3
04/06/2022 13:34,5
04/06/2022 13:32,4
04/06/2022 13:21,4
04/06/2022 13:19,5
04/06/2022 13:17,5
04/06/2022 13:14,1
04/06/2022 13:10,2
04/06/2022 13:08,4
04/06/2022 13:06,1
04/06/2022 13:01,5
04/06/2022 13:00,1
04/06/2022 12:59,2
04/06/2022 12:57,1
04/06/2022 12:49,5
04/06/2022 12:48,1
04/06/2022 12:27,5
04/06/2022 12:21,5
04/06/2022 12:15,5
04/06/2022 12:14,4
04/06/2022 12:11,5
04/06/2022 12:09,5
04/06/2022 12:00,5
04/06/2022 11:58,1
04/06/2022 11:43,5
04/06/2022 11:41,5
04/06/2022 11:30,4
04/06/2022 11:24,4
04/06/2022 11:21,1
04/06/2022 11:21,2
04/06/2022 11:19,5
04/06/2022 11:13,1
04/06/2022 11:10,5
04/06/2022 11:07,5
04/06/2022 11:02,1
04/06/2022 10:57,5
04/06/2022 10:56,1
04/06/2022 10:50,1
04/06/2022 10:46,5
04/06/2022 10:46,1
04/06/2022 10:45,3
04/06/2022 10:40,5
04/06/2022 10:39,5
04/06/2022 10:25,5
04/06/2022 10:19,4
04/06/2022 10:12,2
04/06/2022 10:10,3
04/06/2022 10:07,5
04/06/2022 09:56,5
04/06/2022 09:47,1
04/06/2022 09:46,4
04/06/2022 09:43,1
04/06/2022 09:39,2
04/06/2022 09:39,5
04/06/2022 09:37,5
04/06/2022 09:36,5
04/06/2022 09:23,5
04/06/2022 09:23,1
04/06/2022 09:14,4
04/06/2022 09:09,4
04/06/2022 09:04,4
04/06/2022 08:57,3
04/06/2022 08:56,1
04/06/2022 08:50,5
04/06/2022 08:47,1
04/06/2022 08:40,3
04/06/2022 08:37,5
04/06/2022 08:36,1
04/06/2022 08:31,3
04/06/2022 08:27,5
04/06/2022 08:23,1
04/06/2022 08:22,1
04/06/2022 08:15,1
04/06/2022 08:15,5
04/06/2022 08:13,3
04/06/2022 08:11,2
04/06/2022 08:10,4
04/06/2022 08:08,4
04/06/2022 08:05,5
04/06/2022 08:01,5
04/06/2022 07:53,1
04/06/2022 07:47,5
04/06/2022 07:43,5
04/06/2022 07:35,1
04/06/2022 07:33,4
04/06/2022 07:27,5
04/06/2022 07:27,5
04/06/2022 07:25,3
04/06/2022 07:10,5
04/06/2022 07:09,3
04/06/2022 07:07,5
04/06/2022 07:04,5
04/06/2022 07:03,5
04/06/2022 06:51,4
04/06/2022 06:51,1
04/06/2022 06:51,5
04/06/2022 06:19,5
04/06/2022 06:18,4
04/06/2022 06:17,5
04/06/2022 06:16,1
04/06/2022 06:15,2
04/06/2022 06:09,1
04/06/2022 06:08,5
04/06/2022 06:06,4
04/06/2022 06:04,5
04/06/2022 06:02,4
04/06/2022 05:51,2
04/06/2022 05:44,2
04/06/2022 05:42,5
04/06/2022 05:39,3
04/06/2022 05:30,1
04/06/2022 05:26,5
04/06/2022 05:25,5
04/06/2022 05:14,4
04/06/2022 05:14,4
04/06/2022 05:12,4
04/06/2022 05:05,5
04/06/2022 05:05,1
04/06/2022 05:04,4
04/06/2022 05:02,3
04/06/2022 04:48,1
04/06/2022 04:47,5
04/06/2022 04:42,5
04/06/2022 04:40,4
04/06/2022 04:39,5
04/06/2022 04:36,2
04/06/2022 04:35,3
04/06/2022 04:34,1
04/06/2022 04:20,5
04/06/2022 04:19,4
04/06/2022 04:08,1
04/06/2022 03:58,1
04/06/2022 03:55,1
04/06/2022 03:49,4
04/06/2022 03:43,1
04/06/2022 03:29,5
04/06/2022 03:27,1
04/06/2022 03:26,5
04/06/2022 03:26,3
04/06/2022 03:25,5
04/06/2022 03:25,5
04/06/2022 03:21,5
04/06/2022 03:12,2
04/06/2022 03:09,1
04/06/2022 03:01,4
04/06/2022 03:00,2
04/06/2022 02:55,1
04/06/2022 02:55,5
04/06/2022 02:47,3
04/06/2022 02:46,4
04/06/2022 02:41,1
04/06/2022 02:40,3
04/06/2022 02:29,1
04/06/2022 02:27,1
04/06/2022 02:24,4
04/06/2022 02:24,1
04/06/2022 02:21,1
04/06/2022 02:16,5
04/06/2022 02:13,5
04/06/2022 02:11,5
04/06/2022 02:08,1
04/06/2022 02:05,1
04/06/2022 02:01,1
04/06/2022 02:00,4
04/06/2022 01:59,1
04/06/2022 01:51,1
04/06/2022 01:46,1
04/06/2022 01:44,2
04/06/2022 01:43,3
04/06/2022 01:43,1
04/06/2022 01:40,5
04/06/2022 01:39,4
04/06/2022 01:39,3
04/06/2022 01:38,5
04/06/2022 01:37,5
04/06/2022 01:32,5
04/06/2022 01:31,1
04/06/2022 01:28,4
04/06/2022 01:18,1
04/06/2022 01:17,5
04/06/2022 01:13,5
04/06/2022 01:10,1
04/06/2022 01:07,4
04/06/2022 01:03,4
04/06/2022 01:02,5
04/06/2022 00:57,4
04/06/2022 00:44,5
04/06/2022 00:43,5
04/06/2022 00:35,5
04/06/2022 00:28,1
04/06/2022 00:18,5
04/06/2022 00:09,1
04/06/2022 00:06,3
04/06/2022 00:02,5
03/06/2022 23:59,3
03/06/2022 23:52,5
03/06/2022 23:49,3
03/06/2022 23:48,3
03/06/2022 23:41,1
03/06/2022 23:33,1
03/06/2022 23:31,5
03/06/2022 23:22,5
03/06/2022 23:18,5
03/06/2022 23:18,5
03/06/2022 23:07,1
03/06/2022 22:57,1
03/06/2022 22:45,5
03/06/2022 22:33,5
03/06/2022 22:27,5
03/06/2022 22:27,5
03/06/2022 22:14,5
03/06/2022 22:10,5
03/06/2022 22:06,3
03/06/2022 22:00,1
03/06/2022 21:47,5
03/06/2022 21:44,5
03/06/2022 21:30,2
03/06/2022 21:29,1
03/06/2022 21:23,3
03/06/2022 21:21,5
03/06/2022 21:19,3
03/06/2022 21:18,2
03/06/2022 21:14,2
03/06/2022 21:13,3
03/06/2022 21:11,5
03/06/2022 21:10,2
03/06/2022 21:06,1
03/06/2022 21:03,1
03/06/2022 21:02,5
03/06/2022 21:00,5
03/06/2022 20:59,3
03/06/2022 20:58,1
03/06/2022 20:57,1
03/06/2022 20:56,1
03/06/2022 20:56,5
03/06/2022 20:55,5
03/06/2022 20:51,1
03/06/2022 20:44,3
03/06/2022 20:42,3
03/06/2022 20:39,5
03/06/2022 20:25,2
03/06/2022 20:22,1
03/06/2022 20:19,1
03/06/2022 20:18,1
03/06/2022 20:16,4
03/06/2022 20:10,5
03/06/2022 19:58,5
03/06/2022 19:41,5
03/06/2022 19:38,1
03/06/2022 19:33,1
03/06/2022 19:30,5
03/06/2022 19:28,3
03/06/2022 19:26,5
03/06/2022 19:25,5
03/06/2022 19:25,1
03/06/2022 19:21,3
03/06/2022 19:21,1
03/06/2022 19:19,2
03/06/2022 19:16,4
03/06/2022 19:15,5
03/06/2022 19:09,4
03/06/2022 18:58,1
03/06/2022 18:56,5
03/06/2022 18:54,4
03/06/2022 18:54,5
03/06/2022 18:53,1
03/06/2022 18:50,1
03/06/2022 18:43,2
03/06/2022 18:35,5
03/06/2022 18:35,5
03/06/2022 18:33,5
03/06/2022 18:31,5
03/06/2022 18:28,5
03/06/2022 18:20,3
03/06/2022 18:15,5
03/06/2022 18:11,4
03/06/2022 18:10,2
03/06/2022 18:06,5
03/06/2022 17:59,5
03/06/2022 17:55,1
03/06/2022 17:49,5
03/06/2022 17:44,2
03/06/2022 17:37,5
03/06/2022 17:36,1
03/06/2022 17:35,5
03/06/2022 17:33,3
03/06/2022 17:31,5
03/06/2022 17:30,5
03/06/2022 17:30,1
03/06/2022 17:28,3
03/06/2022 17:27,5
03/06/2022 17:27,1
03/06/2022 17:26,5
03/06/2022 17:21,2
03/06/2022 17:18,5
03/06/2022 17:12,2
03/06/2022 17:06,2
03/06/2022 17:06,4
03/06/2022 16:59,1
03/06/2022 16:59,4
03/06/2022 16:58,3
03/06/2022 16:55,5
03/06/2022 16:54,5
03/06/2022 16:49,4
03/06/2022 16:36,1
03/06/2022 16:30,4
03/06/2022 16:26,3
03/06/2022 16:26,5
03/06/2022 16:25,3
03/06/2022 16:23,5
03/06/2022 16:22,5
03/06/2022 16:19,5
03/06/2022 16:18,5
03/06/2022 16:17,5
03/06/2022 16:11,3
03/06/2022 16:08,5
03/06/2022 16:07,5
03/06/2022 16:02,4
03/06/2022 16:00,4
03/06/2022 15:59,5
03/06/2022 15:52,5
03/06/2022 15:51,5
03/06/2022 15:47,3
03/06/2022 15:46,4
03/06/2022 15:45,1
03/06/2022 15:42,5
03/06/2022 15:39,5
03/06/2022 15:37,4
03/06/2022 15:35,1
03/06/2022 15:34,1
03/06/2022 15:31,4
03/06/2022 15:26,4
03/06/2022 15:19,2
03/06/2022 15:14,1
03/06/2022 15:13,1
03/06/2022 15:10,3
03/06/2022 15:07,4
03/06/2022 15:00,5
03/06/2022 14:55,5
03/06/2022 14:52,4
03/06/2022 14:51,5
03/06/2022 14:47,1
03/06/2022 14:46,1
03/06/2022 14:41,2
03/06/2022 14:39,5
03/06/2022 14:36,3
03/06/2022 14:35,5
03/06/2022 14:31,5
03/06/2022 14:26,1
03/06/2022 14:25,5
03/06/2022 14:24,3
03/06/2022 14:22,3
03/06/2022 14:19,2
03/06/2022 14:15,1
03/06/2022 14:12,4
03/06/2022 14:09,5
03/06/2022 14:06,4
03/06/2022 14:05,5
03/06/2022 14:01,1
03/06/2022 14:00,5
03/06/2022 13:56,5
03/06/2022 13:56,5
03/06/2022 13:52,5
03/06/2022 13:49,1
03/06/2022 13:49,4
03/06/2022 13:45,5
03/06/2022 13:44,5
03/06/2022 13:40,2
03/06/2022 13:40,5
03/06/2022 13:37,5
03/06/2022 13:31,2
03/06/2022 13:30,4
03/06/2022 13:29,1
03/06/2022 13:26,5
03/06/2022 13:26,2
03/06/2022 13:24,5
03/06/2022 13:22,1
03/06/2022 13:21,5
03/06/2022 13:20,1
03/06/2022 13:17,4
03/06/2022 13:11,1
03/06/2022 13:10,4
03/06/2022 13:09,4
03/06/2022 13:01,5
03/06/2022 12:45,1
03/06/2022 12:45,1
03/06/2022 12:43,5
03/06/2022 12:40,1
03/06/2022 12:37,1
03/06/2022 12:35,5
03/06/2022 12:35,5
03/06/2022 12:24,5
03/06/2022 12:24,4
03/06/2022 12:22,5
03/06/2022 12:18,5
03/06/2022 12:16,5
03/06/2022 12:15,1
03/06/2022 12:14,5
03/06/2022 12:14,1
03/06/2022 12:04,5
03/06/2022 11:58,1
03/06/2022 11:54,5
03/06/2022 11:43,3
03/06/2022 11:41,1
03/06/2022 11:35,2
03/06/2022 11:34,1
03/06/2022 11:28,5
03/06/2022 11:15,4
03/06/2022 11:14,2
03/06/2022 11:13,2
03/06/2022 11:12,5
03/06/2022 11:10,3
03/06/2022 11:08,5
03/06/2022 11:06,3
03/06/2022 11:04,5
03/06/2022 11:02,3
03/06/2022 10:57,1
03/06/2022 10:56,4
03/06/2022 10:49,3
03/06/2022 10:46,3
03/06/2022 10:44,3
03/06/2022 10:42,1
03/06/2022 10:26,1
03/06/2022 10:25,1
03/06/2022 10:21,5
03/06/2022 10:21,5
03/06/2022 10:20,4
03/06/2022 10:09,5
03/06/2022 10:06,1
03/06/2022 10:00,3
03/06/2022 09:50,1
03/06/2022 09:49,5
03/06/2022 09:49,5
03/06/2022 09:44,1
03/06/2022 09:36,4
03/06/2022 09:32,3
03/06/2022 09:30,3
03/06/2022 09:29,5
03/06/2022 09:26,1
03/06/2022 09:26,4
03/06/2022 09:23,4
03/06/2022 09:23,5
03/06/2022 09:19,5
03/06/2022 08:56,4
03/06/2022 08:51,5
03/06/2022 08:51,1
03/06/2022 08:50,5
03/06/2022 08:47,5
03/06/2022 08:47,1
03/06/2022 08:46,3
03/06/2022 08:46,2
03/06/2022 08:43,1
03/06/2022 08:40,5
03/06/2022 08:32,2
03/06/2022 08:22,5
03/06/2022 08:11,4
03/06/2022 08:10,1
03/06/2022 08:08,2
03/06/2022 08:06,5
03/06/2022 08:05,1
03/06/2022 08:01,5
03/06/2022 07:59,4
03/06/2022 07:58,2
03/06/2022 07:56,5
03/06/2022 07:56,1
03/06/2022 07:55,5
03/06/2022 07:53,2
03/06/2022 07:41,2
03/06/2022 07:33,4
03/06/2022 07:29,5
03/06/2022 07:29,5
03/06/2022 07:22,5
03/06/2022 07:20,1
03/06/2022 07:13,3
03/06/2022 07:12,5
03/06/2022 07:05,3
03/06/2022 07:00,1
03/06/2022 06:57,5
03/06/2022 06:36,3
03/06/2022 06:29,5
03/06/2022 06:29,2
03/06/2022 06:25,4
03/06/2022 06:18,5
03/06/2022 06:17,1
03/06/2022 06:17,1
03/06/2022 06:15,4
03/06/2022 06:04,5
03/06/2022 05:58,5
03/06/2022 05:47,5
03/06/2022 05:36,1
03/06/2022 05:36,5
03/06/2022 05:26,4
03/06/2022 05:19,3
03/06/2022 05:18,2
03/06/2022 05:14,5
03/06/2022 04:58,4
03/06/2022 04:52,5
03/06/2022 04:48,5
03/06/2022 04:43,1
03/06/2022 04:39,5
03/06/2022 04:34,5
03/06/2022 04:34,5
03/06/2022 04:25,5
03/06/2022 04:18,1
03/06/2022 04:16,1
03/06/2022 04:07,3
03/06/2022 04:05,3
03/06/2022 04:01,1
03/06/2022 03:51,4
03/06/2022 03:51,1
03/06/2022 03:46,1
03/06/2022 03:46,5
03/06/2022 03:43,2
03/06/2022 03:43,3
03/06/2022 03:40,5
03/06/2022 03:34,5
03/06/2022 03:31,4
03/06/2022 03:30,1
03/06/2022 03:20,4
03/06/2022 03:18,5
03/06/2022 03:12,5
03/06/2022 03:11,2
03/06/2022 03:07,1
03/06/2022 03:04,4
03/06/2022 03:02,1
03/06/2022 02:48,4
03/06/2022 02:41,4
03/06/2022 02:35,1
03/06/2022 02:34,1
03/06/2022 02:30,5
03/06/2022 02:26,2
03/06/2022 02:24,1
03/06/2022 02:24,5
03/06/2022 02:23,5
03/06/2022 02:16,5
03/06/2022 02:10,3
03/06/2022 02:06,5
03/06/2022 01:56,1
03/06/2022 01:48,5
03/06/2022 01:48,4
03/06/2022 01:43,5
03/06/2022 01:41,5
03/06/2022 01:40,2
03/06/2022 01:32,2
03/06/2022 01:12,4
03/06/2022 00:56,1
03/06/2022 00:35,1
03/06/2022 00:19,5
03/06/2022 00:15,5
03/06/2022 00:06,5
03/06/2022 00:04,2
02/06/2022 23:57,5
02/06/2022 23:55,1
02/06/2022 23:53,5
02/06/2022 23:51,1
02/06/2022 23:49,1
02/06/2022 23:39,5
02/06/2022 23:26,2
02/06/2022 23:16,3
02/06/2022 22:59,5
02/06/2022 22:58,2
02/06/2022 22:47,5
02/06/2022 22:43,1
02/06/2022 22:40,2
02/06/2022 22:37,2
02/06/2022 22:13,4
02/06/2022 22:12,1
02/06/2022 22:09,5
02/06/2022 22:07,4
02/06/2022 22:04,5
02/06/2022 22:03,3
02/06/2022 22:00,5
02/06/2022 21:58,1
02/06/2022 21:57,1
02/06/2022 21:21,3
02/06/2022 21:18,5
02/06/2022 21:16,5
02/06/2022 21:12,2
02/06/2022 21:04,5
02/06/2022 21:00,3
02/06/2022 20:54,4
02/06/2022 20:48,2
02/06/2022 20:47,5
02/06/2022 20:43,1
02/06/2022 20:25,5
02/06/2022 20:22,4
02/06/2022 20:17,4
02/06/2022 20:15,2
02/06/2022 20:04,5
02/06/2022 20:02,5
02/06/2022 19:56,5
02/06/2022 19:55,3
02/06/2022 19:49,4
02/06/2022 19:41,5
02/06/2022 19:41,1
02/06/2022 19:36,5
02/06/2022 19:29,2
02/06/2022 19:29,3
02/06/2022 19:26,1
02/06/2022 19:22,5
02/06/2022 19:21,4
02/06/2022 19:19,1
02/06/2022 19:19,5
02/06/2022 19:16,4
02/06/2022 19:15,5
02/06/2022 19:08,1
02/06/2022 19:07,5
02/06/2022 19:02,3
02/06/2022 18:59,5
02/06/2022 18:55,3
02/06/2022 18:52,1
02/06/2022 18:48,1
02/06/2022 18:47,5
02/06/2022 18:46,5
02/06/2022 18:43,3
02/06/2022 18:40,4
02/06/2022 18:39,5
02/06/2022 18:38,5
02/06/2022 18:28,5
02/06/2022 18:27,4
02/06/2022 18:20,5
02/06/2022 18:20,5
02/06/2022 18:14,5
02/06/2022 18:11,5
02/06/2022 18:06,3
02/06/2022 18:06,5
02/06/2022 18:05,5
02/06/2022 17:55,2
02/06/2022 17:54,5
02/06/2022 17:52,2
02/06/2022 17:52,3
02/06/2022 17:50,5
02/06/2022 17:38,3
02/06/2022 17:34,5
02/06/2022 17:33,1
02/06/2022 17:32,1
02/06/2022 17:28,1
02/06/2022 17:25,3
02/06/2022 17:24,5
02/06/2022 17:23,3
02/06/2022 17:22,5
02/06/2022 17:17,2
02/06/2022 17:16,5
02/06/2022 17:11,3
02/06/2022 17:10,4
02/06/2022 17:06,1
02/06/2022 16:59,5
02/06/2022 16:58,1
02/06/2022 16:58,1
02/06/2022 16:57,2
02/06/2022 16:56,3
02/06/2022 16:50,5
02/06/2022 16:46,5
02/06/2022 16:45,5
02/06/2022 16:40,5
02/06/2022 16:35,5
02/06/2022 16:28,5
02/06/2022 16:27,5
02/06/2022 16:24,1
02/06/2022 16:21,1
02/06/2022 16:14,5
02/06/2022 16:07,3
02/06/2022 15:59,4
02/06/2022 15:50,5
02/06/2022 15:49,3
02/06/2022 15:45,1
02/06/2022 15:40,1
02/06/2022 15:39,4
02/06/2022 15:38,1
02/06/2022 15:33,5
02/06/2022 15:33,5
02/06/2022 15:31,4
02/06/2022 15:26,5
02/06/2022 15:12,5
02/06/2022 15:05,5
02/06/2022 14:59,5
02/06/2022 14:58,3
02/06/2022 14:56,5
02/06/2022 14:54,5
02/06/2022 14:54,5
02/06/2022 14:49,2
02/06/2022 14:48,5
02/06/2022 14:35,5
02/06/2022 14:35,2
02/06/2022 14:33,5
02/06/2022 14:30,2
02/06/2022 14:29,3
02/06/2022 14:22,5
02/06/2022 14:21,5
02/06/2022 14:20,5
02/06/2022 14:18,3
02/06/2022 14:18,3
02/06/2022 14:17,1
02/06/2022 14:13,1
02/06/2022 14:08,1
02/06/2022 14:06,5
02/06/2022 14:03,1
02/06/2022 14:01,5
02/06/2022 13:58,3
02/06/2022 13:57,5
02/06/2022 13:53,5
02/06/2022 13:51,1
02/06/2022 13:43,4
02/06/2022 13:38,5
02/06/2022 13:34,5
02/06/2022 13:31,5
02/06/2022 13:27,1
02/06/2022 13:25,1
02/06/2022 13:24,1
02/06/2022 13:23,5
02/06/2022 13:20,1
02/06/2022 13:15,5
02/06/2022 13:09,5
02/06/2022 13:07,2
02/06/2022 13:02,3
02/06/2022 12:41,1
02/06/2022 12:40,1
02/06/2022 12:39,4
02/06/2022 12:28,1
02/06/2022 12:04,5
02/06/2022 11:56,5
02/06/2022 11:45,5
02/06/2022 11:38,4
02/06/2022 11:37,1
02/06/2022 11:36,2
02/06/2022 11:35,1
02/06/2022 11:35,5
02/06/2022 11:28,1
02/06/2022 11:25,5
02/06/2022 11:15,4
02/06/2022 11:13,1
02/06/2022 11:11,5
02/06/2022 11:11,5
02/06/2022 11:11,2
02/06/2022 11:07,4
02/06/2022 11:05,1
02/06/2022 11:01,2
02/06/2022 10:56,5
02/06/2022 10:54,5
02/06/2022 10:45,5
02/06/2022 10:43,5
02/06/2022 10:39,5
02/06/2022 10:36,3
02/06/2022 10:35,5
02/06/2022 10:34,3
02/06/2022 10:18,5
02/06/2022 10:12,5
02/06/2022 10:09,4
02/06/2022 10:03,1
02/06/2022 10:03,5
02/06/2022 10:02,5
02/06/2022 09:35,4
02/06/2022 09:31,2
02/06/2022 09:30,4
02/06/2022 09:26,3
02/06/2022 09:18,5
02/06/2022 09:09,4
02/06/2022 09:07,5
02/06/2022 08:21,2
02/06/2022 08:09,3
02/06/2022 08:06,1
02/06/2022 08:04,1
02/06/2022 07:58,5
02/06/2022 07:51,5
02/06/2022 07:50,2
02/06/2022 07:49,1
02/06/2022 07:45,4
02/06/2022 07:44,2
02/06/2022 07:42,5
02/06/2022 07:35,3
02/06/2022 07:31,3
02/06/2022 07:26,3
02/06/2022 07:17,5
02/06/2022 07:04,3
02/06/2022 07:00,5
02/06/2022 06:57,1
02/06/2022 06:49,1
02/06/2022 06:39,4
02/06/2022 06:31,5
02/06/2022 06:21,5
02/06/2022 06:20,5
02/06/2022 06:06,3
02/06/2022 05:55,3
02/06/2022 05:48,3
02/06/2022 05:43,5
02/06/2022 05:42,5
02/06/2022 05:37,1
02/06/2022 05:30,3
02/06/2022 05:26,1
02/06/2022 05:25,1
02/06/2022 05:24,5
02/06/2022 05:18,4
02/06/2022 05:16,1
02/06/2022 05:07,3
02/06/2022 05:00,1
02/06/2022 04:52,2
02/06/2022 04:51,5
02/06/2022 04:48,2
02/06/2022 04:41,5
02/06/2022 04:28,5
02/06/2022 04:23,5
02/06/2022 04:23,3
02/06/2022 04:23,1
02/06/2022 04:21,1
02/06/2022 04:19,5
02/06/2022 04:18,5
02/06/2022 04:11,5
02/06/2022 04:11,4
02/06/2022 03:59,1
02/06/2022 03:54,1
02/06/2022 03:41,5
02/06/2022 03:40,1
02/06/2022 03:40,5
02/06/2022 03:39,1
02/06/2022 03:38,1
02/06/2022 03:37,4
02/06/2022 03:25,1
02/06/2022 03:20,2
02/06/2022 03:01,5
02/06/2022 02:53,5
02/06/2022 02:49,5
02/06/2022 02:45,4
02/06/2022 02:41,3
02/06/2022 02:31,4
02/06/2022 02:28,3
02/06/2022 02:24,5
02/06/2022 02:22,1
02/06/2022 02:19,5
02/06/2022 02:10,1
02/06/2022 02:04,3
02/06/2022 02:03,5
02/06/2022 02:02,2
02/06/2022 02:02,5
02/06/2022 01:57,1
02/06/2022 01:55,5
02/06/2022 01:52,5
02/06/2022 01:49,1
02/06/2022 01:46,5
02/06/2022 01:46,2
02/06/2022 01:45,5
02/06/2022 01:44,5
02/06/2022 01:44,5
02/06/2022 01:41,1
02/06/2022 01:36,3
02/06/2022 01:33,3
02/06/2022 01:29,5
02/06/2022 01:25,1
02/06/2022 01:22,3
02/06/2022 01:21,5
02/06/2022 01:21,5
02/06/2022 01:20,5
02/06/2022 00:58,5
02/06/2022 00:50,1
02/06/2022 00:36,5
02/06/2022 00:35,5
02/06/2022 00:30,1
02/06/2022 00:29,4
02/06/2022 00:26,5
02/06/2022 00:23,5
02/06/2022 00:23,1
02/06/2022 00:18,5
02/06/2022 00:08,2
02/06/2022 00:08,1
02/06/2022 00:00,5
01/06/2022 23:42,5
01/06/2022 23:36,5
01/06/2022 23:32,4
01/06/2022 23:27,1
01/06/2022 23:21,3
01/06/2022 23:18,5
01/06/2022 23:07,5
01/06/2022 23:04,4
01/06/2022 22:43,4
01/06/2022 22:35,2
01/06/2022 22:10,1
01/06/2022 22:03,5
01/06/2022 22:00,1
01/06/2022 21:55,4
01/06/2022 21:53,3
01/06/2022 21:45,1
01/06/2022 21:40,1
01/06/2022 21:40,1
01/06/2022 21:39,5
01/06/2022 21:38,1
01/06/2022 21:36,1
01/06/2022 21:35,5
01/06/2022 21:29,5
01/06/2022 21:22,1
01/06/2022 21:21,1
01/06/2022 21:19,1
01/06/2022 21:15,3
01/06/2022 21:15,5
01/06/2022 21:14,4
01/06/2022 21:12,1
01/06/2022 21:11,5
01/06/2022 21:05,5
01/06/2022 21:00,5
01/06/2022 20:58,4
01/06/2022 20:53,5
01/06/2022 20:52,5
01/06/2022 20:48,5
01/06/2022 20:46,1
01/06/2022 20:46,5
01/06/2022 20:41,2
01/06/2022 20:34,5
01/06/2022 20:29,5
01/06/2022 20:24,3
01/06/2022 20:23,5
01/06/2022 20:12,4
01/06/2022 20:09,4
01/06/2022 20:05,4
01/06/2022 20:05,5
01/06/2022 19:56,1
01/06/2022 19:55,5
01/06/2022 19:52,5
01/06/2022 19:47,5
01/06/2022 19:43,1
01/06/2022 19:40,5
01/06/2022 19:37,5
01/06/2022 19:36,5
01/06/2022 19:18,5
01/06/2022 19:17,1
01/06/2022 19:16,2
01/06/2022 19:11,1
01/06/2022 18:58,5
01/06/2022 18:58,4
01/06/2022 18:51,5
01/06/2022 18:49,5
01/06/2022 18:49,1
01/06/2022 18:43,4
01/06/2022 18:40,5
01/06/2022 18:33,1
01/06/2022 18:31,2
01/06/2022 18:23,5
01/06/2022 18:21,5
01/06/2022 18:14,1
01/06/2022 18:10,5
01/06/2022 18:10,1
01/06/2022 18:10,5
01/06/2022 18:06,5
01/06/2022 18:05,1
01/06/2022 18:04,1
01/06/2022 18:00,5
01/06/2022 17:59,1
01/06/2022 17:58,5
01/06/2022 17:52,4
01/06/2022 17:48,2
01/06/2022 17:44,5
01/06/2022 17:40,2
01/06/2022 17:37,1
01/06/2022 17:36,1
01/06/2022 17:33,1
01/06/2022 17:32,3
01/06/2022 17:29,5
01/06/2022 17:28,2
01/06/2022 17:28,5
01/06/2022 17:27,1
01/06/2022 17:27,5
01/06/2022 17:26,3
01/06/2022 17:25,5
01/06/2022 17:18,1
01/06/2022 17:14,1
01/06/2022 17:11,5
01/06/2022 17:11,5
01/06/2022 17:11,4
01/06/2022 17:10,5
01/06/2022 17:09,5
01/06/2022 16:56,5
01/06/2022 16:56,1
01/06/2022 16:55,3
01/06/2022 16:50,4
01/06/2022 16:49,1
01/06/2022 16:46,1
01/06/2022 16:44,4
01/06/2022 16:37,3
01/06/2022 16:32,5
01/06/2022 16:30,4
01/06/2022 16:25,5
01/06/2022 16:22,5
01/06/2022 16:19,2
01/06/2022 16:17,4
01/06/2022 16:13,1
01/06/2022 16:08,3
01/06/2022 16:07,1
01/06/2022 16:03,1
01/06/2022 15:55,5
01/06/2022 15:55,1
01/06/2022 15:49,5
01/06/2022 15:44,2
01/06/2022 15:40,2
01/06/2022 15:38,1
01/06/2022 15:34,5
01/06/2022 15:32,4
01/06/2022 15:15,2
01/06/2022 15:08,5
01/06/2022 15:02,5
01/06/2022 15:01,2
01/06/2022 14:59,5
01/06/2022 14:55,5
01/06/2022 14:54,1
01/06/2022 14:52,5
01/06/2022 14:47,5
01/06/2022 14:46,5
01/06/2022 14:42,5
01/06/2022 14:40,5
01/06/2022 14:35,5
01/06/2022 14:34,1
01/06/2022 14:31,5
01/06/2022 14:27,5
01/06/2022 14:26,4
01/06/2022 14:21,5
01/06/2022 14:21,5
01/06/2022 14:18,3
01/06/2022 14:17,5
01/06/2022 14:12,3
01/06/2022 14:09,5
01/06/2022 14:09,5
01/06/2022 14:08,3
01/06/2022 14:03,1
01/06/2022 14:00,5
01/06/2022 13:59,5
01/06/2022 13:54,1
01/06/2022 13:54,3
01/06/2022 13:52,1
01/06/2022 13:49,1
01/06/2022 13:33,3
01/06/2022 13:23,5
01/06/2022 13:22,4
01/06/2022 13:19,1
01/06/2022 13:18,2
01/06/2022 13:17,5
01/06/2022 13:10,2
01/06/2022 13:02,1
01/06/2022 12:57,1
01/06/2022 12:54,2
01/06/2022 12:48,5
01/06/2022 12:47,5
01/06/2022 12:46,5
01/06/2022 12:45,5
01/06/2022 12:42,1
01/06/2022 12:41,5
01/06/2022 12:41,1
01/06/2022 12:41,5
01/06/2022 12:39,5
01/06/2022 12:39,5
01/06/2022 12:37,5
01/06/2022 12:35,3
01/06/2022 12:24,3
01/06/2022 12:22,5
01/06/2022 12:15,4
01/06/2022 12:11,1
01/06/2022 12:10,5
01/06/2022 12:08,5
01/06/2022 12:08,1
01/06/2022 12:00,2
01/06/2022 11:54,2
01/06/2022 11:49,4
01/06/2022 11:47,1
01/06/2022 11:46,2
01/06/2022 11:45,5
01/06/2022 11:43,4
01/06/2022 11:34,5
01/06/2022 11:23,4
01/06/2022 11:13,3
01/06/2022 11:12,5
01/06/2022 11:10,5
01/06/2022 10:38,5
01/06/2022 10:36,5
01/06/2022 10:08,5
01/06/2022 10:06,1
01/06/2022 10:05,1
01/06/2022 09:54,2
01/06/2022 09:37,1
01/06/2022 09:35,4
01/06/2022 09:32,1
01/06/2022 09:24,2
01/06/2022 09:23,5
01/06/2022 09:22,5
01/06/2022 09:14,5
01/06/2022 09:04,2
01/06/2022 08:59,5
01/06/2022 08:58,5
01/06/2022 08:49,5
01/06/2022 08:36,1
01/06/2022 08:35,5
01/06/2022 08:26,5
01/06/2022 08:24,4
01/06/2022 08:19,1
01/06/2022 08:19,5
01/06/2022 08:15,5
01/06/2022 08:09,1
01/06/2022 08:06,4
01/06/2022 08:00,1
01/06/2022 07:53,1
01/06/2022 07:53,1
01/06/2022 07:53,4
01/06/2022 07:51,1
01/06/2022 07:49,2
01/06/2022 07:44,4
01/06/2022 07:43,3
01/06/2022 07:31,4
01/06/2022 07:25,5
01/06/2022 07:21,4
01/06/2022 07:21,2
01/06/2022 07:20,5
01/06/2022 07:19,5
01/06/2022 07:17,2
01/06/2022 07:10,5
01/06/2022 07:09,5
01/06/2022 07:06,2
01/06/2022 07:01,5
01/06/2022 06:53,5
01/06/2022 06:51,5
01/06/2022 06:42,5
01/06/2022 06:32,5
01/06/2022 06:29,3
01/06/2022 06:27,5
01/06/2022 06:27,1
01/06/2022 06:24,5
01/06/2022 06:19,5
01/06/2022 06:16,5
01/06/2022 06:10,4
01/06/2022 06:03,5
01/06/2022 05:59,1
01/06/2022 05:57,5
01/06/2022 05:51,5
01/06/2022 05:47,2
01/06/2022 05:42,5
01/06/2022 05:41,1
01/06/2022 05:14,1
01/06/2022 05:08,2
01/06/2022 05:06,4
01/06/2022 05:04,1
01/06/2022 05:03,3
01/06/2022 05:00,5
01/06/2022 04:57,1
01/06/2022 04:53,4
01/06/2022 04:43,5
01/06/2022 04:43,1
01/06/2022 04:41,5
01/06/2022 04:39,3
01/06/2022 04:38,1
01/06/2022 04:33,2
01/06/2022 04:32,5
01/06/2022 04:27,4
01/06/2022 04:23,2
01/06/2022 04:20,2
01/06/2022 04:20,5
01/06/2022 04:14,4
01/06/2022 04:13,5
01/06/2022 04:07,3
01/06/2022 04:01,5
01/06/2022 03:51,1
01/06/2022 03:50,1
01/06/2022 03:48,5
01/06/2022 03:39,5
01/06/2022 03:36,2
01/06/2022 03:36,5
01/06/2022 03:35,5
01/06/2022 03:14,5
01/06/2022 03:13,5
01/06/2022 03:11,5
01/06/2022 03:08,1
01/06/2022 03:03,2
01/06/2022 03:00,4
01/06/2022 02:56,5
01/06/2022 02:55,5
01/06/2022 02:50,2
01/06/2022 02:48,4
01/06/2022 02:43,4
01/06/2022 02:36,1
01/06/2022 02:36,1
01/06/2022 02:34,5
01/06/2022 02:31,3
01/06/2022 02:30,4
01/06/2022 02:20,5
01/06/2022 02:17,3
01/06/2022 02:08,5
01/06/2022 02:00,5
01/06/2022 01:56,2
01/06/2022 01:56,1
01/06/2022 01:54,1
01/06/2022 01:44,3
01/06/2022 01:43,5
01/06/2022 01:32,5
01/06/2022 01:29,1
01/06/2022 01:11,1
01/06/2022 01:11,5
01/06/2022 01:06,1
01/06/2022 01:05,3
01/06/2022 00:55,5
01/06/2022 00:50,5
01/06/2022 00:49,5
01/06/2022 00:30,1
01/06/2022 00:26,2
01/06/2022 00:22,1
01/06/2022 00:21,1
01/06/2022 00:21,1
01/06/2022 00:20,5
01/06/2022 00:18,3
01/06/2022 00:07,5
01/06/2022 00:05,5
01/06/2022 00:03,5
31/05/2022 23:56,3
31/05/2022 23:54,1
31/05/2022 23:49,2
31/05/2022 23:38,4
31/05/2022 23:37,5
31/05/2022 23:36,3
31/05/2022 23:25,5
31/05/2022 23:25,1
31/05/2022 23:17,1
31/05/2022 23:09,4
31/05/2022 23:07,5
31/05/2022 23:06,5
31/05/2022 23:05,1
31/05/2022 23:03,1
31/05/2022 23:03,1
31/05/2022 22:57,2
31/05/2022 22:52,2
31/05/2022 22:46,1
31/05/2022 22:39,1
31/05/2022 22:33,4
31/05/2022 22:30,5
31/05/2022 22:18,5
31/05/2022 22:17,4
31/05/2022 22:07,1
31/05/2022 22:03,5
31/05/2022 21:48,4
31/05/2022 21:42,4
31/05/2022 21:39,1
31/05/2022 21:34,5
31/05/2022 21:20,5
31/05/2022 21:20,4
31/05/2022 21:20,1
31/05/2022 21:12,5
31/05/2022 21:06,5
31/05/2022 20:45,3
31/05/2022 20:38,3
31/05/2022 20:36,3
31/05/2022 20:34,3
31/05/2022 20:31,2
31/05/2022 20:27,3
31/05/2022 20:24,5
31/05/2022 20:24,5
31/05/2022 20:17,5
31/05/2022 20:16,3
31/05/2022 20:12,1
31/05/2022 20:07,5
31/05/2022 20:07,1
31/05/2022 20:03,1
31/05/2022 19:57,3
31/05/2022 19:56,1
31/05/2022 19:52,5
31/05/2022 19:51,5
31/05/2022 19:49,4
31/05/2022 19:41,4
31/05/2022 19:32,5
31/05/2022 19:32,5
31/05/2022 19:32,5
31/05/2022 19:30,4
31/05/2022 19:28,1
31/05/2022 19:25,5
31/05/2022 19:24,1
31/05/2022 19:18,5
31/05/2022 19:18,4
31/05/2022 19:17,5
31/05/2022 19:17,2
31/05/2022 19:12,5
31/05/2022 19:06,1
31/05/2022 19:05,1
31/05/2022 19:05,5
31/05/2022 18:58,5
31/05/2022 18:57,5
31/05/2022 18:54,1
31/05/2022 18:53,5
31/05/2022 18:53,1
31/05/2022 18:40,5
31/05/2022 18:39,4
31/05/2022 18:36,2
31/05/2022 18:35,4
31/05/2022 18:25,5
31/05/2022 18:18,5
31/05/2022 18:15,5
31/05/2022 18:13,1
31/05/2022 18:11,4
31/05/2022 18:11,3
31/05/2022 17:46,4
31/05/2022 17:45,1
31/05/2022 17:43,4
31/05/2022 17:43,1
31/05/2022 17:41,1
31/05/2022 17:36,1
31/05/2022 17:29,5
31/05/2022 17:28,1
31/05/2022 17:28,2
31/05/2022 17:12,5
31/05/2022 17:00,1
31/05/2022 16:53,3
31/05/2022 16:46,2
31/05/2022 16:46,1
31/05/2022 16:44,5
31/05/2022 16:42,5
31/05/2022 16:35,1
31/05/2022 16:35,5
31/05/2022 16:30,5
31/05/2022 16:20,4
31/05/2022 16:16,5
31/05/2022 16:13,4
31/05/2022 16:11,5
31/05/2022 16:06,2
31/05/2022 16:06,5
31/05/2022 16:04,4
31/05/2022 16:01,5
31/05/2022 15:58,1
31/05/2022 15:56,4
31/05/2022 15:44,1
31/05/2022 15:42,4
31/05/2022 15:36,1
31/05/2022 15:35,3
31/05/2022 15:34,4
31/05/2022 15:32,1
31/05/2022 15:29,5
31/05/2022 15:28,3
31/05/2022 15:24,1
31/05/2022 15:07,1
31/05/2022 15:05,5
31/05/2022 15:00,4
31/05/2022 14:50,1
31/05/2022 14:50,4
31/05/2022 14:43,5
31/05/2022 14:43,4
31/05/2022 14:42,1
31/05/2022 14:35,1
31/05/2022 14:30,4
31/05/2022 14:28,1
31/05/2022 14:25,1
31/05/2022 14:19,1
31/05/2022 14:14,1
31/05/2022 14:03,5
31/05/2022 14:02,1
31/05/2022 13:57,3
31/05/2022 13:57,4
31/05/2022 13:57,2
31/05/2022 13:52,4
31/05/2022 13:47,5
31/05/2022 13:37,3
31/05/2022 13:32,5
31/05/2022 13:31,1
31/05/2022 13:26,5
31/05/2022 13:26,4
31/05/2022 13:25,1
31/05/2022 13:18,1
31/05/2022 13:15,5
31/05/2022 13:14,4
31/05/2022 12:55,2
31/05/2022 12:54,5
31/05/2022 12:50,1
31/05/2022 12:50,1
31/05/2022 12:42,1
31/05/2022 12:40,5
31/05/2022 12:38,4
31/05/2022 12:38,1
31/05/2022 12:37,4
31/05/2022 12:36,2
31/05/2022 12:35,1
31/05/2022 12:34,5
31/05/2022 12:31,3
31/05/2022 12:30,1
31/05/2022 12:29,2
31/05/2022 12:28,3
31/05/2022 12:19,3
31/05/2022 12:18,3
31/05/2022 12:17,5
31/05/2022 12:17,2
31/05/2022 12:15,5
31/05/2022 12:14,5
31/05/2022 12:12,1
31/05/2022 12:12,4
31/05/2022 12:08,5
31/05/2022 12:05,1
31/05/2022 11:59,5
31/05/2022 11:50,1
31/05/2022 11:47,4
31/05/2022 11:36,2
31/05/2022 11:33,2
31/05/2022 11:28,1
31/05/2022 11:28,5
31/05/2022 11:22,2
31/05/2022 11:19,1
31/05/2022 11:12,3
31/05/2022 11:09,2
31/05/2022 11:05,5
31/05/2022 11:03,5
31/05/2022 10:51,2
31/05/2022 10:36,1
31/05/2022 10:34,4
31/05/2022 10:33,1
31/05/2022 10:33,1
31/05/2022 10:29,2
31/05/2022 10:27,1
31/05/2022 10:25,3
31/05/2022 10:20,5
31/05/2022 10:16,5
31/05/2022 10:13,5
31/05/2022 10:02,5
31/05/2022 10:01,1
31/05/2022 09:57,1
31/05/2022 09:51,5
31/05/2022 09:51,5
31/05/2022 09:51,5
31/05/2022 09:40,5
31/05/2022 09:39,1
31/05/2022 09:34,5
31/05/2022 09:34,3
31/05/2022 09:31,1
31/05/2022 09:31,2
31/05/2022 09:30,5
31/05/2022 09:29,1
31/05/2022 09:27,1
31/05/2022 09:25,1
31/05/2022 09:15,1
31/05/2022 09:12,2
31/05/2022 09:11,5
31/05/2022 09:07,5
31/05/2022 08:47,1
31/05/2022 08:42,5
31/05/2022 08:37,5
31/05/2022 08:24,4
31/05/2022 08:18,1
31/05/2022 08:18,5
31/05/2022 08:17,2
31/05/2022 08:13,1
31/05/2022 08:12,1
31/05/2022 08:11,1
31/05/2022 08:05,5
31/05/2022 08:01,3
31/05/2022 07:59,1
31/05/2022 07:58,1
31/05/2022 07:57,1
31/05/2022 07:51,2
31/05/2022 07:48,5
31/05/2022 07:48,2
31/05/2022 07:43,1
31/05/2022 07:41,1
31/05/2022 07:37,2
31/05/2022 07:36,5
31/05/2022 07:32,3
31/05/2022 07:30,5
31/05/2022 07:28,5
31/05/2022 07:28,4
31/05/2022 07:26,5
31/05/2022 07:18,3
31/05/2022 07:05,3
31/05/2022 07:05,5
31/05/2022 07:01,1
31/05/2022 06:57,1
31/05/2022 06:56,1
31/05/2022 06:40,1
31/05/2022 06:40,5
31/05/2022 06:39,1
31/05/2022 06:39,1
31/05/2022 06:37,1
31/05/2022 06:36,3
31/05/2022 06:31,3
31/05/2022 06:28,1
31/05/2022 06:21,1
31/05/2022 06:19,1
31/05/2022 06:03,2
31/05/2022 05:53,2
31/05/2022 05:48,1
31/05/2022 05:40,3
31/05/2022 05:36,1
31/05/2022 05:36,3
31/05/2022 05:35,3
31/05/2022 05:32,1
31/05/2022 05:31,5
31/05/2022 05:21,5
31/05/2022 05:14,5
31/05/2022 05:11,3
31/05/2022 05:09,4
31/05/2022 05:04,5
31/05/2022 05:03,2
31/05/2022 05:02,1
31/05/2022 04:59,4
31/05/2022 04:59,3
31/05/2022 04:58,1
31/05/2022 04:57,4
31/05/2022 04:52,1
31/05/2022 04:48,1
31/05/2022 04:44,5
31/05/2022 04:36,1
31/05/2022 04:23,1
31/05/2022 04:22,1
31/05/2022 04:09,3
31/05/2022 04:05,5
31/05/2022 03:58,1
31/05/2022 03:56,1
31/05/2022 03:51,1
31/05/2022 03:50,1
31/05/2022 03:49,5
31/05/2022 03:49,1
31/05/2022 03:46,4
31/05/2022 03:43,1
31/05/2022 03:43,1
31/05/2022 03:42,1
31/05/2022 03:41,1
31/05/2022 03:38,3
31/05/2022 03:31,3
31/05/2022 03:25,1
31/05/2022 03:25,5
31/05/2022 03:25,2
31/05/2022 03:22,2
31/05/2022 03:20,1
31/05/2022 03:20,1
31/05/2022 03:20,5
31/05/2022 03:18,5
31/05/2022 03:18,3
31/05/2022 03:16,2
31/05/2022 03:14,1
31/05/2022 03:09,1
31/05/2022 03:04,1
31/05/2022 02:58,1
31/05/2022 02:55,5
31/05/2022 02:50,5
31/05/2022 02:37,3
31/05/2022 02:36,2
31/05/2022 02:36,5
31/05/2022 02:33,2
31/05/2022 02:30,1
31/05/2022 02:30,3
31/05/2022 02:29,5
31/05/2022 02:26,2
31/05/2022 02:25,4
31/05/2022 02:09,4
31/05/2022 02:04,1
31/05/2022 02:03,5
31/05/2022 01:46,2
31/05/2022 01:43,3
31/05/2022 01:34,5
31/05/2022 01:34,1
31/05/2022 01:28,1
31/05/2022 01:24,3
31/05/2022 01:23,5
31/05/2022 01:20,3
31/05/2022 01:15,5
31/05/2022 01:10,2
31/05/2022 01:10,1
31/05/2022 01:09,2
31/05/2022 01:08,1
31/05/2022 01:06,5
31/05/2022 01:05,2
31/05/2022 01:05,5
31/05/2022 01:04,2
31/05/2022 01:03,1
31/05/2022 00:58,4
31/05/2022 00:51,4
31/05/2022 00:50,2
31/05/2022 00:44,5
31/05/2022 00:43,1
31/05/2022 00:35,1
31/05/2022 00:27,1
31/05/2022 00:27,5
31/05/2022 00:26,5
31/05/2022 00:25,1
31/05/2022 00:21,4
31/05/2022 00:19,4
31/05/2022 00:16,2
31/05/2022 00:14,5
31/05/2022 00:10,5
31/05/2022 00:09,3
31/05/2022 00:08,5
31/05/2022 00:06,1
31/05/2022 00:00,5
30/05/2022 23:58,5
30/05/2022 23:54,3
30/05/2022 23:53,4
30/05/2022 23:52,1
30/05/2022 23:51,2
30/05/2022 23:46,1
30/05/2022 23:40,4
30/05/2022 23:38,1
30/05/2022 23:33,4
30/05/2022 23:31,5
30/05/2022 23:28,1
30/05/2022 23:27,5
30/05/2022 23:26,5
30/05/2022 23:22,2
30/05/2022 23:18,5
30/05/2022 23:14,3
30/05/2022 23:08,1
30/05/2022 22:56,1
30/05/2022 22:46,5
30/05/2022 22:39,5
30/05/2022 22:32,1
30/05/2022 22:24,2
30/05/2022 22:17,5
30/05/2022 22:05,5
30/05/2022 22:04,5
30/05/2022 21:50,1
30/05/2022 21:41,1
30/05/2022 21:34,5
30/05/2022 21:26,1
30/05/2022 21:07,4
30/05/2022 21:03,1
30/05/2022 21:02,3
30/05/2022 20:58,1
30/05/2022 20:58,5
30/05/2022 20:57,5
30/05/2022 20:53,5
30/05/2022 20:46,3
30/05/2022 20:43,1
30/05/2022 20:35,5
30/05/2022 20:19,2
30/05/2022 20:19,1
30/05/2022 20:17,5
30/05/2022 20:15,5
30/05/2022 20:12,1
30/05/2022 20:04,5
30/05/2022 20:00,5
30/05/2022 20:00,5
30/05/2022 19:58,5
30/05/2022 19:58,3
30/05/2022 19:54,5
30/05/2022 19:53,1
30/05/2022 19:48,5
30/05/2022 19:47,2
30/05/2022 19:43,5
30/05/2022 19:35,5
30/05/2022 19:29,5
30/05/2022 19:27,4
30/05/2022 19:21,5
30/05/2022 19:20,5
30/05/2022 19:17,4
30/05/2022 19:16,2
30/05/2022 19:13,2
30/05/2022 19:10,3
30/05/2022 19:10,5
30/05/2022 19:10,4
30/05/2022 19:07,5
30/05/2022 19:06,5
30/05/2022 19:04,5
30/05/2022 19:03,4
30/05/2022 18:58,5
30/05/2022 18:57,5
30/05/2022 18:52,5
30/05/2022 18:39,4
30/05/2022 18:38,1
30/05/2022 18:35,1
30/05/2022 18:30,5
30/05/2022 18:28,1
30/05/2022 18:23,1
30/05/2022 18:22,1
30/05/2022 18:13,5
30/05/2022 18:13,2
30/05/2022 18:00,5
30/05/2022 17:59,2
30/05/2022 17:58,5
30/05/2022 17:56,1
30/05/2022 17:55,1
30/05/2022 17:50,5
30/05/2022 17:48,4
30/05/2022 17:46,1
30/05/2022 17:45,5
30/05/2022 17:43,3
30/05/2022 17:41,3
30/05/2022 17:36,4
30/05/2022 17:32,1
30/05/2022 17:30,1
30/05/2022 17:29,3
30/05/2022 17:26,1
30/05/2022 17:26,2
30/05/2022 17:25,5
30/05/2022 17:24,5
30/05/2022 17:23,1
30/05/2022 17:22,5
30/05/2022 17:12,4
30/05/2022 17:07,1
30/05/2022 17:03,1
30/05/2022 17:01,5
30/05/2022 17:01,1
30/05/2022 16:56,1
30/05/2022 16:56,5
30/05/2022 16:55,3
30/05/2022 16:52,4
30/05/2022 16:46,4
30/05/2022 16:45,5
30/05/2022 16:39,5
30/05/2022 16:38,5
30/05/2022 16:30,5
30/05/2022 16:29,1
30/05/2022 16:24,2
30/05/2022 16:23,1
30/05/2022 16:22,2
30/05/2022 16:19,5
30/05/2022 16:15,1
30/05/2022 16:10,2
30/05/2022 16:09,4
30/05/2022 16:07,2
30/05/2022 16:06,4
30/05/2022 16:03,5
30/05/2022 15:55,2
30/05/2022 15:50,5
30/05/2022 15:48,1
30/05/2022 15:47,1
30/05/2022 15:45,1
30/05/2022 15:43,3
30/05/2022 15:42,3
30/05/2022 15:40,4
30/05/2022 15:35,2
30/05/2022 15:35,2
30/05/2022 15:33,3
30/05/2022 15:33,3
30/05/2022 15:30,5
30/05/2022 15:29,5
30/05/2022 15:26,1
30/05/2022 15:22,1
30/05/2022 15:20,4
30/05/2022 15:20,5
30/05/2022 15:19,5
30/05/2022 15:19,5
30/05/2022 15:18,1
30/05/2022 15:12,5
30/05/2022 15:10,2
30/05/2022 15:10,5
30/05/2022 15:10,2
30/05/2022 15:06,4
30/05/2022 15:03,1
30/05/2022 14:58,1
30/05/2022 14:58,5
30/05/2022 14:55,5
30/05/2022 14:52,4
30/05/2022 14:51,4
30/05/2022 14:49,1
30/05/2022 14:45,1
30/05/2022 14:45,2
30/05/2022 14:43,4
30/05/2022 14:27,1
30/05/2022 14:20,1
30/05/2022 14:14,3
30/05/2022 14:13,5
30/05/2022 14:11,5
30/05/2022 14:08,5
30/05/2022 14:07,2
30/05/2022 14:07,5
30/05/2022 14:02,4
30/05/2022 14:00,1
30/05/2022 13:56,5
30/05/2022 13:47,2
30/05/2022 13:45,1
30/05/2022 13:44,5
30/05/2022 13:43,5
30/05/2022 13:41,5
30/05/2022 13:37,1
30/05/2022 13:35,1
30/05/2022 13:34,1
30/05/2022 13:30,1
30/05/2022 13:29,1
30/05/2022 13:28,2
30/05/2022 13:27,5
30/05/2022 13:22,5
30/05/2022 13:17,1
30/05/2022 13:12,5
30/05/2022 13:11,1
30/05/2022 13:11,5
30/05/2022 12:54,1
30/05/2022 12:50,3
30/05/2022 12:48,1
30/05/2022 12:48,4
30/05/2022 12:48,1
30/05/2022 12:40,5
30/05/2022 12:39,4
30/05/2022 12:38,1
30/05/2022 12:36,5
30/05/2022 12:26,1
30/05/2022 12:23,5
30/05/2022 12:16,2
30/05/2022 12:15,5
30/05/2022 12:04,5
30/05/2022 12:04,1
30/05/2022 11:59,2
30/05/2022 11:53,5
30/05/2022 11:53,5
30/05/2022 11:50,5
30/05/2022 11:49,2
30/05/2022 11:47,2
30/05/2022 11:40,1
30/05/2022 11:27,1
30/05/2022 11:26,3
30/05/2022 11:22,1
30/05/2022 11:15,4
30/05/2022 11:15,5
30/05/2022 11:14,5
30/05/2022 11:12,5
30/05/2022 10:57,1
30/05/2022 10:53,4
30/05/2022 10:44,4
30/05/2022 10:40,5
30/05/2022 10:39,5
30/05/2022 10:37,2
30/05/2022 10:34,1
30/05/2022 10:34,4
30/05/2022 10:21,3
30/05/2022 10:16,3
30/05/2022 10:15,5
30/05/2022 10:11,5
30/05/2022 10:10,5
30/05/2022 10:08,5
30/05/2022 10:06,3
30/05/2022 10:05,5
30/05/2022 10:03,4
30/05/2022 09:56,1
30/05/2022 09:52,4
30/05/2022 09:48,5
30/05/2022 09:44,5
30/05/2022 09:43,1
30/05/2022 09:41,2
30/05/2022 09:40,1
30/05/2022 09:29,5
30/05/2022 09:14,1
30/05/2022 09:14,3
30/05/2022 09:10,5
30/05/2022 09:10,1
30/05/2022 09:09,5
30/05/2022 09:06,5
30/05/2022 09:02,1
30/05/2022 08:58,3
30/05/2022 08:54,5
30/05/2022 08:42,5
30/05/2022 08:37,2
30/05/2022 08:20,5
30/05/2022 08:19,1
30/05/2022 08:13,5
30/05/2022 08:13,1
30/05/2022 08:13,5
30/05/2022 07:53,5
30/05/2022 07:51,5
30/05/2022 07:47,1
30/05/2022 07:36,5
30/05/2022 07:30,1
30/05/2022 07:28,4
30/05/2022 07:28,5
30/05/2022 07:28,2
30/05/2022 07:26,1
30/05/2022 07:13,2
30/05/2022 07:10,5
30/05/2022 06:57,5
30/05/2022 06:56,5
30/05/2022 06:55,2
30/05/2022 06:54,1
30/05/2022 06:53,1
30/05/2022 06:52,1
30/05/2022 06:49,3
30/05/2022 06:47,1
30/05/2022 06:44,3
30/05/2022 06:43,5
30/05/2022 06:43,5
30/05/2022 06:39,2
30/05/2022 06:39,5
30/05/2022 06:37,5
30/05/2022 06:36,4
30/05/2022 06:36,4
30/05/2022 06:35,1
30/05/2022 06:34,3
30/05/2022 06:33,4
30/05/2022 06:31,4
30/05/2022 06:29,1
30/05/2022 06:28,1
30/05/2022 06:25,5
30/05/2022 06:24,5
30/05/2022 06:21,5
30/05/2022 06:20,5
30/05/2022 06:16,5
30/05/2022 06:12,1
30/05/2022 06:10,3
30/05/2022 05:58,3
30/05/2022 05:57,4
30/05/2022 05:53,5
30/05/2022 05:51,5
30/05/2022 05:49,5
30/05/2022 05:48,5
30/05/2022 05:45,5
30/05/2022 05:43,5
30/05/2022 05:40,1
30/05/2022 05:38,4
30/05/2022 05:37,5
30/05/2022 05:34,1
30/05/2022 05:31,3
30/05/2022 05:30,2
30/05/2022 05:29,3
30/05/2022 05:27,5
30/05/2022 05:26,1
30/05/2022 05:25,3
30/05/2022 05:24,5
30/05/2022 05:18,4
30/05/2022 05:18,3
30/05/2022 05:15,3
30/05/2022 05:07,1
30/05/2022 05:07,5
30/05/2022 05:02,1
30/05/2022 05:01,3
30/05/2022 05:00,4
30/05/2022 04:57,2
30/05/2022 04:55,5
30/05/2022 04:48,4
30/05/2022 04:46,5
30/05/2022 04:39,5
30/05/2022 04:34,1
30/05/2022 04:32,5
30/05/2022 04:32,4
30/05/2022 04:31,1
30/05/2022 04:23,3
30/05/2022 04:14,4
30/05/2022 04:13,5
30/05/2022 04:11,4
30/05/2022 04:05,1
30/05/2022 03:53,2
30/05/2022 03:49,5
30/05/2022 03:43,3
30/05/2022 03:38,4
30/05/2022 03:29,3
30/05/2022 03:23,1
30/05/2022 03:21,4
30/05/2022 03:21,4
30/05/2022 03:19,5
30/05/2022 03:17,5
30/05/2022 03:07,1
30/05/2022 03:01,1
30/05/2022 02:54,5
30/05/2022 02:45,4
30/05/2022 02:36,1
30/05/2022 02:31,5
30/05/2022 02:26,3
30/05/2022 02:24,5
30/05/2022 02:23,5
30/05/2022 02:21,5
30/05/2022 02:17,5
30/05/2022 01:59,3
30/05/2022 01:57,1
30/05/2022 01:49,1
30/05/2022 01:48,5
30/05/2022 01:45,5
30/05/2022 01:43,4
30/05/2022 01:41,3
30/05/2022 01:26,5
30/05/2022 01:18,1
30/05/2022 01:14,5
30/05/2022 01:02,4
30/05/2022 01:00,2
30/05/2022 00:55,5
30/05/2022 00:45,2
30/05/2022 00:41,3
30/05/2022 00:39,1
30/05/2022 00:37,5
30/05/2022 00:33,5
30/05/2022 00:20,1
30/05/2022 00:10,2
30/05/2022 00:09,5
30/05/2022 00:07,5
30/05/2022 00:06,5
29/05/2022 23:51,4
29/05/2022 23:51,5
29/05/2022 23:48,2
29/05/2022 23:42,4
29/05/2022 23:41,1
29/05/2022 23:36,1
29/05/2022 23:31,5
29/05/2022 23:25,1
29/05/2022 23:18,2
29/05/2022 23:08,5
29/05/2022 23:05,5
29/05/2022 23:04,5
29/05/2022 23:00,1
29/05/2022 22:59,1
29/05/2022 22:52,5
29/05/2022 22:50,3
29/05/2022 22:50,5
29/05/2022 22:45,5
29/05/2022 22:44,5
29/05/2022 22:44,5
29/05/2022 22:43,5
29/05/2022 22:23,5
29/05/2022 22:23,5
29/05/2022 22:16,1
29/05/2022 22:09,4
29/05/2022 21:56,2
29/05/2022 21:54,2
29/05/2022 21:44,2
29/05/2022 21:41,5
29/05/2022 21:41,1
29/05/2022 21:35,5
29/05/2022 21:33,5
29/05/2022 21:27,4
29/05/2022 21:27,1
29/05/2022 21:26,1
29/05/2022 21:21,2
29/05/2022 21:16,1
29/05/2022 21:16,5
29/05/2022 21:11,5
29/05/2022 21:10,1
29/05/2022 21:07,1
29/05/2022 20:58,2
29/05/2022 20:58,5
29/05/2022 20:55,5
29/05/2022 20:52,5
29/05/2022 20:50,1
29/05/2022 20:44,4
29/05/2022 20:42,2
29/05/2022 20:37,1
29/05/2022 20:37,4
29/05/2022 20:35,5
29/05/2022 20:31,1
29/05/2022 20:24,4
29/05/2022 20:01,2
29/05/2022 19:59,5
29/05/2022 19:56,5
29/05/2022 19:51,5
29/05/2022 19:51,2
29/05/2022 19:50,1
29/05/2022 19:47,1
29/05/2022 19:46,1
29/05/2022 19:46,5
29/05/2022 19:40,1
29/05/2022 19:38,1
29/05/2022 19:37,5
29/05/2022 19:36,5
29/05/2022 19:35,1
29/05/2022 19:32,1
29/05/2022 19:32,4
29/05/2022 19:30,5
29/05/2022 19:28,5
29/05/2022 19:27,5
29/05/2022 19:23,1
29/05/2022 19:23,5
29/05/2022 19:16,3
29/05/2022 19:12,2
29/05/2022 19:01,3
29/05/2022 18:51,5
29/05/2022 18:50,1
29/05/2022 18:49,5
29/05/2022 18:49,5
29/05/2022 18:48,1
29/05/2022 18:48,4
29/05/2022 18:47,1
29/05/2022 18:42,5
29/05/2022 18:40,4
29/05/2022 18:39,3
29/05/2022 18:31,4
29/05/2022 18:29,2
29/05/2022 18:25,2
29/05/2022 18:25,5
29/05/2022 18:24,1
29/05/2022 18:23,4
29/05/2022 18:23,3
29/05/2022 18:22,5
29/05/2022 18:13,2
29/05/2022 18:10,5
29/05/2022 18:09,3
29/05/2022 18:08,5
29/05/2022 18:00,5
29/05/2022 17:57,1
29/05/2022 17:53,1
29/05/2022 17:52,1
29/05/2022 17:50,5
29/05/2022 17:49,5
29/05/2022 17:48,4
29/05/2022 17:47,5
29/05/2022 17:45,5
29/05/2022 17:45,5
29/05/2022 17:44,4
29/05/2022 17:38,1
29/05/2022 17:32,4
29/05/2022 17:32,5
29/05/2022 17:31,1
29/05/2022 17:22,5
29/05/2022 17:20,5
29/05/2022 17:08,5
29/05/2022 16:57,4
29/05/2022 16:53,5
29/05/2022 16:52,4
29/05/2022 16:51,1
29/05/2022 16:45,5
29/05/2022 16:41,1
29/05/2022 16:35,5
29/05/2022 16:34,5
29/05/2022 16:32,5
29/05/2022 16:27,5
29/05/2022 16:26,5
29/05/2022 16:25,5
29/05/2022 16:18,3
29/05/2022 16:15,2
29/05/2022 16:15,1
29/05/2022 16:07,5
29/05/2022 16:04,3
29/05/2022 16:04,2
29/05/2022 16:02,2
29/05/2022 16:02,2
29/05/2022 16:02,1
29/05/2022 16:00,5
29/05/2022 15:59,5
29/05/2022 15:55,1
29/05/2022 15:54,5
29/05/2022 15:49,1
29/05/2022 15:44,5
29/05/2022 15:41,1
29/05/2022 15:39,2
29/05/2022 15:34,3
29/05/2022 15:33,5
29/05/2022 15:33,1
29/05/2022 15:31,3
29/05/2022 15:29,1
29/05/2022 15:25,1
29/05/2022 15:13,1
29/05/2022 15:12,1
29/05/2022 15:11,5
29/05/2022 15:08,5
29/05/2022 15:08,1
29/05/2022 15:07,1
29/05/2022 15:06,5
29/05/2022 15:05,5
29/05/2022 15:00,5
29/05/2022 15:00,5
29/05/2022 14:51,5
29/05/2022 14:51,4
29/05/2022 14:47,5
29/05/2022 14:45,2
29/05/2022 14:44,5
29/05/2022 14:43,5
29/05/2022 14:42,5
29/05/2022 14:39,1
29/05/2022 14:38,5
29/05/2022 14:36,1
29/05/2022 14:36,1
29/05/2022 14:32,4
29/05/2022 14:32,2
29/05/2022 14:32,4
29/05/2022 14:28,5
29/05/2022 14:26,1
29/05/2022 14:19,5
29/05/2022 14:17,1
29/05/2022 14:13,3
29/05/2022 14:10,5
29/05/2022 14:08,5
29/05/2022 14:04,1
29/05/2022 14:02,2
29/05/2022 14:00,1
29/05/2022 13:56,5
29/05/2022 13:50,5
29/05/2022 13:48,5
29/05/2022 13:46,1
29/05/2022 13:45,5
29/05/2022 13:39,5
29/05/2022 13:39,1
29/05/2022 13:29,5
29/05/2022 13:26,1
29/05/2022 13:25,5
29/05/2022 13:19,5
29/05/2022 13:19,1
29/05/2022 13:17,1
29/05/2022 13:08,1
29/05/2022 13:08,1
29/05/2022 12:56,2
29/05/2022 12:56,5
29/05/2022 12:56,5
29/05/2022 12:53,2
29/05/2022 12:47,1
29/05/2022 12:47,3
29/05/2022 12:43,5
29/05/2022 12:42,1
29/05/2022 12:40,4
29/05/2022 12:33,5
29/05/2022 12:33,3
29/05/2022 12:30,1
29/05/2022 12:28,5
29/05/2022 12:27,1
29/05/2022 12:25,5
29/05/2022 12:25,1
29/05/2022 12:20,5
29/05/2022 12:17,1
29/05/2022 12:13,1
29/05/2022 12:09,1
29/05/2022 12:08,5
29/05/2022 12:02,5
29/05/2022 11:57,2
29/05/2022 11:51,4
29/05/2022 11:51,5
29/05/2022 11:45,3
29/05/2022 11:42,1
29/05/2022 11:32,5
29/05/2022 11:32,3
29/05/2022 11:18,3
29/05/2022 11:14,2
29/05/2022 11:10,4
29/05/2022 11:08,1
29/05/2022 11:04,5
29/05/2022 10:48,4
29/05/2022 10:32,1
29/05/2022 10:31,4
29/05/2022 10:30,1
29/05/2022 10:29,4
29/05/2022 10:28,1
29/05/2022 10:22,5
29/05/2022 10:21,1
29/05/2022 10:20,1
29/05/2022 10:19,3
29/05/2022 10:11,1
29/05/2022 10:07,5
29/05/2022 10:07,1
29/05/2022 10:00,1
29/05/2022 09:52,1
29/05/2022 09:51,3
29/05/2022 09:51,5
29/05/2022 09:49,3
29/05/2022 09:47,1
29/05/2022 09:46,1
29/05/2022 09:41,5
29/05/2022 09:39,5
29/05/2022 09:38,1
29/05/2022 09:37,5
29/05/2022 09:36,3
29/05/2022 09:32,5
29/05/2022 09:30,1
29/05/2022 09:28,5
29/05/2022 09:27,2
29/05/2022 09:26,5
29/05/2022 09:19,2
29/05/2022 09:19,1
29/05/2022 09:14,4
29/05/2022 09:10,5
29/05/2022 09:06,1
29/05/2022 09:06,5
29/05/2022 09:05,5
29/05/2022 09:02,1
29/05/2022 08:57,1
29/05/2022 08:55,5
29/05/2022 08:54,5
29/05/2022 08:53,2
29/05/2022 08:53,4
29/05/2022 08:47,2
29/05/2022 08:46,1
29/05/2022 08:43,5
29/05/2022 08:41,3
29/05/2022 08:40,1
29/05/2022 08:37,1
29/05/2022 08:35,1
29/05/2022 08:34,1
29/05/2022 08:28,5
29/05/2022 08:24,5
29/05/2022 08:23,5
29/05/2022 08:16,1
29/05/2022 08:13,1
29/05/2022 08:11,5
29/05/2022 08:05,3
29/05/2022 08:05,1
29/05/2022 08:00,2
29/05/2022 07:59,4
29/05/2022 07:57,5
29/05/2022 07:56,2
29/05/2022 07:55,4
29/05/2022 07:52,2
29/05/2022 07:49,1
29/05/2022 07:33,1
29/05/2022 07:32,4
29/05/2022 07:31,1
29/05/2022 07:31,5
29/05/2022 07:23,4
29/05/2022 07:15,2
29/05/2022 07:11,3
29/05/2022 07:03,3
29/05/2022 07:01,5
29/05/2022 06:57,5
29/05/2022 06:50,5
29/05/2022 06:47,5
29/05/2022 06:37,3
29/05/2022 06:37,1
29/05/2022 06:33,5
29/05/2022 06:31,5
29/05/2022 06:25,1
29/05/2022 06:25,3
29/05/2022 06:24,5
29/05/2022 06:24,4
29/05/2022 06:21,4
29/05/2022 06:08,4
29/05/2022 06:03,1
29/05/2022 06:01,1
29/05/2022 05:57,5
29/05/2022 05:56,5
29/05/2022 05:50,4
29/05/2022 05:49,1
29/05/2022 05:43,5
29/05/2022 05:40,5
29/05/2022 05:37,2
29/05/2022 05:37,2
29/05/2022 05:15,5
29/05/2022 05:11,5
29/05/2022 05:05,5
29/05/2022 05:05,1
29/05/2022 04:59,1
29/05/2022 04:57,1
29/05/2022 04:55,1
29/05/2022 04:53,1
29/05/2022 04:50,1
29/05/2022 04:44,2
29/05/2022 04:37,5
29/05/2022 04:37,1
29/05/2022 04:36,1
29/05/2022 04:33,1
29/05/2022 04:24,1
29/05/2022 04:23,5
29/05/2022 04:21,2
29/05/2022 04:17,5
29/05/2022 04:04,2
29/05/2022 03:59,5
29/05/2022 03:59,5
29/05/2022 03:56,1
29/05/2022 03:56,1
29/05/2022 03:54,5
29/05/2022 03:53,3
29/05/2022 03:48,5
29/05/2022 03:46,5
29/05/2022 03:46,5
29/05/2022 03:37,5
29/05/2022 03:32,1
29/05/2022 03:29,1
29/05/2022 03:23,5
29/05/2022 03:19,2
29/05/2022 03:14,2
29/05/2022 03:10,1
29/05/2022 03:09,1
29/05/2022 03:04,2
29/05/2022 03:04,5
29/05/2022 02:57,1
29/05/2022 02:55,1
29/05/2022 02:45,5
29/05/2022 02:43,1
29/05/2022 02:28,5
29/05/2022 02:26,5
29/05/2022 02:21,4
29/05/2022 02:20,3
29/05/2022 02:16,4
29/05/2022 02:13,3
29/05/2022 02:11,1
29/05/2022 02:10,1
29/05/2022 02:04,3
29/05/2022 02:00,1
29/05/2022 01:56,5
29/05/2022 01:52,2
29/05/2022 01:51,1
29/05/2022 01:50,5
29/05/2022 01:50,5
29/05/2022 01:47,1
29/05/2022 01:46,2
29/05/2022 01:45,2
29/05/2022 01:41,1
29/05/2022 01:39,5
29/05/2022 01:28,5
29/05/2022 01:27,1
29/05/2022 01:23,5
29/05/2022 01:20,4
29/05/2022 01:17,1
29/05/2022 01:14,1
29/05/2022 01:08,1
29/05/2022 01:01,5
29/05/2022 01:00,1
29/05/2022 00:57,3
29/05/2022 00:52,5
29/05/2022 00:46,4
29/05/2022 00:44,5
29/05/2022 00:40,5
29/05/2022 00:34,3
29/05/2022 00:28,1
29/05/2022 00:22,1
29/05/2022 00:21,1
29/05/2022 00:21,5
29/05/2022 00:16,1
29/05/2022 00:07,5
29/05/2022 00:06,1
29/05/2022 00:04,4
29/05/2022 00:00,5
28/05/2022 23:58,5
28/05/2022 23:52,3
28/05/2022 23:45,1
28/05/2022 23:41,5
28/05/2022 23:37,1
28/05/2022 23:28,5
28/05/2022 23:14,5
28/05/2022 23:10,5
28/05/2022 23:09,5
28/05/2022 23:09,1
28/05/2022 23:09,1
28/05/2022 23:05,2
28/05/2022 23:02,5
28/05/2022 23:01,5
28/05/2022 22:56,5
28/05/2022 22:46,5
28/05/2022 22:45,4
28/05/2022 22:43,5
28/05/2022 22:42,2
28/05/2022 22:36,5
28/05/2022 22:35,3
28/05/2022 22:34,1
28/05/2022 22:32,2
28/05/2022 22:21,1
28/05/2022 22:15,5
28/05/2022 22:15,2
28/05/2022 22:14,5
28/05/2022 22:08,5
28/05/2022 22:02,3
28/05/2022 21:55,4
28/05/2022 21:55,4
28/05/2022 21:53,1
28/05/2022 21:52,1
28/05/2022 21:51,5
28/05/2022 21:51,4
28/05/2022 21:32,2
28/05/2022 21:32,1
28/05/2022 21:31,1
28/05/2022 21:23,1
28/05/2022 21:13,1
28/05/2022 21:11,1
28/05/2022 21:01,4
28/05/2022 20:54,4
28/05/2022 20:53,3
28/05/2022 20:53,1
28/05/2022 20:50,5
28/05/2022 20:47,2
28/05/2022 20:33,4
28/05/2022 20:27,4
28/05/2022 20:26,5
28/05/2022 20:25,1
28/05/2022 20:13,4
28/05/2022 20:03,1
28/05/2022 20:03,1
28/05/2022 19:51,5
28/05/2022 19:48,5
28/05/2022 19:43,1
28/05/2022 19:43,1
28/05/2022 19:42,1
28/05/2022 19:40,2
28/05/2022 19:36,4
28/05/2022 19:32,5
28/05/2022 19:27,1
28/05/2022 19:26,5
28/05/2022 19:25,5
28/05/2022 19:20,5
28/05/2022 19:15,5
28/05/2022 19:15,4
28/05/2022 19:10,3
28/05/2022 19:09,5
28/05/2022 19:08,5
28/05/2022 18:54,5
28/05/2022 18:53,5
28/05/2022 18:52,5
28/05/2022 18:47,5
28/05/2022 18:45,5
28/05/2022 18:41,5
28/05/2022 18:40,4
28/05/2022 18:36,5
28/05/2022 18:32,5
28/05/2022 18:31,1
28/05/2022 18:29,5
28/05/2022 18:20,3
28/05/2022 18:19,5
28/05/2022 18:17,5
28/05/2022 18:17,5
28/05/2022 18:12,1
28/05/2022 18:07,4
28/05/2022 18:04,5
28/05/2022 18:02,5
28/05/2022 17:58,5
28/05/2022 17:58,1
28/05/2022 17:38,5
28/05/2022 17:36,2
28/05/2022 17:35,1
28/05/2022 17:32,5
28/05/2022 17:32,4
28/05/2022 17:32,5
28/05/2022 17:27,3
28/05/2022 17:23,5
28/05/2022 17:23,1
28/05/2022 17:16,4
28/05/2022 17:14,4
28/05/2022 17:14,5
28/05/2022 17:11,5
28/05/2022 17:04,1
28/05/2022 17:02,4
28/05/2022 16:59,1
28/05/2022 16:55,3
28/05/2022 16:51,1
28/05/2022 16:45,3
28/05/2022 16:44,5
28/05/2022 16:41,2
28/05/2022 16:40,1
28/05/2022 16:39,2
28/05/2022 16:36,1
28/05/2022 16:33,1
28/05/2022 16:27,5
28/05/2022 16:26,5
28/05/2022 16:26,3
28/05/2022 16:24,3
28/05/2022 16:23,5
28/05/2022 16:19,4
28/05/2022 16:19,5
28/05/2022 16:16,2
28/05/2022 16:15,2
28/05/2022 16:13,3
28/05/2022 16:11,1
28/05/2022 16:07,3
28/05/2022 16:01,5
28/05/2022 16:00,4
28/05/2022 15:59,4
28/05/2022 15:57,1
28/05/2022 15:56,5
28/05/2022 15:42,1
28/05/2022 15:40,5
28/05/2022 15:40,5
28/05/2022 15:38,3
28/05/2022 15:32,1
28/05/2022 15:27,2
28/05/2022 15:26,2
28/05/2022 15:20,2
28/05/2022 15:08,3
28/05/2022 15:05,5
28/05/2022 15:04,3
28/05/2022 14:59,5
28/05/2022 14:57,2
28/05/2022 14:52,4
28/05/2022 14:51,5
28/05/2022 14:50,4
28/05/2022 14:45,4
28/05/2022 14:41,5
28/05/2022 14:39,5
28/05/2022 14:38,1
28/05/2022 14:37,3
28/05/2022 14:36,2
28/05/2022 14:35,3
28/05/2022 14:35,5
28/05/2022 14:29,5
28/05/2022 14:24,5
28/05/2022 14:24,5
28/05/2022 14:17,5
28/05/2022 14:14,5
28/05/2022 14:10,5
28/05/2022 14:07,2
28/05/2022 14:05,5
28/05/2022 14:03,5
28/05/2022 13:58,1
28/05/2022 13:56,3
28/05/2022 13:51,5
28/05/2022 13:48,1
28/05/2022 13:44,5
28/05/2022 13:40,1
28/05/2022 13:27,5
28/05/2022 13:27,5
28/05/2022 13:21,5
28/05/2022 13:21,2
28/05/2022 13:20,5
28/05/2022 13:13,5
28/05/2022 13:13,4
28/05/2022 13:08,4
28/05/2022 13:04,5
28/05/2022 13:02,4
28/05/2022 13:00,1
28/05/2022 12:58,5
28/05/2022 12:58,2
28/05/2022 12:57,5
28/05/2022 12:53,1
28/05/2022 12:51,3
28/05/2022 12:51,1
28/05/2022 12:46,4
28/05/2022 12:39,5
28/05/2022 12:23,1
28/05/2022 12:10,5
28/05/2022 12:09,4
28/05/2022 12:07,5
28/05/2022 12:07,5
28/05/2022 12:06,1
28/05/2022 12:04,1
28/05/2022 12:00,3
28/05/2022 11:56,5
28/05/2022 11:55,5
28/05/2022 11:50,5
28/05/2022 11:44,4
28/05/2022 11:43,5
28/05/2022 11:42,1
28/05/2022 11:41,1
28/05/2022 11:38,1
28/05/2022 11:32,1
28/05/2022 11:27,1
28/05/2022 11:22,5
28/05/2022 11:15,4
28/05/2022 11:14,5
28/05/2022 11:12,5
28/05/2022 11:11,5
28/05/2022 11:07,5
28/05/2022 11:03,5
28/05/2022 11:02,2
28/05/2022 11:00,1
28/05/2022 11:00,1
28/05/2022 10:57,4
28/05/2022 10:50,5
28/05/2022 10:49,2
28/05/2022 10:48,1
28/05/2022 10:45,1
28/05/2022 10:43,1
28/05/2022 10:43,1
28/05/2022 10:42,4
28/05/2022 10:41,3
28/05/2022 10:37,2
28/05/2022 10:27,3
28/05/2022 10:26,5
28/05/2022 10:16,2
28/05/2022 10:14,4
28/05/2022 09:53,2
28/05/2022 09:41,2
28/05/2022 09:41,2
28/05/2022 09:40,5
28/05/2022 09:37,5
28/05/2022 09:35,5
28/05/2022 09:31,5
28/05/2022 09:28,5
28/05/2022 09:23,5
28/05/2022 09:17,2
28/05/2022 09:16,1
28/05/2022 09:15,1
28/05/2022 09:13,3
28/05/2022 09:07,5
28/05/2022 09:03,2
28/05/2022 09:02,4
28/05/2022 08:59,5
28/05/2022 08:56,4
28/05/2022 08:55,3
28/05/2022 08:47,5
28/05/2022 08:40,5
28/05/2022 08:39,5
28/05/2022 08:34,1
28/05/2022 08:18,5
28/05/2022 08:17,2
28/05/2022 08:17,4
28/05/2022 08:13,1
28/05/2022 08:12,5
28/05/2022 08:11,4
28/05/2022 08:03,5
28/05/2022 08:00,4
28/05/2022 07:57,5
28/05/2022 07:50,4
28/05/2022 07:48,4
28/05/2022 07:45,3
28/05/2022 07:45,2
28/05/2022 07:42,5
28/05/2022 07:37,1
28/05/2022 07:35,1
28/05/2022 07:33,3
28/05/2022 07:24,3
28/05/2022 07:22,2
28/05/2022 07:18,4
28/05/2022 07:17,4
28/05/2022 07:09,5
28/05/2022 07:09,1
28/05/2022 07:08,1
28/05/2022 07:05,5
28/05/2022 07:04,5
28/05/2022 07:04,3
28/05/2022 07:02,4
28/05/2022 07:01,3
28/05/2022 07:01,5
28/05/2022 06:58,4
28/05/2022 06:50,5
28/05/2022 06:49,5
28/05/2022 06:48,1
28/05/2022 06:47,5
28/05/2022 06:46,5
28/05/2022 06:41,5
28/05/2022 06:39,5
28/05/2022 06:37,5
28/05/2022 06:35,4
28/05/2022 06:29,2
28/05/2022 06:27,3
28/05/2022 06:25,5
28/05/2022 06:24,1
28/05/2022 06:16,1
28/05/2022 06:07,1
28/05/2022 06:05,2
28/05/2022 06:02,5
28/05/2022 06:00,4
28/05/2022 05:59,5
28/05/2022 05:56,2
28/05/2022 05:53,5
28/05/2022 05:53,3
28/05/2022 05:51,5
28/05/2022 05:49,5
28/05/2022 05:44,5
28/05/2022 05:43,1
28/05/2022 05:41,5
28/05/2022 05:40,5
28/05/2022 05:34,1
28/05/2022 05:27,1
28/05/2022 05:19,5
28/05/2022 05:19,1
28/05/2022 05:17,1
28/05/2022 05:16,2
28/05/2022 05:10,4
28/05/2022 05:10,1
28/05/2022 05:05,5
28/05/2022 05:04,5
28/05/2022 04:56,4
28/05/2022 04:51,1
28/05/2022 04:33,4
28/05/2022 04:32,1
28/05/2022 04:27,5
28/05/2022 04:27,3
28/05/2022 04:25,5
28/05/2022 04:18,5
28/05/2022 04:17,4
28/05/2022 04:16,4
28/05/2022 04:05,4
28/05/2022 04:04,1
28/05/2022 04:03,3
28/05/2022 03:54,1
28/05/2022 03:50,4
28/05/2022 03:44,1
28/05/2022 03:43,1
28/05/2022 03:39,1
28/05/2022 03:04,1
28/05/2022 02:57,5
28/05/2022 02:55,5
28/05/2022 02:50,1
28/05/2022 02:47,3
28/05/2022 02:39,5
28/05/2022 02:38,5
28/05/2022 02:35,1
28/05/2022 02:25,5
28/05/2022 02:22,1
28/05/2022 02:20,5
28/05/2022 02:19,1
28/05/2022 02:13,5
28/05/2022 02:09,4
28/05/2022 02:08,2
28/05/2022 02:08,2
28/05/2022 02:07,1
28/05/2022 01:55,2
28/05/2022 01:45,5
28/05/2022 01:43,1
28/05/2022 01:42,1
28/05/2022 01:41,3
28/05/2022 01:39,5
28/05/2022 01:30,5
28/05/2022 01:26,5
28/05/2022 01:25,4
28/05/2022 01:24,5
28/05/2022 01:22,5
28/05/2022 01:22,5
28/05/2022 01:21,2
28/05/2022 01:20,5
28/05/2022 01:20,5
28/05/2022 01:09,1
28/05/2022 01:07,5
28/05/2022 01:05,5
28/05/2022 01:04,2
28/05/2022 00:59,5
28/05/2022 00:57,1
28/05/2022 00:56,5
28/05/2022 00:53,4
28/05/2022 00:30,5
28/05/2022 00:29,1
28/05/2022 00:28,3
28/05/2022 00:28,5
28/05/2022 00:14,4
28/05/2022 00:10,1
27/05/2022 23:39,3
27/05/2022 23:34,1
27/05/2022 23:32,1
27/05/2022 23:23,4
27/05/2022 23:23,5
27/05/2022 23:21,1
27/05/2022 23:18,4
27/05/2022 23:16,5
27/05/2022 23:13,5
27/05/2022 23:07,1
27/05/2022 23:03,2
27/05/2022 22:59,5
27/05/2022 22:57,4
27/05/2022 22:54,1
27/05/2022 22:51,5
27/05/2022 22:51,5
27/05/2022 22:47,5
27/05/2022 22:37,4
27/05/2022 22:34,3
27/05/2022 22:31,1
27/05/2022 22:30,1
27/05/2022 22:29,4
27/05/2022 22:29,4
27/05/2022 22:24,4
27/05/2022 22:24,3
27/05/2022 22:23,1
27/05/2022 22:22,5
27/05/2022 22:21,5
27/05/2022 22:16,5
27/05/2022 22:14,3
27/05/2022 22:13,5
27/05/2022 22:03,5
27/05/2022 22:03,5
27/05/2022 22:01,4
27/05/2022 21:59,5
27/05/2022 21:57,1
27/05/2022 21:50,2
27/05/2022 21:49,1
27/05/2022 21:43,3
27/05/2022 21:30,2
27/05/2022 21:27,1
27/05/2022 21:19,1
27/05/2022 21:13,5
27/05/2022 21:00,2
27/05/2022 21:00,5
27/05/2022 20:55,2
27/05/2022 20:53,2
27/05/2022 20:51,1
27/05/2022 20:47,4
27/05/2022 20:42,5
27/05/2022 20:40,4
27/05/2022 20:38,4
27/05/2022 20:37,3
27/05/2022 20:35,5
27/05/2022 20:34,5
27/05/2022 20:24,1
27/05/2022 20:22,2
27/05/2022 20:08,4
27/05/2022 20:01,1
27/05/2022 20:00,3
27/05/2022 20:00,3
27/05/2022 20:00,1
27/05/2022 19:56,1
27/05/2022 19:54,5
27/05/2022 19:50,4
27/05/2022 19:40,1
27/05/2022 19:33,1
27/05/2022 19:28,3
27/05/2022 19:10,5
27/05/2022 19:10,4
27/05/2022 19:03,1
27/05/2022 19:01,1
27/05/2022 18:58,5
27/05/2022 18:55,1
27/05/2022 18:53,4
27/05/2022 18:51,4
27/05/2022 18:51,5
27/05/2022 18:42,3
27/05/2022 18:38,1
27/05/2022 18:37,5
27/05/2022 18:33,3
27/05/2022 18:30,4
27/05/2022 18:27,5
27/05/2022 18:24,5
27/05/2022 18:22,1
27/05/2022 18:22,1
27/05/2022 18:14,1
27/05/2022 18:13,4
27/05/2022 18:10,1
27/05/2022 18:04,5
27/05/2022 18:01,4
27/05/2022 17:59,5
27/05/2022 17:59,1
27/05/2022 17:59,5
27/05/2022 17:58,5
27/05/2022 17:57,1
27/05/2022 17:53,1
27/05/2022 17:42,1
27/05/2022 17:41,4
27/05/2022 17:40,1
27/05/2022 17:23,5
27/05/2022 17:21,4
27/05/2022 17:21,5
27/05/2022 17:17,5
27/05/2022 17:14,3
27/05/2022 17:13,5
27/05/2022 17:07,1
27/05/2022 16:58,1
27/05/2022 16:51,1
27/05/2022 16:51,1
27/05/2022 16:51,5
27/05/2022 16:46,3
27/05/2022 16:43,4
27/05/2022 16:36,1
27/05/2022 16:32,5
27/05/2022 16:30,4
27/05/2022 16:29,1
27/05/2022 16:27,5
27/05/2022 16:25,5
27/05/2022 16:21,5
27/05/2022 16:21,1
27/05/2022 16:20,5
27/05/2022 16:20,1
27/05/2022 16:15,1
27/05/2022 16:15,5
27/05/2022 16:13,5
27/05/2022 16:11,4
27/05/2022 16:09,5
27/05/2022 16:05,5
27/05/2022 15:59,5
27/05/2022 15:59,2
27/05/2022 15:54,1
27/05/2022 15:52,3
27/05/2022 15:46,5
27/05/2022 15:42,4
27/05/2022 15:39,5
27/05/2022 15:37,5
27/05/2022 15:32,1
27/05/2022 15:26,1
27/05/2022 15:23,4
27/05/2022 15:23,1
27/05/2022 15:22,5
27/05/2022 15:22,1
27/05/2022 15:20,4
27/05/2022 15:20,5
27/05/2022 15:18,3
27/05/2022 15:15,5
27/05/2022 15:11,3
27/05/2022 15:06,5
27/05/2022 15:03,5
27/05/2022 15:00,5
27/05/2022 14:58,5
27/05/2022 14:57,5
27/05/2022 14:56,1
27/05/2022 14:48,1
27/05/2022 14:42,5
27/05/2022 14:42,1
27/05/2022 14:41,2
27/05/2022 14:41,2
27/05/2022 14:41,5
27/05/2022 14:39,2
27/05/2022 14:33,3
27/05/2022 14:31,2
27/05/2022 14:26,5
27/05/2022 14:23,1
27/05/2022 14:23,5
27/05/2022 14:20,2
27/05/2022 14:19,5
27/05/2022 14:17,3
27/05/2022 14:10,5
27/05/2022 14:01,3
27/05/2022 13:58,1
27/05/2022 13:51,2
27/05/2022 13:50,1
27/05/2022 13:49,5
27/05/2022 13:47,3
27/05/2022 13:46,5
27/05/2022 13:41,1
27/05/2022 13:36,5
27/05/2022 13:33,2
27/05/2022 13:24,4
27/05/2022 13:21,1
27/05/2022 13:21,1
27/05/2022 13:21,5
27/05/2022 13:17,5
27/05/2022 13:13,5
27/05/2022 13:12,3
27/05/2022 13:08,5
27/05/2022 13:08,5
27/05/2022 13:07,1
27/05/2022 13:06,2
27/05/2022 13:01,5
27/05/2022 12:55,1
27/05/2022 12:54,5
27/05/2022 12:49,1
27/05/2022 12:37,5
27/05/2022 12:31,1
27/05/2022 12:25,5
27/05/2022 12:23,1
27/05/2022 12:13,5
27/05/2022 12:09,3
27/05/2022 12:08,3
27/05/2022 12:03,5
27/05/2022 12:01,5
27/05/2022 11:58,3
27/05/2022 11:56,3
27/05/2022 11:53,1
27/05/2022 11:53,4
27/05/2022 11:52,5
27/05/2022 11:52,1
27/05/2022 11:44,5
27/05/2022 11:43,5
27/05/2022 11:42,3
27/05/2022 11:35,5
27/05/2022 11:31,5
27/05/2022 11:29,2
27/05/2022 11:28,1
27/05/2022 11:27,2
27/05/2022 11:14,5
27/05/2022 11:13,5
27/05/2022 11:12,1
27/05/2022 11:06,4
27/05/2022 10:57,5
27/05/2022 10:52,5
27/05/2022 10:51,4
27/05/2022 10:34,1
27/05/2022 10:32,4
27/05/2022 10:16,5
27/05/2022 10:04,5
27/05/2022 10:01,5
27/05/2022 09:53,4
27/05/2022 09:53,5
27/05/2022 09:47,4
27/05/2022 09:38,5
27/05/2022 09:31,5
27/05/2022 09:29,1
27/05/2022 09:27,5
27/05/2022 09:23,5
27/05/2022 09:16,4
27/05/2022 09:16,5
27/05/2022 08:57,5
27/05/2022 08:47,1
27/05/2022 08:47,3
27/05/2022 08:41,4
27/05/2022 08:40,5
27/05/2022 08:39,5
27/05/2022 08:30,5
27/05/2022 08:26,5
27/05/2022 08:23,4
27/05/2022 08:21,5
27/05/2022 08:19,1
27/05/2022 08:12,5
27/05/2022 08:11,3
27/05/2022 08:05,5
27/05/2022 08:03,2
27/05/2022 08:02,5
27/05/2022 08:01,2
27/05/2022 07:50,4
27/05/2022 07:46,5
27/05/2022 07:33,1
27/05/2022 07:30,1
27/05/2022 07:25,5
27/05/2022 07:23,4
27/05/2022 07:20,1
27/05/2022 07:06,1
27/05/2022 07:00,4
27/05/2022 07:00,5
27/05/2022 06:59,5
27/05/2022 06:56,1
27/05/2022 06:54,5
27/05/2022 06:53,1
27/05/2022 06:47,3
27/05/2022 06:47,5
27/05/2022 06:39,3
27/05/2022 06:30,1
27/05/2022 06:29,3
27/05/2022 06:26,1
27/05/2022 06:26,3
27/05/2022 06:25,5
27/05/2022 06:24,1
27/05/2022 06:16,5
27/05/2022 06:16,1
27/05/2022 06:08,5
27/05/2022 06:03,5
27/05/2022 05:48,5
27/05/2022 05:46,2
27/05/2022 05:38,2
27/05/2022 05:32,5
27/05/2022 05:29,3
27/05/2022 05:28,5
27/05/2022 05:26,5
27/05/2022 05:17,4
27/05/2022 05:17,5
27/05/2022 05:11,2
27/05/2022 05:09,1
27/05/2022 05:08,4
27/05/2022 05:07,1
27/05/2022 05:02,1
27/05/2022 05:00,4
27/05/2022 04:47,5
27/05/2022 04:47,1
27/05/2022 04:43,3
27/05/2022 04:40,4
27/05/2022 04:30,3
27/05/2022 04:30,5
27/05/2022 04:29,5
27/05/2022 04:18,1
27/05/2022 04:18,2
27/05/2022 04:17,5
27/05/2022 04:12,1
27/05/2022 04:00,1
27/05/2022 03:59,2
27/05/2022 03:56,5
27/05/2022 03:49,1
27/05/2022 03:26,3
27/05/2022 03:23,1
27/05/2022 03:13,1
27/05/2022 03:10,3
27/05/2022 03:09,1
27/05/2022 03:07,3
27/05/2022 03:03,1
27/05/2022 02:50,1
27/05/2022 02:48,5
27/05/2022 02:41,2
27/05/2022 02:40,5
27/05/2022 02:33,1
27/05/2022 02:26,5
27/05/2022 02:01,2
27/05/2022 01:55,2
27/05/2022 01:54,2
27/05/2022 01:54,5
27/05/2022 01:46,3
27/05/2022 01:21,1
27/05/2022 01:13,1
27/05/2022 01:12,5
27/05/2022 01:10,5
27/05/2022 01:07,1
27/05/2022 01:05,1
27/05/2022 01:03,1
27/05/2022 00:44,4
27/05/2022 00:40,2
27/05/2022 00:34,1
27/05/2022 00:24,5
27/05/2022 00:14,5
27/05/2022 00:12,1
27/05/2022 00:11,5
26/05/2022 23:59,4
26/05/2022 23:57,5
26/05/2022 23:47,1
26/05/2022 23:42,5
26/05/2022 23:37,1
26/05/2022 23:21,3
26/05/2022 23:03,2
26/05/2022 22:57,2
26/05/2022 22:55,5
26/05/2022 22:41,1
26/05/2022 22:32,5
26/05/2022 22:30,2
26/05/2022 22:26,3
26/05/2022 22:22,5
26/05/2022 22:19,4
26/05/2022 22:17,1
26/05/2022 22:11,5
26/05/2022 21:58,5
26/05/2022 21:55,2
26/05/2022 21:54,5
26/05/2022 21:46,5
26/05/2022 21:27,2
26/05/2022 21:24,5
26/05/2022 21:23,1
26/05/2022 21:22,1
26/05/2022 21:21,5
26/05/2022 21:21,1
26/05/2022 21:17,1
26/05/2022 21:11,1
26/05/2022 21:10,5
26/05/2022 21:09,4
26/05/2022 21:04,5
26/05/2022 21:00,1
26/05/2022 20:59,3
26/05/2022 20:52,1
26/05/2022 20:48,1
26/05/2022 20:48,1
26/05/2022 20:47,5
26/05/2022 20:43,5
26/05/2022 20:42,5
26/05/2022 20:41,5
26/05/2022 20:31,4
26/05/2022 20:30,1
26/05/2022 20:27,4
26/05/2022 20:24,3
26/05/2022 20:20,4
26/05/2022 20:16,5
26/05/2022 20:15,1
26/05/2022 20:13,1
26/05/2022 20:07,1
26/05/2022 20:06,1
26/05/2022 20:05,5
26/05/2022 20:05,2
26/05/2022 19:48,5
26/05/2022 19:13,3
26/05/2022 19:04,4
26/05/2022 19:03,5
26/05/2022 18:56,4
26/05/2022 18:56,5
26/05/2022 18:50,1
26/05/2022 18:46,1
26/05/2022 18:41,1
26/05/2022 18:39,4
26/05/2022 18:33,3
26/05/2022 18:30,4
26/05/2022 18:29,5
26/05/2022 18:28,5
26/05/2022 18:26,1
26/05/2022 18:26,1
26/05/2022 18:20,2
26/05/2022 18:18,4
26/05/2022 18:17,4
26/05/2022 18:16,4
26/05/2022 18:11,4
26/05/2022 18:09,2
26/05/2022 18:05,5
26/05/2022 17:59,1
26/05/2022 17:55,1
26/05/2022 17:53,5
26/05/2022 17:47,1
26/05/2022 17:44,1
26/05/2022 17:32,5
26/05/2022 17:32,5
26/05/2022 17:28,5
26/05/2022 17:24,5
26/05/2022 17:24,5
26/05/2022 17:18,4
26/05/2022 17:18,1
26/05/2022 17:17,4
26/05/2022 17:17,5
26/05/2022 17:14,1
26/05/2022 17:10,5
26/05/2022 17:08,4
26/05/2022 17:01,4
26/05/2022 17:00,1
26/05/2022 17:00,1
26/05/2022 16:59,4
26/05/2022 16:57,5
26/05/2022 16:53,5
26/05/2022 16:52,5
26/05/2022 16:51,1
26/05/2022 16:48,5
26/05/2022 16:27,1
26/05/2022 16:26,2
26/05/2022 16:16,1
26/05/2022 16:16,5
26/05/2022 16:14,1
26/05/2022 16:12,2
26/05/2022 16:11,2
26/05/2022 16:09,5
26/05/2022 16:05,5
26/05/2022 16:03,5
26/05/2022 16:00,5
26/05/2022 15:55,2
26/05/2022 15:53,2
26/05/2022 15:52,1
26/05/2022 15:46,1
26/05/2022 15:45,2
26/05/2022 15:28,1
26/05/2022 15:28,2
26/05/2022 15:21,4
26/05/2022 15:20,5
26/05/2022 15:10,2
26/05/2022 15:08,1
26/05/2022 15:08,1
26/05/2022 15:07,5
26/05/2022 15:07,1
26/05/2022 15:06,1
26/05/2022 15:04,1
26/05/2022 15:02,4
26/05/2022 14:57,4
26/05/2022 14:54,5
26/05/2022 14:50,5
26/05/2022 14:50,5
26/05/2022 14:49,5
26/05/2022 14:48,1
26/05/2022 14:43,5
26/05/2022 14:38,1
26/05/2022 14:38,5
26/05/2022 14:30,1
26/05/2022 14:27,4
26/05/2022 14:16,2
26/05/2022 14:10,1
26/05/2022 14:06,4
26/05/2022 14:02,5
26/05/2022 14:01,5
26/05/2022 14:01,1
26/05/2022 13:58,5
26/05/2022 13:55,1
26/05/2022 13:53,1
26/05/2022 13:51,4
26/05/2022 13:49,5
26/05/2022 13:45,5
26/05/2022 13:43,1
26/05/2022 13:43,5
26/05/2022 13:39,4
26/05/2022 13:34,4
26/05/2022 13:33,5
26/05/2022 13:24,3
26/05/2022 13:24,5
26/05/2022 13:17,1
26/05/2022 13:13,5
26/05/2022 13:10,1
26/05/2022 12:59,5
26/05/2022 12:50,5
26/05/2022 12:50,2
26/05/2022 12:45,4
26/05/2022 12:40,5
26/05/2022 12:27,5
26/05/2022 12:27,3
26/05/2022 12:26,5
26/05/2022 12:20,5
26/05/2022 12:19,1
26/05/2022 11:54,1
26/05/2022 11:53,1
26/05/2022 11:49,5
26/05/2022 11:45,4
26/05/2022 11:40,5
26/05/2022 11:30,1
26/05/2022 11:26,4
26/05/2022 11:21,5
26/05/2022 11:15,5
26/05/2022 11:12,5
26/05/2022 11:09,5
26/05/2022 11:08,4
26/05/2022 11:07,5
26/05/2022 11:01,1
26/05/2022 11:01,1
26/05/2022 10:58,4
26/05/2022 10:54,3
26/05/2022 10:35,4
26/05/2022 10:33,2
26/05/2022 10:29,5
26/05/2022 10:24,4
26/05/2022 10:23,5
26/05/2022 10:22,3
26/05/2022 10:20,1
26/05/2022 10:09,5
26/05/2022 09:44,1
26/05/2022 09:42,1
26/05/2022 09:36,5
26/05/2022 09:35,1
26/05/2022 09:34,5
26/05/2022 09:32,2
26/05/2022 09:27,4
26/05/2022 09:25,1
26/05/2022 09:14,4
26/05/2022 09:00,5
26/05/2022 08:57,5
26/05/2022 08:56,2
26/05/2022 08:55,5
26/05/2022 08:54,5
26/05/2022 08:54,4
26/05/2022 08:54,4
26/05/2022 08:37,5
26/05/2022 08:35,1
26/05/2022 08:33,1
26/05/2022 08:32,5
26/05/2022 08:31,4
26/05/2022 08:22,5
26/05/2022 08:19,1
26/05/2022 08:18,5
26/05/2022 08:14,1
26/05/2022 07:59,1
26/05/2022 07:57,4
26/05/2022 07:54,5
26/05/2022 07:53,5
26/05/2022 07:48,1
26/05/2022 07:44,1
26/05/2022 07:34,4
26/05/2022 07:30,5
26/05/2022 07:25,4
26/05/2022 07:23,3
26/05/2022 07:22,1
26/05/2022 07:22,5
26/05/2022 07:17,5
26/05/2022 07:12,1
26/05/2022 07:11,3
26/05/2022 07:08,2
26/05/2022 07:03,4
26/05/2022 07:02,5
26/05/2022 06:58,4
26/05/2022 06:58,5
26/05/2022 06:56,5
26/05/2022 06:45,4
26/05/2022 06:36,5
26/05/2022 06:33,1
26/05/2022 06:30,5
26/05/2022 06:15,2
26/05/2022 06:14,5
26/05/2022 05:28,3
26/05/2022 05:15,1
26/05/2022 05:10,5
26/05/2022 05:07,5
26/05/2022 05:06,5
26/05/2022 05:00,1
26/05/2022 04:51,3
26/05/2022 04:47,1
26/05/2022 04:46,4
26/05/2022 04:42,3
26/05/2022 04:38,1
26/05/2022 04:33,3
26/05/2022 04:31,4
26/05/2022 04:30,2
26/05/2022 04:27,2
26/05/2022 04:17,4
26/05/2022 04:14,1
26/05/2022 04:11,2
26/05/2022 04:09,4
26/05/2022 03:51,5
26/05/2022 03:42,1
26/05/2022 03:42,2
26/05/2022 03:38,3
26/05/2022 03:28,5
26/05/2022 03:15,3
26/05/2022 03:12,5
26/05/2022 03:12,5
26/05/2022 03:09,2
26/05/2022 02:54,5
26/05/2022 02:40,3
26/05/2022 02:36,1
26/05/2022 02:30,3
26/05/2022 02:30,5
26/05/2022 02:24,5
26/05/2022 02:19,1
26/05/2022 02:08,5
26/05/2022 02:08,4
26/05/2022 02:06,5
26/05/2022 02:00,5
26/05/2022 01:59,3
26/05/2022 01:58,5
26/05/2022 01:58,5
26/05/2022 01:55,5
26/05/2022 01:52,3
26/05/2022 01:52,1
26/05/2022 01:45,1
26/05/2022 01:38,1
26/05/2022 01:35,1
26/05/2022 01:35,5
26/05/2022 01:34,5
26/05/2022 01:31,1
26/05/2022 01:28,4
26/05/2022 01:28,3
26/05/2022 01:26,5
26/05/2022 01:14,5
26/05/2022 01:14,3
26/05/2022 01:07,1
26/05/2022 01:06,1
26/05/2022 01:04,5
26/05/2022 00:54,1
26/05/2022 00:40,5
26/05/2022 00:36,2
26/05/2022 00:34,5
26/05/2022 00:33,5
26/05/2022 00:27,5
26/05/2022 00:19,4
26/05/2022 00:13,1
26/05/2022 00:05,5
26/05/2022 00:05,5
26/05/2022 00:02,5
25/05/2022 23:57,5
25/05/2022 23:43,5
25/05/2022 23:34,4
25/05/2022 23:29,4
25/05/2022 23:29,2
25/05/2022 23:17,2
25/05/2022 23:15,1
25/05/2022 23:12,5
25/05/2022 23:08,2
25/05/2022 23:00,5
25/05/2022 22:56,5
25/05/2022 22:52,2
25/05/2022 22:40,5
25/05/2022 22:36,5
25/05/2022 22:30,5
25/05/2022 22:27,4
25/05/2022 22:26,5
25/05/2022 22:17,5
25/05/2022 22:11,1
25/05/2022 22:11,4
25/05/2022 22:08,5
25/05/2022 22:03,5
25/05/2022 22:02,1
25/05/2022 22:00,2
25/05/2022 21:58,5
25/05/2022 21:44,1
25/05/2022 21:43,5
25/05/2022 21:38,5
25/05/2022 21:36,5
25/05/2022 21:35,3
25/05/2022 21:33,3
25/05/2022 21:20,5
25/05/2022 21:14,1
25/05/2022 21:13,1
25/05/2022 21:13,5
25/05/2022 21:09,1
25/05/2022 21:00,1
25/05/2022 20:54,5
25/05/2022 20:43,4
25/05/2022 20:42,4
25/05/2022 20:40,5
25/05/2022 20:39,4
25/05/2022 20:37,5
25/05/2022 20:36,4
25/05/2022 20:32,5
25/05/2022 20:31,4
25/05/2022 20:23,2
25/05/2022 20:22,5
25/05/2022 20:22,1
25/05/2022 20:09,5
25/05/2022 20:00,1
25/05/2022 19:59,1
25/05/2022 19:58,4
25/05/2022 19:57,5
25/05/2022 19:53,1
25/05/2022 19:49,5
25/05/2022 19:47,1
25/05/2022 19:47,2
25/05/2022 19:44,1
25/05/2022 19:41,5
25/05/2022 19:34,1
25/05/2022 19:34,1
25/05/2022 19:27,5
25/05/2022 19:26,1
25/05/2022 19:26,3
25/05/2022 19:24,5
25/05/2022 19:22,1
25/05/2022 19:19,4
25/05/2022 19:17,1
25/05/2022 19:15,5
25/05/2022 19:13,1
25/05/2022 19:10,2
25/05/2022 19:09,5
25/05/2022 19:02,5
25/05/2022 18:55,3
25/05/2022 18:52,5
25/05/2022 18:51,5
25/05/2022 18:44,5
25/05/2022 18:39,5
25/05/2022 18:38,1
25/05/2022 18:38,2
25/05/2022 18:35,5
25/05/2022 18:29,5
25/05/2022 18:27,4
25/05/2022 18:26,5
25/05/2022 18:26,3
25/05/2022 18:23,3
25/05/2022 18:22,5
25/05/2022 18:12,2
25/05/2022 18:12,1
25/05/2022 18:12,5
25/05/2022 18:08,2
25/05/2022 18:05,3
25/05/2022 18:02,5
25/05/2022 17:55,1
25/05/2022 17:45,1
25/05/2022 17:43,3
25/05/2022 17:40,5
25/05/2022 17:38,1
25/05/2022 17:32,2
25/05/2022 17:31,5
25/05/2022 17:29,5
25/05/2022 17:27,3
25/05/2022 17:23,2
25/05/2022 17:20,1
25/05/2022 17:19,5
25/05/2022 17:15,1
25/05/2022 17:08,5
25/05/2022 17:07,2
25/05/2022 17:07,1
25/05/2022 17:04,5
25/05/2022 17:00,5
25/05/2022 16:51,4
25/05/2022 16:48,2
25/05/2022 16:45,4
25/05/2022 16:45,1
25/05/2022 16:43,1
25/05/2022 16:29,1
25/05/2022 16:29,1
25/05/2022 16:26,5
25/05/2022 16:23,5
25/05/2022 16:20,1
25/05/2022 16:18,5
25/05/2022 16:17,5
25/05/2022 16:16,5
25/05/2022 16:10,5
25/05/2022 16:09,1
25/05/2022 16:07,4
25/05/2022 16:06,3
25/05/2022 15:59,4
25/05/2022 15:57,1
25/05/2022 15:54,1
25/05/2022 15:53,1
25/05/2022 15:52,1
25/05/2022 15:48,3
25/05/2022 15:42,5
25/05/2022 15:42,4
25/05/2022 15:37,1
25/05/2022 15:24,4
25/05/2022 15:24,3
25/05/2022 15:15,5
25/05/2022 15:12,5
25/05/2022 15:09,5
25/05/2022 14:59,1
25/05/2022 14:58,4
25/05/2022 14:56,4
25/05/2022 14:52,5
25/05/2022 14:52,1
25/05/2022 14:45,2
25/05/2022 14:45,3
25/05/2022 14:42,1
25/05/2022 14:39,4
25/05/2022 14:34,1
25/05/2022 14:27,5
25/05/2022 14:22,4
25/05/2022 14:22,5
25/05/2022 14:09,5
25/05/2022 14:05,5
25/05/2022 14:04,5
25/05/2022 14:04,5
25/05/2022 13:59,2
25/05/2022 13:50,3
25/05/2022 13:50,1
25/05/2022 13:47,4
25/05/2022 13:45,5
25/05/2022 13:42,4
25/05/2022 13:41,1
25/05/2022 13:41,3
25/05/2022 13:33,1
25/05/2022 13:28,5
25/05/2022 13:27,5
25/05/2022 13:25,4
25/05/2022 13:25,3
25/05/2022 13:22,5
25/05/2022 13:22,2
25/05/2022 13:21,4
25/05/2022 13:20,1
25/05/2022 13:12,1
25/05/2022 13:07,1
25/05/2022 13:06,3
25/05/2022 13:05,1
25/05/2022 13:02,5
25/05/2022 12:59,5
25/05/2022 12:48,5
25/05/2022 12:48,5
25/05/2022 12:44,3
25/05/2022 12:43,1
25/05/2022 12:41,5
25/05/2022 12:34,5
25/05/2022 12:26,2
25/05/2022 12:23,1
25/05/2022 12:21,5
25/05/2022 12:20,1
25/05/2022 12:16,5
25/05/2022 12:13,3
25/05/2022 12:06,5
25/05/2022 12:01,5
25/05/2022 12:00,1
25/05/2022 11:51,1
25/05/2022 11:49,5
25/05/2022 11:47,1
25/05/2022 11:42,1
25/05/2022 11:38,1
25/05/2022 11:35,4
25/05/2022 11:26,2
25/05/2022 11:16,5
25/05/2022 11:15,3
25/05/2022 11:10,4
25/05/2022 11:09,4
25/05/2022 11:02,3
25/05/2022 10:57,4
25/05/2022 10:54,1
25/05/2022 10:52,1
25/05/2022 10:51,5
25/05/2022 10:45,5
25/05/2022 10:32,3
25/05/2022 10:31,5
25/05/2022 10:30,5
25/05/2022 10:22,5
25/05/2022 10:09,3
25/05/2022 09:56,3
25/05/2022 09:50,5
25/05/2022 09:46,5
25/05/2022 09:44,4
25/05/2022 09:30,4
25/05/2022 09:25,3
25/05/2022 09:19,1
25/05/2022 09:15,5
25/05/2022 09:15,3
25/05/2022 09:13,5
25/05/2022 09:12,5
25/05/2022 09:10,5
25/05/2022 09:02,2
25/05/2022 08:43,3
25/05/2022 08:38,5
25/05/2022 08:37,5
25/05/2022 08:34,5
25/05/2022 08:30,1
25/05/2022 08:12,5
25/05/2022 08:08,5
25/05/2022 07:57,1
25/05/2022 07:53,3
25/05/2022 07:47,1
25/05/2022 07:42,2
25/05/2022 07:26,1
25/05/2022 07:22,3
25/05/2022 07:19,2
25/05/2022 07:17,5
25/05/2022 07:07,4
25/05/2022 07:00,4
25/05/2022 06:59,1
25/05/2022 06:40,1
25/05/2022 06:35,3
25/05/2022 06:34,2
25/05/2022 06:11,2
25/05/2022 06:07,4
25/05/2022 05:49,4
25/05/2022 05:46,1
25/05/2022 05:40,1
25/05/2022 05:38,1
25/05/2022 05:34,2
25/05/2022 05:29,5
25/05/2022 05:28,3
25/05/2022 05:17,1
25/05/2022 05:17,3
25/05/2022 05:09,1
25/05/2022 05:06,1
25/05/2022 04:49,3
25/05/2022 04:48,5
25/05/2022 04:35,1
25/05/2022 04:32,1
25/05/2022 04:32,4
25/05/2022 04:29,5
25/05/2022 04:25,2
25/05/2022 04:20,2
25/05/2022 04:18,2
25/05/2022 04:16,1
25/05/2022 04:16,5
25/05/2022 04:14,2
25/05/2022 04:13,4
25/05/2022 04:05,5
25/05/2022 04:02,2
25/05/2022 04:02,5
25/05/2022 04:01,1
25/05/2022 03:59,5
25/05/2022 03:57,4
25/05/2022 03:55,5
25/05/2022 03:53,2
25/05/2022 03:52,5
25/05/2022 03:48,3
25/05/2022 03:46,1
25/05/2022 03:41,5
25/05/2022 03:40,1
25/05/2022 03:33,1
25/05/2022 03:28,1
25/05/2022 03:25,3
25/05/2022 03:25,5
25/05/2022 03:17,5
25/05/2022 03:13,4
25/05/2022 03:09,5
25/05/2022 03:04,5
25/05/2022 03:00,3
25/05/2022 02:58,2
25/05/2022 02:56,1
25/05/2022 02:51,2
25/05/2022 02:48,1
25/05/2022 02:42,5
25/05/2022 02:37,5
25/05/2022 02:32,5
25/05/2022 02:18,3
25/05/2022 02:16,5
25/05/2022 02:07,2
25/05/2022 02:07,1
25/05/2022 02:03,5
25/05/2022 01:58,5
25/05/2022 01:58,4
25/05/2022 01:57,2
25/05/2022 01:45,5
25/05/2022 01:31,2
25/05/2022 01:28,5
25/05/2022 01:21,5
25/05/2022 01:20,5
25/05/2022 01:14,4
25/05/2022 01:11,1
25/05/2022 01:10,5
25/05/2022 01:10,2
25/05/2022 01:07,2
25/05/2022 01:03,1
25/05/2022 00:55,5
25/05/2022 00:54,5
25/05/2022 00:46,2
25/05/2022 00:46,2
25/05/2022 00:44,5
25/05/2022 00:43,1
25/05/2022 00:25,3
25/05/2022 00:24,1
25/05/2022 00:21,1
25/05/2022 00:06,5
25/05/2022 00:00,4
24/05/2022 23:52,3
24/05/2022 23:50,1
24/05/2022 23:50,2
24/05/2022 23:49,5
24/05/2022 23:41,5
24/05/2022 23:36,1
24/05/2022 23:34,5
24/05/2022 23:17,1
24/05/2022 23:16,4
24/05/2022 23:14,5
24/05/2022 23:10,1
24/05/2022 23:06,1
24/05/2022 23:04,3
24/05/2022 22:57,5
24/05/2022 22:43,1
24/05/2022 22:43,5
24/05/2022 22:37,4
24/05/2022 22:34,1
24/05/2022 22:28,5
24/05/2022 22:22,2
24/05/2022 22:17,5
24/05/2022 22:00,2
24/05/2022 21:55,4
24/05/2022 21:54,1
24/05/2022 21:44,5
24/05/2022 21:39,1
24/05/2022 21:38,1
24/05/2022 21:37,1
24/05/2022 21:37,1
24/05/2022 21:34,5
24/05/2022 21:26,2
24/05/2022 21:17,5
24/05/2022 21:16,4
24/05/2022 21:03,3
24/05/2022 21:03,5
24/05/2022 20:57,5
24/05/2022 20:55,4
24/05/2022 20:53,1
24/05/2022 20:47,1
24/05/2022 20:35,3
24/05/2022 20:35,1
24/05/2022 20:34,4
24/05/2022 20:32,1
24/05/2022 20:18,1
24/05/2022 20:15,1
24/05/2022 20:14,5
24/05/2022 20:10,5
24/05/2022 20:01,5
24/05/2022 20:01,5
24/05/2022 20:00,1
24/05/2022 19:57,5
24/05/2022 19:55,5
24/05/2022 19:52,5
24/05/2022 19:47,5
24/05/2022 19:44,5
24/05/2022 19:21,5
24/05/2022 19:20,5
24/05/2022 19:19,3
24/05/2022 19:18,5
24/05/2022 19:16,3
24/05/2022 19:10,1
24/05/2022 19:06,5
24/05/2022 19:04,4
24/05/2022 19:04,4
24/05/2022 19:03,5
24/05/2022 18:59,1
24/05/2022 18:59,3
24/05/2022 18:55,5
24/05/2022 18:54,5
24/05/2022 18:50,1
24/05/2022 18:43,4
24/05/2022 18:43,1
24/05/2022 18:36,1
24/05/2022 18:32,5
24/05/2022 18:30,5
24/05/2022 18:29,1
24/05/2022 18:27,5
24/05/2022 18:24,1
24/05/2022 18:22,5
24/05/2022 18:11,1
24/05/2022 18:10,4
24/05/2022 18:10,1
24/05/2022 18:09,2
24/05/2022 18:02,1
24/05/2022 17:52,5
24/05/2022 17:48,5
24/05/2022 17:39,5
24/05/2022 17:34,5
24/05/2022 17:31,1
24/05/2022 17:30,4
24/05/2022 17:28,2
24/05/2022 17:24,4
24/05/2022 17:13,2
24/05/2022 17:10,5
24/05/2022 17:09,5
24/05/2022 17:07,5
24/05/2022 17:07,1
24/05/2022 17:06,1
24/05/2022 17:02,4
24/05/2022 17:02,5
24/05/2022 17:00,1
24/05/2022 16:58,1
24/05/2022 16:54,2
24/05/2022 16:51,1
24/05/2022 16:49,4
24/05/2022 16:49,5
24/05/2022 16:46,3
24/05/2022 16:41,5
24/05/2022 16:25,1
24/05/2022 16:25,1
24/05/2022 16:22,2
24/05/2022 16:16,1
24/05/2022 16:11,4
24/05/2022 16:09,1
24/05/2022 16:06,5
24/05/2022 16:03,1
24/05/2022 15:36,5
24/05/2022 15:31,4
24/05/2022 15:25,4
24/05/2022 15:23,5
24/05/2022 15:23,5
24/05/2022 15:19,1
24/05/2022 15:11,4
24/05/2022 15:05,1
24/05/2022 14:59,1
24/05/2022 14:57,5
24/05/2022 14:56,5
24/05/2022 14:55,4
24/05/2022 14:52,5
24/05/2022 14:42,1
24/05/2022 14:41,1
24/05/2022 14:38,1
24/05/2022 14:35,2
24/05/2022 14:35,5
24/05/2022 14:25,3
24/05/2022 14:25,1
24/05/2022 14:19,1
24/05/2022 14:16,5
24/05/2022 14:14,1
24/05/2022 14:11,1
24/05/2022 14:11,5
24/05/2022 14:02,2
24/05/2022 13:57,3
24/05/2022 13:52,5
24/05/2022 13:50,5
24/05/2022 13:47,5
24/05/2022 13:41,5
24/05/2022 13:41,4
24/05/2022 13:37,3
24/05/2022 13:34,5
24/05/2022 13:33,2
24/05/2022 13:33,5
24/05/2022 13:30,2
24/05/2022 13:23,3
24/05/2022 13:19,3
24/05/2022 13:13,1
24/05/2022 13:07,4
24/05/2022 13:00,5
24/05/2022 12:59,4
24/05/2022 12:56,5
24/05/2022 12:54,2
24/05/2022 12:52,1
24/05/2022 12:50,3
24/05/2022 12:48,5
24/05/2022 12:46,3
24/05/2022 12:42,1
24/05/2022 12:34,1
24/05/2022 12:18,5
24/05/2022 12:16,1
24/05/2022 12:16,1
24/05/2022 12:15,1
24/05/2022 12:15,5
24/05/2022 12:15,2
24/05/2022 12:09,3
24/05/2022 12:07,5
24/05/2022 12:07,2
24/05/2022 12:03,2
24/05/2022 12:02,5
24/05/2022 11:59,1
24/05/2022 11:52,3
24/05/2022 11:51,4
24/05/2022 11:46,4
24/05/2022 11:45,1
24/05/2022 11:45,1
24/05/2022 11:44,3
24/05/2022 11:44,5
24/05/2022 11:36,1
24/05/2022 11:23,5
24/05/2022 11:11,5
24/05/2022 11:10,5
24/05/2022 11:01,5
24/05/2022 11:01,5
24/05/2022 11:00,4
24/05/2022 10:59,5
24/05/2022 10:58,4
24/05/2022 10:54,5
24/05/2022 10:50,5
24/05/2022 10:49,5
24/05/2022 10:46,5
24/05/2022 10:38,3
24/05/2022 10:35,1
24/05/2022 10:32,5
24/05/2022 10:29,5
24/05/2022 10:27,1
24/05/2022 10:18,4
24/05/2022 10:14,5
24/05/2022 10:07,5
24/05/2022 10:02,4
24/05/2022 10:00,5
24/05/2022 09:52,1
24/05/2022 09:49,4
24/05/2022 09:49,1
24/05/2022 09:48,2
24/05/2022 09:40,5
24/05/2022 09:33,4
24/05/2022 09:33,2
24/05/2022 09:25,5
24/05/2022 09:20,5
24/05/2022 09:18,5
24/05/2022 09:13,2
24/05/2022 09:10,5
24/05/2022 09:07,5
24/05/2022 08:59,5
24/05/2022 08:59,5
24/05/2022 08:59,5
24/05/2022 08:56,4
24/05/2022 08:44,1
24/05/2022 08:39,4
24/05/2022 08:29,1
24/05/2022 08:28,3
24/05/2022 08:15,5
24/05/2022 08:15,1
24/05/2022 08:09,3
24/05/2022 07:50,3
24/05/2022 07:35,4
24/05/2022 07:23,5
24/05/2022 07:22,3
24/05/2022 07:19,2
24/05/2022 07:19,5
24/05/2022 07:16,5
24/05/2022 07:04,2
24/05/2022 07:01,5
24/05/2022 06:59,5
24/05/2022 06:46,5
24/05/2022 06:38,1
24/05/2022 06:37,5
24/05/2022 06:36,5
24/05/2022 06:19,5
24/05/2022 06:17,5
24/05/2022 06:06,5
24/05/2022 06:04,5
24/05/2022 05:59,3
24/05/2022 05:57,5
24/05/2022 05:57,3
24/05/2022 05:51,1
24/05/2022 05:51,5
24/05/2022 05:51,4
24/05/2022 05:44,3
24/05/2022 05:40,1
24/05/2022 05:32,2
24/05/2022 05:32,5
24/05/2022 05:31,5
24/05/2022 05:08,5
24/05/2022 05:05,5
24/05/2022 05:00,4
24/05/2022 04:52,4
24/05/2022 04:48,1
24/05/2022 04:44,5
24/05/2022 04:36,4
24/05/2022 04:34,1
24/05/2022 04:30,2
24/05/2022 04:28,2
24/05/2022 04:16,5
24/05/2022 04:14,5
24/05/2022 04:14,3
24/05/2022 04:03,4
24/05/2022 03:59,4
24/05/2022 03:59,3
24/05/2022 03:49,3
24/05/2022 03:46,5
24/05/2022 03:46,1
24/05/2022 03:43,5
24/05/2022 03:42,5
24/05/2022 03:36,2
24/05/2022 03:32,4
24/05/2022 03:27,5
24/05/2022 03:24,3
24/05/2022 03:15,1
24/05/2022 03:08,1
24/05/2022 03:08,3
24/05/2022 03:05,2
24/05/2022 02:56,1
24/05/2022 02:55,5
24/05/2022 02:53,5
24/05/2022 02:44,3
24/05/2022 02:41,3
24/05/2022 02:40,1
24/05/2022 02:37,5
24/05/2022 02:28,1
24/05/2022 02:22,5
24/05/2022 02:18,3
24/05/2022 02:06,1
24/05/2022 02:04,5
24/05/2022 01:56,1
24/05/2022 01:39,1
24/05/2022 01:35,1
24/05/2022 01:31,3
24/05/2022 01:28,3
24/05/2022 01:27,5
24/05/2022 01:20,5
24/05/2022 01:18,5
24/05/2022 01:15,5
24/05/2022 01:12,1
24/05/2022 01:11,4
24/05/2022 01:10,1
24/05/2022 01:08,5
24/05/2022 00:59,1
24/05/2022 00:47,5
24/05/2022 00:33,5
24/05/2022 00:14,3
24/05/2022 00:09,5
24/05/2022 00:05,3
24/05/2022 00:02,5
24/05/2022 00:02,2
23/05/2022 23:58,4
23/05/2022 23:55,1
23/05/2022 23:53,5
23/05/2022 23:52,1
23/05/2022 23:49,4
23/05/2022 23:38,5
23/05/2022 23:37,2
23/05/2022 23:27,1
23/05/2022 23:12,5
23/05/2022 23:12,1
23/05/2022 23:09,2
23/05/2022 23:08,1
23/05/2022 23:07,1
23/05/2022 23:07,3
23/05/2022 23:00,5
23/05/2022 22:58,5
23/05/2022 22:42,5
23/05/2022 22:39,5
23/05/2022 22:38,2
23/05/2022 22:34,3
23/05/2022 22:32,1
23/05/2022 22:32,3
23/05/2022 22:22,4
23/05/2022 22:19,1
23/05/2022 22:18,1
23/05/2022 22:13,5
23/05/2022 22:06,5
23/05/2022 21:34,3
23/05/2022 21:33,5
23/05/2022 21:28,1
23/05/2022 21:28,4
23/05/2022 21:28,1
23/05/2022 21:22,4
23/05/2022 21:19,5
23/05/2022 21:19,1
23/05/2022 21:17,4
23/05/2022 21:14,3
23/05/2022 21:05,4
23/05/2022 21:04,1
23/05/2022 21:03,5
23/05/2022 21:00,1
23/05/2022 20:54,1
23/05/2022 20:52,3
23/05/2022 20:40,1
23/05/2022 20:38,5
23/05/2022 20:37,2
23/05/2022 20:31,1
23/05/2022 20:31,3
23/05/2022 20:30,1
23/05/2022 20:26,2
23/05/2022 20:26,1
23/05/2022 20:25,3
23/05/2022 20:20,2
23/05/2022 20:16,4
23/05/2022 20:12,5
23/05/2022 20:11,5
23/05/2022 20:08,1
23/05/2022 20:03,2
23/05/2022 20:02,4
23/05/2022 19:54,4
23/05/2022 19:53,2
23/05/2022 19:52,1
23/05/2022 19:24,2
23/05/2022 19:21,3
23/05/2022 19:19,5
23/05/2022 19:18,4
23/05/2022 19:17,4
23/05/2022 19:10,5
23/05/2022 19:05,4
23/05/2022 19:03,4
23/05/2022 18:59,5
23/05/2022 18:57,5
23/05/2022 18:57,5
23/05/2022 18:56,5
23/05/2022 18:54,3
23/05/2022 18:54,5
23/05/2022 18:52,4
23/05/2022 18:41,5
23/05/2022 18:40,3
23/05/2022 18:37,1
23/05/2022 18:33,3
23/05/2022 18:33,5
23/05/2022 18:30,1
23/05/2022 18:25,5
23/05/2022 18:21,5
23/05/2022 18:11,3
23/05/2022 18:08,2
23/05/2022 18:07,4
23/05/2022 17:54,4
23/05/2022 17:50,4
23/05/2022 17:50,5
23/05/2022 17:49,2
23/05/2022 17:42,4
23/05/2022 17:37,4
23/05/2022 17:32,5
23/05/2022 17:29,1
23/05/2022 17:23,5
23/05/2022 17:21,3
23/05/2022 17:13,5
23/05/2022 17:12,1
23/05/2022 17:09,1
23/05/2022 17:08,1
23/05/2022 17:07,4
23/05/2022 17:07,5
23/05/2022 17:03,5
23/05/2022 17:01,5
23/05/2022 16:57,5
23/05/2022 16:54,4
23/05/2022 16:53,1
23/05/2022 16:52,2
23/05/2022 16:50,1
23/05/2022 16:47,5
23/05/2022 16:47,5
23/05/2022 16:46,4
23/05/2022 16:43,5
23/05/2022 16:39,1
23/05/2022 16:34,5
23/05/2022 16:29,3
23/05/2022 16:22,5
23/05/2022 16:21,5
23/05/2022 16:21,1
23/05/2022 16:21,1
23/05/2022 16:19,3
23/05/2022 16:19,5
23/05/2022 16:14,4
23/05/2022 16:13,5
23/05/2022 16:11,1
23/05/2022 16:10,3
23/05/2022 16:10,3
23/05/2022 16:10,5
23/05/2022 15:57,2
23/05/2022 15:57,1
23/05/2022 15:54,5
23/05/2022 15:45,3
23/05/2022 15:44,2
23/05/2022 15:43,5
23/05/2022 15:43,2
23/05/2022 15:42,1
23/05/2022 15:38,5
23/05/2022 15:36,3
23/05/2022 15:35,3
23/05/2022 15:33,3
23/05/2022 15:32,5
23/05/2022 15:25,3
23/05/2022 15:21,4
23/05/2022 15:21,5
23/05/2022 15:20,3
23/05/2022 15:18,5
23/05/2022 15:12,4
23/05/2022 15:04,1
23/05/2022 15:04,2
23/05/2022 15:03,2
23/05/2022 15:00,4
23/05/2022 14:59,2
23/05/2022 14:43,3
23/05/2022 14:42,5
23/05/2022 14:41,5
23/05/2022 14:40,5
23/05/2022 14:37,5
23/05/2022 14:34,5
23/05/2022 14:32,1
23/05/2022 14:31,4
23/05/2022 14:28,5
23/05/2022 14:25,2
23/05/2022 14:25,3
23/05/2022 14:23,1
23/05/2022 14:15,5
23/05/2022 14:02,5
23/05/2022 13:55,1
23/05/2022 13:55,1
23/05/2022 13:54,5
23/05/2022 13:49,4
23/05/2022 13:48,5
23/05/2022 13:48,1
23/05/2022 13:42,2
23/05/2022 13:33,3
23/05/2022 13:29,5
23/05/2022 13:28,2
23/05/2022 13:26,5
23/05/2022 13:24,5
23/05/2022 13:10,1
23/05/2022 13:05,2
23/05/2022 13:03,1
23/05/2022 13:00,5
23/05/2022 12:57,5
23/05/2022 12:56,1
23/05/2022 12:51,1
23/05/2022 12:46,4
23/05/2022 12:46,5
23/05/2022 12:44,1
23/05/2022 12:40,5
23/05/2022 12:38,1
23/05/2022 12:37,3
23/05/2022 12:32,4
23/05/2022 12:31,5
23/05/2022 12:30,5
23/05/2022 12:29,5
23/05/2022 12:21,5
23/05/2022 12:17,4
23/05/2022 12:14,1
23/05/2022 12:07,5
23/05/2022 12:04,1
23/05/2022 12:02,5
23/05/2022 12:00,5
23/05/2022 11:49,5
23/05/2022 11:47,5
23/05/2022 11:44,3
23/05/2022 11:41,4
23/05/2022 11:39,1
23/05/2022 11:38,3
23/05/2022 11:37,1
23/05/2022 11:35,3
23/05/2022 11:35,5
23/05/2022 11:32,5
23/05/2022 11:28,5
23/05/2022 11:18,4
23/05/2022 11:13,4
23/05/2022 11:13,5
23/05/2022 11:11,5
23/05/2022 11:02,5
23/05/2022 10:55,1
23/05/2022 10:55,5
23/05/2022 10:54,3
23/05/2022 10:43,1
23/05/2022 10:43,5
23/05/2022 10:36,2
23/05/2022 10:35,4
23/05/2022 10:25,5
23/05/2022 10:19,2
23/05/2022 10:14,5
23/05/2022 10:11,3
23/05/2022 10:04,1
23/05/2022 10:04,1
23/05/2022 10:03,1
23/05/2022 10:00,1
23/05/2022 09:49,1
23/05/2022 09:49,5
23/05/2022 09:42,4
23/05/2022 09:29,1
23/05/2022 09:28,5
23/05/2022 09:25,1
23/05/2022 09:20,5
23/05/2022 08:58,4
23/05/2022 08:54,5
23/05/2022 08:19,2
23/05/2022 08:19,5
23/05/2022 08:15,5
23/05/2022 08:08,1
23/05/2022 08:05,5
23/05/2022 08:01,2
23/05/2022 07:55,5
23/05/2022 07:50,1
23/05/2022 07:46,5
23/05/2022 07:36,4
23/05/2022 07:35,1
23/05/2022 07:33,1
23/05/2022 07:29,2
23/05/2022 07:26,5
23/05/2022 07:07,3
23/05/2022 06:51,5
23/05/2022 06:48,5
23/05/2022 06:44,2
23/05/2022 06:40,5
23/05/2022 06:36,3
23/05/2022 06:33,5
23/05/2022 06:26,1
23/05/2022 06:02,4
23/05/2022 05:49,1
23/05/2022 05:49,5
23/05/2022 05:43,4
23/05/2022 05:42,4
23/05/2022 05:40,5
23/05/2022 05:25,5
23/05/2022 05:21,5
23/05/2022 05:18,5
23/05/2022 05:15,3
23/05/2022 05:14,5
23/05/2022 05:07,1
23/05/2022 05:04,2
23/05/2022 05:01,4
23/05/2022 04:50,5
23/05/2022 04:49,3
23/05/2022 04:38,1
23/05/2022 04:23,5
23/05/2022 04:23,5
23/05/2022 04:19,1
23/05/2022 04:12,5
23/05/2022 04:06,5
23/05/2022 04:05,3
23/05/2022 04:05,1
23/05/2022 04:00,1
23/05/2022 03:55,1
23/05/2022 03:47,3
23/05/2022 03:43,4
23/05/2022 03:32,1
23/05/2022 03:30,5
23/05/2022 03:21,1
23/05/2022 03:12,5
23/05/2022 03:08,5
23/05/2022 02:50,4
23/05/2022 02:49,3
23/05/2022 02:43,5
23/05/2022 02:28,5
23/05/2022 02:26,5
23/05/2022 02:25,5
23/05/2022 02:22,3
23/05/2022 02:14,4
23/05/2022 02:08,2
23/05/2022 02:03,2
23/05/2022 02:01,5
23/05/2022 01:56,5
23/05/2022 01:46,1
23/05/2022 01:43,4
23/05/2022 01:36,4
23/05/2022 01:32,5
23/05/2022 01:28,3
23/05/2022 01:20,4
23/05/2022 01:19,5
23/05/2022 01:18,2
23/05/2022 01:18,2
23/05/2022 01:13,5
23/05/2022 01:12,5
23/05/2022 01:04,5
23/05/2022 01:00,3
23/05/2022 00:50,1
23/05/2022 00:46,1
23/05/2022 00:41,5
23/05/2022 00:25,5
23/05/2022 00:09,1
23/05/2022 00:03,5
23/05/2022 00:01,2
22/05/2022 23:54,5
22/05/2022 23:38,5
22/05/2022 23:29,1
22/05/2022 23:25,5
22/05/2022 23:20,5
22/05/2022 23:02,4
22/05/2022 23:00,4
22/05/2022 22:49,2
22/05/2022 22:35,2
22/05/2022 22:18,5
22/05/2022 22:10,4
22/05/2022 22:07,5
22/05/2022 22:07,3
22/05/2022 22:07,5
22/05/2022 22:06,3
22/05/2022 21:58,1
22/05/2022 21:57,5
22/05/2022 21:56,1
22/05/2022 21:55,5
22/05/2022 21:55,1
22/05/2022 21:54,5
22/05/2022 21:51,5
22/05/2022 21:43,1
22/05/2022 21:19,5
22/05/2022 21:16,5
22/05/2022 21:10,4
22/05/2022 21:09,1
22/05/2022 21:07,5
22/05/2022 21:06,5
22/05/2022 21:01,5
22/05/2022 20:45,5
22/05/2022 20:37,3
22/05/2022 20:34,1
22/05/2022 20:32,3
22/05/2022 20:24,1
22/05/2022 20:24,5
22/05/2022 20:20,2
22/05/2022 19:52,2
22/05/2022 19:38,1
22/05/2022 19:38,2
22/05/2022 19:33,5
22/05/2022 19:24,2
22/05/2022 19:18,4
22/05/2022 19:18,5
22/05/2022 19:10,5
22/05/2022 19:01,1
22/05/2022 18:48,5
22/05/2022 18:38,5
22/05/2022 18:35,3
22/05/2022 18:30,5
22/05/2022 18:28,3
22/05/2022 18:26,5
22/05/2022 18:23,4
22/05/2022 18:22,5
22/05/2022 18:18,5
22/05/2022 18:09,1
22/05/2022 18:06,5
22/05/2022 18:04,2
22/05/2022 18:02,4
22/05/2022 17:52,2
22/05/2022 17:52,2
22/05/2022 17:48,4
22/05/2022 17:48,1
22/05/2022 17:46,1
22/05/2022 17:45,5
22/05/2022 17:42,1
22/05/2022 17:36,3
22/05/2022 17:35,5
22/05/2022 17:34,5
22/05/2022 17:29,5
22/05/2022 17:29,4
22/05/2022 17:25,5
22/05/2022 17:23,5
22/05/2022 17:19,1
22/05/2022 17:18,1
22/05/2022 17:17,5
22/05/2022 17:17,2
22/05/2022 17:16,1
22/05/2022 17:14,5
22/05/2022 17:13,2
22/05/2022 17:04,1
22/05/2022 16:52,5
22/05/2022 16:49,1
22/05/2022 16:47,1
22/05/2022 16:39,2
22/05/2022 16:32,1
22/05/2022 16:26,2
22/05/2022 16:23,5
22/05/2022 16:23,1
22/05/2022 16:18,4
22/05/2022 16:16,3
22/05/2022 16:13,1
22/05/2022 16:00,5
22/05/2022 15:58,5
22/05/2022 15:56,1
22/05/2022 15:50,5
22/05/2022 15:46,4
22/05/2022 15:35,5
22/05/2022 15:21,1
22/05/2022 15:20,1
22/05/2022 15:20,5
22/05/2022 15:16,5
22/05/2022 15:16,2
22/05/2022 15:12,4
22/05/2022 15:12,5
22/05/2022 15:11,1
22/05/2022 15:06,2
22/05/2022 14:58,5
22/05/2022 14:50,2
22/05/2022 14:48,5
22/05/2022 14:42,5
22/05/2022 14:41,4
22/05/2022 14:36,4
22/05/2022 14:34,4
22/05/2022 14:26,4
22/05/2022 14:25,3
22/05/2022 14:19,5
22/05/2022 14:19,2
22/05/2022 14:18,1
22/05/2022 14:18,4
22/05/2022 14:17,1
22/05/2022 14:17,1
22/05/2022 14:11,1
22/05/2022 14:07,4
22/05/2022 14:03,5
22/05/2022 14:00,1
22/05/2022 13:58,2
22/05/2022 13:56,2
22/05/2022 13:53,4
22/05/2022 13:52,1
22/05/2022 13:45,5
22/05/2022 13:43,2
22/05/2022 13:28,4
22/05/2022 13:28,5
22/05/2022 13:22,4
22/05/2022 13:18,5
22/05/2022 13:15,5
22/05/2022 13:13,5
22/05/2022 13:12,5
22/05/2022 13:12,5
22/05/2022 13:08,5
22/05/2022 13:08,5
22/05/2022 13:07,5
22/05/2022 13:06,5
22/05/2022 13:05,1
22/05/2022 13:00,2
22/05/2022 12:50,1
22/05/2022 12:49,2
22/05/2022 12:49,3
22/05/2022 12:49,1
22/05/2022 12:48,5
22/05/2022 12:44,2
22/05/2022 12:43,5
22/05/2022 12:39,4
22/05/2022 12:39,1
22/05/2022 12:38,4
22/05/2022 12:31,5
22/05/2022 12:28,1
22/05/2022 12:26,3
22/05/2022 12:22,1
22/05/2022 12:14,4
22/05/2022 12:07,1
22/05/2022 11:56,4
22/05/2022 11:49,1
22/05/2022 11:49,5
22/05/2022 11:46,4
22/05/2022 11:44,4
22/05/2022 11:42,2
22/05/2022 11:38,1
22/05/2022 11:36,5
22/05/2022 11:35,1
22/05/2022 11:32,3
22/05/2022 11:32,3
22/05/2022 11:32,1
22/05/2022 11:27,1
22/05/2022 11:17,5
22/05/2022 11:17,2
22/05/2022 11:09,4
22/05/2022 10:47,4
22/05/2022 10:43,4
22/05/2022 10:37,4
22/05/2022 10:33,5
22/05/2022 10:29,5
22/05/2022 10:27,5
22/05/2022 10:27,5
22/05/2022 10:25,4
22/05/2022 10:22,5
22/05/2022 10:15,5
22/05/2022 10:09,1
22/05/2022 09:57,1
22/05/2022 09:53,5
22/05/2022 09:48,1
22/05/2022 09:47,5
22/05/2022 09:47,5
22/05/2022 09:39,3
22/05/2022 09:34,5
22/05/2022 09:32,1
22/05/2022 09:08,5
22/05/2022 09:02,1
22/05/2022 09:02,5
22/05/2022 08:59,5
22/05/2022 08:55,3
22/05/2022 08:54,1
22/05/2022 08:47,5
22/05/2022 08:41,3
22/05/2022 08:40,5
22/05/2022 08:40,1
22/05/2022 08:34,1
22/05/2022 08:15,5
22/05/2022 08:15,1
22/05/2022 08:11,4
22/05/2022 08:02,5
22/05/2022 08:00,5
22/05/2022 07:37,5
22/05/2022 07:30,1
22/05/2022 07:25,1
22/05/2022 07:01,4
22/05/2022 06:59,5
22/05/2022 06:56,5
22/05/2022 06:51,3
22/05/2022 06:47,1
22/05/2022 06:44,1
22/05/2022 06:36,1
22/05/2022 06:36,1
22/05/2022 06:32,2
22/05/2022 06:21,5
22/05/2022 06:16,1
22/05/2022 06:13,1
22/05/2022 06:12,5
22/05/2022 06:10,1
22/05/2022 06:06,1
22/05/2022 06:05,4
22/05/2022 05:41,2
22/05/2022 05:36,5
22/05/2022 05:35,5
22/05/2022 05:32,3
22/05/2022 05:26,1
22/05/2022 05:13,4
22/05/2022 05:07,5
22/05/2022 05:05,2
22/05/2022 05:02,4
22/05/2022 05:00,5
22/05/2022 04:50,1
22/05/2022 04:49,1
22/05/2022 04:45,5
22/05/2022 04:44,1
22/05/2022 04:41,1
22/05/2022 04:41,5
22/05/2022 04:37,5
22/05/2022 04:33,1
22/05/2022 04:31,5
22/05/2022 04:28,4
22/05/2022 04:15,5
22/05/2022 04:13,5
22/05/2022 04:11,1
22/05/2022 04:00,5
22/05/2022 03:57,1
22/05/2022 03:52,5
22/05/2022 03:50,5
22/05/2022 03:46,3
22/05/2022 03:45,3
22/05/2022 03:40,1
22/05/2022 03:37,2
22/05/2022 03:34,1
22/05/2022 03:24,1
22/05/2022 03:04,5
22/05/2022 03:01,3
22/05/2022 02:58,3
22/05/2022 02:54,1
22/05/2022 02:53,5
22/05/2022 02:46,5
22/05/2022 02:43,5
22/05/2022 02:40,5
22/05/2022 02:40,3
22/05/2022 02:36,1
22/05/2022 02:35,2
22/05/2022 02:33,1
22/05/2022 02:33,3
22/05/2022 02:27,2
22/05/2022 02:27,1
22/05/2022 02:26,1
22/05/2022 02:21,4
22/05/2022 02:21,1
22/05/2022 02:14,4
22/05/2022 02:06,1
22/05/2022 02:05,2
22/05/2022 02:04,4
22/05/2022 01:57,5
22/05/2022 01:49,1
22/05/2022 01:40,1
22/05/2022 01:39,5
22/05/2022 01:37,5
22/05/2022 01:36,1
22/05/2022 01:36,1
22/05/2022 01:28,1
22/05/2022 01:24,5
22/05/2022 01:19,5
22/05/2022 01:15,2
22/05/2022 01:11,1
22/05/2022 01:10,5
22/05/2022 01:10,3
22/05/2022 01:09,3
22/05/2022 01:08,5
22/05/2022 01:08,4
22/05/2022 01:02,5
22/05/2022 01:01,5
22/05/2022 01:00,5
22/05/2022 00:54,5
22/05/2022 00:49,2
22/05/2022 00:48,5
22/05/2022 00:35,4
22/05/2022 00:34,2
22/05/2022 00:29,5
22/05/2022 00:26,3
22/05/2022 00:23,1
22/05/2022 00:23,5
22/05/2022 00:19,3
22/05/2022 00:18,1
22/05/2022 00:15,1
22/05/2022 00:05,4
21/05/2022 23:50,4
21/05/2022 23:34,5
21/05/2022 23:18,2
21/05/2022 23:09,3
21/05/2022 23:08,5
21/05/2022 23:04,5
21/05/2022 22:52,1
21/05/2022 22:47,1
21/05/2022 22:45,5
21/05/2022 22:39,3
21/05/2022 22:39,1
21/05/2022 22:39,1
21/05/2022 22:28,2
21/05/2022 22:24,1
21/05/2022 22:21,1
21/05/2022 22:20,5
21/05/2022 22:20,1
21/05/2022 22:20,2
21/05/2022 22:18,5
21/05/2022 22:05,2
21/05/2022 22:03,1
21/05/2022 22:02,1
21/05/2022 21:59,1
21/05/2022 21:45,5
21/05/2022 21:42,1
21/05/2022 21:39,1
21/05/2022 21:14,5
21/05/2022 21:06,4
21/05/2022 21:01,5
21/05/2022 20:53,1
21/05/2022 20:45,5
21/05/2022 20:38,1
21/05/2022 20:29,1
21/05/2022 20:19,1
21/05/2022 20:19,5
21/05/2022 20:00,2
21/05/2022 19:43,5
21/05/2022 19:38,1
21/05/2022 19:37,5
21/05/2022 19:28,1
21/05/2022 19:22,4
21/05/2022 19:19,5
21/05/2022 19:19,5
21/05/2022 19:18,2
21/05/2022 19:11,4
21/05/2022 19:11,5
21/05/2022 19:06,4
21/05/2022 18:59,5
21/05/2022 18:53,1
21/05/2022 18:49,4
21/05/2022 18:45,4
21/05/2022 18:45,5
21/05/2022 18:33,5
21/05/2022 18:30,5
21/05/2022 18:27,1
21/05/2022 18:23,4
21/05/2022 18:19,4
21/05/2022 18:19,1
21/05/2022 18:19,1
21/05/2022 18:18,5
21/05/2022 18:17,1
21/05/2022 18:15,5
21/05/2022 18:13,4
21/05/2022 18:06,2
21/05/2022 18:04,3
21/05/2022 18:02,5
21/05/2022 18:02,5
21/05/2022 17:57,1
21/05/2022 17:56,3
21/05/2022 17:49,4
21/05/2022 17:43,2
21/05/2022 17:38,1
21/05/2022 17:35,4
21/05/2022 17:28,4
21/05/2022 17:27,4
21/05/2022 17:11,2
21/05/2022 17:10,3
21/05/2022 17:03,1
21/05/2022 16:59,5
21/05/2022 16:54,4
21/05/2022 16:52,5
21/05/2022 16:41,5
21/05/2022 16:35,2
21/05/2022 16:30,5
21/05/2022 16:27,5
21/05/2022 16:27,1
21/05/2022 16:25,5
21/05/2022 16:20,5
21/05/2022 16:19,5
21/05/2022 16:18,1
21/05/2022 16:18,5
21/05/2022 16:13,1
21/05/2022 16:13,3
21/05/2022 16:12,4
21/05/2022 16:11,1
21/05/2022 16:09,1
21/05/2022 16:08,5
21/05/2022 16:00,2
21/05/2022 15:58,5
21/05/2022 15:56,5
21/05/2022 15:55,2
21/05/2022 15:54,1
21/05/2022 15:50,5
21/05/2022 15:45,5
21/05/2022 15:45,5
21/05/2022 15:39,5
21/05/2022 15:35,2
21/05/2022 15:33,4
21/05/2022 15:26,5
21/05/2022 15:24,4
21/05/2022 15:21,5
21/05/2022 15:20,1
21/05/2022 15:16,5
21/05/2022 15:12,4
21/05/2022 15:07,5
21/05/2022 15:05,5
21/05/2022 15:02,2
21/05/2022 14:58,1
21/05/2022 14:57,3
21/05/2022 14:54,2
21/05/2022 14:51,5
21/05/2022 14:50,2
21/05/2022 14:40,5
21/05/2022 14:34,5
21/05/2022 14:33,1
21/05/2022 14:32,5
21/05/2022 14:28,4
21/05/2022 14:20,1
21/05/2022 14:16,4
21/05/2022 14:04,3
21/05/2022 13:59,5
21/05/2022 13:57,2
21/05/2022 13:49,3
21/05/2022 13:41,4
21/05/2022 13:38,1
21/05/2022 13:23,4
21/05/2022 13:16,2
21/05/2022 13:13,3
21/05/2022 13:13,4
21/05/2022 12:59,5
21/05/2022 12:57,5
21/05/2022 12:54,1
21/05/2022 12:53,5
21/05/2022 12:48,5
21/05/2022 12:34,1
21/05/2022 12:33,3
21/05/2022 12:33,4
21/05/2022 12:28,4
21/05/2022 12:19,5
21/05/2022 12:18,4
21/05/2022 12:15,4
21/05/2022 12:13,5
21/05/2022 12:10,3
21/05/2022 12:07,2
21/05/2022 12:05,4
21/05/2022 12:03,3
21/05/2022 12:01,1
21/05/2022 12:01,1
21/05/2022 11:51,5
21/05/2022 11:48,5
21/05/2022 11:43,5
21/05/2022 11:42,1
21/05/2022 11:41,5
21/05/2022 11:38,3
21/05/2022 11:36,5
21/05/2022 11:36,5
21/05/2022 11:32,5
21/05/2022 11:30,2
21/05/2022 11:28,5
21/05/2022 11:23,4
21/05/2022 11:21,1
21/05/2022 11:16,5
21/05/2022 11:09,1
21/05/2022 11:09,5
21/05/2022 11:02,5
21/05/2022 11:00,5
21/05/2022 10:52,5
21/05/2022 10:52,3
21/05/2022 10:50,1
21/05/2022 10:42,5
21/05/2022 10:41,3
21/05/2022 10:37,5
21/05/2022 10:36,4
21/05/2022 10:31,1
21/05/2022 10:24,5
21/05/2022 10:13,3
21/05/2022 10:12,1
21/05/2022 10:11,4
21/05/2022 09:59,5
21/05/2022 09:56,1
21/05/2022 09:49,5
21/05/2022 09:48,1
21/05/2022 09:39,5
21/05/2022 09:27,4
21/05/2022 09:13,5
21/05/2022 09:07,5
21/05/2022 08:58,1
21/05/2022 08:57,5
21/05/2022 08:54,2
21/05/2022 08:51,5
21/05/2022 08:44,1
21/05/2022 08:39,1
21/05/2022 08:39,5
21/05/2022 08:34,2
21/05/2022 08:25,1
21/05/2022 08:25,1
21/05/2022 08:09,5
21/05/2022 08:08,5
21/05/2022 08:05,5
21/05/2022 08:02,5
21/05/2022 07:57,1
21/05/2022 07:56,3
21/05/2022 07:39,3
21/05/2022 07:25,5
21/05/2022 07:24,4
21/05/2022 07:13,5
21/05/2022 07:10,5
21/05/2022 06:57,2
21/05/2022 06:54,1
21/05/2022 06:53,5
21/05/2022 06:39,3
21/05/2022 06:38,1
21/05/2022 06:38,5
21/05/2022 06:22,5
21/05/2022 06:20,3
21/05/2022 06:18,2
21/05/2022 06:13,4
21/05/2022 06:13,5
21/05/2022 06:04,3
21/05/2022 06:02,1
21/05/2022 05:51,5
21/05/2022 05:46,2
21/05/2022 05:37,1
21/05/2022 05:33,2
21/05/2022 05:29,3
21/05/2022 05:29,4
21/05/2022 05:15,4
21/05/2022 05:11,5
21/05/2022 05:09,3
21/05/2022 05:03,3
21/05/2022 05:00,5
21/05/2022 04:57,5
21/05/2022 04:48,4
21/05/2022 04:38,5
21/05/2022 04:34,1
21/05/2022 04:33,4
21/05/2022 04:22,5
21/05/2022 04:21,4
21/05/2022 04:21,5
21/05/2022 04:19,5
21/05/2022 04:08,5
21/05/2022 04:06,1
21/05/2022 04:06,1
21/05/2022 03:59,1
21/05/2022 03:58,5
21/05/2022 03:49,3
21/05/2022 03:45,3
21/05/2022 03:45,1
21/05/2022 03:43,1
21/05/2022 03:40,5
21/05/2022 03:31,5
21/05/2022 03:22,1
21/05/2022 03:21,1
21/05/2022 03:16,3
21/05/2022 03:12,1
21/05/2022 03:08,5
21/05/2022 03:08,3
21/05/2022 03:05,5
21/05/2022 03:02,2
21/05/2022 02:56,4
21/05/2022 02:51,5
21/05/2022 02:49,1
21/05/2022 02:27,1
21/05/2022 02:26,4
21/05/2022 02:24,5
21/05/2022 01:58,2
21/05/2022 01:55,5
21/05/2022 01:52,5
21/05/2022 01:45,5
21/05/2022 01:45,4
21/05/2022 01:42,1
21/05/2022 01:41,5
21/05/2022 01:41,5
21/05/2022 01:34,1
21/05/2022 01:22,2
21/05/2022 01:19,1
21/05/2022 01:18,5
21/05/2022 01:17,5
21/05/2022 01:15,4
21/05/2022 01:10,1
21/05/2022 00:59,1
21/05/2022 00:58,1
21/05/2022 00:51,2
21/05/2022 00:50,5
21/05/2022 00:46,5
21/05/2022 00:37,3
21/05/2022 00:31,5
21/05/2022 00:22,5
21/05/2022 00:20,5
21/05/2022 00:15,1
21/05/2022 00:14,4
21/05/2022 00:11,5
21/05/2022 00:10,4
21/05/2022 00:02,5
21/05/2022 00:01,5
20/05/2022 23:31,2
20/05/2022 23:22,1
20/05/2022 23:20,1
20/05/2022 23:19,2
20/05/2022 23:16,5
20/05/2022 23:11,1
20/05/2022 23:11,3
20/05/2022 23:11,5
20/05/2022 23:07,1
20/05/2022 23:07,1
20/05/2022 23:04,1
20/05/2022 22:58,1
20/05/2022 22:53,1
20/05/2022 22:48,2
20/05/2022 22:45,5
20/05/2022 22:45,5
20/05/2022 22:35,1
20/05/2022 22:28,1
20/05/2022 22:27,5
20/05/2022 22:22,5
20/05/2022 22:22,3
20/05/2022 22:17,5
20/05/2022 22:13,5
20/05/2022 22:08,5
20/05/2022 22:01,3
20/05/2022 21:57,4
20/05/2022 21:55,1
20/05/2022 21:50,5
20/05/2022 21:45,1
20/05/2022 21:45,3
20/05/2022 21:43,3
20/05/2022 21:43,3
20/05/2022 21:37,1
20/05/2022 21:36,5
20/05/2022 21:32,3
20/05/2022 21:27,5
20/05/2022 21:22,5
20/05/2022 21:21,1
20/05/2022 21:18,1
20/05/2022 21:18,4
20/05/2022 21:15,1
20/05/2022 21:14,1
20/05/2022 21:13,4
20/05/2022 21:06,1
20/05/2022 21:01,1
20/05/2022 20:52,5
20/05/2022 20:41,5
20/05/2022 20:35,3
20/05/2022 20:33,3
20/05/2022 20:33,2
20/05/2022 20:24,1
20/05/2022 20:18,2
20/05/2022 20:15,5
20/05/2022 20:14,5
20/05/2022 20:12,5
20/05/2022 20:07,1
20/05/2022 20:00,4
20/05/2022 19:46,1
20/05/2022 19:42,2
20/05/2022 19:39,4
20/05/2022 19:35,5
20/05/2022 19:22,5
20/05/2022 19:21,2
20/05/2022 19:18,5
20/05/2022 19:14,1
20/05/2022 19:14,5
20/05/2022 19:13,1
20/05/2022 19:13,5
20/05/2022 19:12,5
20/05/2022 19:12,2
20/05/2022 19:11,5
20/05/2022 19:05,3
20/05/2022 19:03,4
20/05/2022 19:01,5
20/05/2022 19:00,5
20/05/2022 18:57,5
20/05/2022 18:56,4
20/05/2022 18:55,5
20/05/2022 18:51,1
20/05/2022 18:50,5
20/05/2022 18:43,5
20/05/2022 18:36,5
20/05/2022 18:33,5
20/05/2022 18:21,3
20/05/2022 18:14,5
20/05/2022 18:14,5
20/05/2022 18:13,5
20/05/2022 18:09,4
20/05/2022 18:05,5
20/05/2022 18:00,5
20/05/2022 17:51,5
20/05/2022 17:51,5
20/05/2022 17:50,5
20/05/2022 17:48,2
20/05/2022 17:47,1
20/05/2022 17:45,2
20/05/2022 17:39,3
20/05/2022 17:27,4
20/05/2022 17:21,1
20/05/2022 17:12,1
20/05/2022 17:09,2
20/05/2022 17:08,5
20/05/2022 17:06,5
20/05/2022 16:59,1
20/05/2022 16:56,5
20/05/2022 16:54,5
20/05/2022 16:50,1
20/05/2022 16:50,5
20/05/2022 16:50,5
20/05/2022 16:50,2
20/05/2022 16:48,5
20/05/2022 16:43,5
20/05/2022 16:40,1
20/05/2022 16:36,5
20/05/2022 16:35,3
20/05/2022 16:24,4
20/05/2022 16:19,4
20/05/2022 16:19,1
20/05/2022 16:16,5
20/05/2022 16:07,1
20/05/2022 16:07,1
20/05/2022 16:07,5
20/05/2022 15:56,4
20/05/2022 15:54,5
20/05/2022 15:52,1
20/05/2022 15:50,1
20/05/2022 15:47,5
20/05/2022 15:41,5
20/05/2022 15:34,5
20/05/2022 15:29,1
20/05/2022 15:23,4
20/05/2022 15:22,4
20/05/2022 15:17,3
20/05/2022 15:15,2
20/05/2022 15:14,1
20/05/2022 15:00,5
20/05/2022 14:51,5
20/05/2022 14:42,1
20/05/2022 14:40,1
20/05/2022 14:38,5
20/05/2022 14:36,3
20/05/2022 14:36,5
20/05/2022 14:33,2
20/05/2022 14:31,4
20/05/2022 14:25,1
20/05/2022 14:24,1
20/05/2022 14:15,2
20/05/2022 14:14,5
20/05/2022 14:11,2
20/05/2022 14:10,3
20/05/2022 13:57,1
20/05/2022 13:56,3
20/05/2022 13:43,5
20/05/2022 13:40,4
20/05/2022 13:26,1
20/05/2022 13:15,1
20/05/2022 13:13,3
20/05/2022 13:11,4
20/05/2022 13:06,1
20/05/2022 13:06,2
20/05/2022 13:01,1
20/05/2022 12:53,4
20/05/2022 12:52,1
20/05/2022 12:40,3
20/05/2022 12:37,1
20/05/2022 12:34,5
20/05/2022 12:33,5
20/05/2022 12:30,1
20/05/2022 12:23,4
20/05/2022 12:18,4
20/05/2022 12:08,4
20/05/2022 12:02,5
20/05/2022 12:01,5
20/05/2022 11:58,4
20/05/2022 11:50,4
20/05/2022 11:47,5
20/05/2022 11:45,5
20/05/2022 11:45,5
20/05/2022 11:44,4
20/05/2022 11:42,5
20/05/2022 11:40,3
20/05/2022 11:38,3
20/05/2022 11:38,3
20/05/2022 11:25,1
20/05/2022 11:19,4
20/05/2022 11:14,5
20/05/2022 11:13,4
20/05/2022 11:08,4
20/05/2022 10:57,1
20/05/2022 10:54,4
20/05/2022 10:53,5
20/05/2022 10:53,1
20/05/2022 10:45,5
20/05/2022 10:30,1
20/05/2022 10:27,5
20/05/2022 10:24,5
20/05/2022 10:20,5
20/05/2022 10:11,1
20/05/2022 10:10,1
20/05/2022 10:06,5
20/05/2022 10:01,4
20/05/2022 10:01,2
20/05/2022 09:59,5
20/05/2022 09:55,3
20/05/2022 09:52,1
20/05/2022 09:51,5
20/05/2022 09:44,5
20/05/2022 09:39,1
20/05/2022 09:38,4
20/05/2022 09:20,2
20/05/2022 09:08,5
20/05/2022 09:00,5
20/05/2022 08:55,1
20/05/2022 08:46,1
20/05/2022 08:46,5
20/05/2022 08:43,4
20/05/2022 08:28,2
20/05/2022 08:19,2
20/05/2022 08:14,5
20/05/2022 08:11,2
20/05/2022 08:06,1
20/05/2022 08:04,1
20/05/2022 07:58,4
20/05/2022 07:38,5
20/05/2022 07:37,5
20/05/2022 07:31,5
20/05/2022 07:29,1
20/05/2022 07:22,5
20/05/2022 07:19,5
20/05/2022 07:14,5
20/05/2022 07:10,1
20/05/2022 06:51,4
20/05/2022 06:49,3
20/05/2022 06:38,5
20/05/2022 06:32,1
20/05/2022 06:13,5
20/05/2022 06:12,1
20/05/2022 06:09,4
20/05/2022 05:57,5
20/05/2022 05:54,5
20/05/2022 05:53,4
20/05/2022 05:53,1
20/05/2022 05:45,5
20/05/2022 05:43,3
20/05/2022 05:42,5
20/05/2022 05:38,2
20/05/2022 05:35,1
20/05/2022 05:25,4
20/05/2022 05:17,3
20/05/2022 05:12,2
20/05/2022 05:11,3
20/05/2022 04:58,5
20/05/2022 04:56,5
20/05/2022 04:55,5
20/05/2022 04:52,5
20/05/2022 04:44,4
20/05/2022 04:44,1
20/05/2022 04:42,5
20/05/2022 04:42,3
20/05/2022 04:41,1
20/05/2022 04:35,4
20/05/2022 04:29,3
20/05/2022 04:04,5
20/05/2022 04:03,3
20/05/2022 04:02,2
20/05/2022 03:58,1
20/05/2022 03:58,2
20/05/2022 03:58,4
20/05/2022 03:58,5
20/05/2022 03:55,5
20/05/2022 03:55,4
20/05/2022 03:52,5
20/05/2022 03:41,1
20/05/2022 03:33,4
20/05/2022 03:31,1
20/05/2022 03:30,5
20/05/2022 03:27,1
20/05/2022 03:24,1
20/05/2022 03:19,4
20/05/2022 03:14,2
20/05/2022 03:13,5
20/05/2022 03:12,5
20/05/2022 03:06,1
20/05/2022 03:04,2
20/05/2022 03:03,1
20/05/2022 03:01,1
20/05/2022 02:47,5
20/05/2022 02:44,3
20/05/2022 02:37,4
20/05/2022 02:30,4
20/05/2022 02:29,1
20/05/2022 02:26,5
20/05/2022 02:13,5
20/05/2022 02:13,5
20/05/2022 02:11,1
20/05/2022 02:09,1
20/05/2022 02:09,5
20/05/2022 02:07,1
20/05/2022 02:06,2
20/05/2022 02:00,1
20/05/2022 01:55,1
20/05/2022 01:54,5
20/05/2022 01:54,5
20/05/2022 01:46,3
20/05/2022 01:45,1
20/05/2022 01:43,5
20/05/2022 01:41,4
20/05/2022 01:40,5
20/05/2022 01:36,1
20/05/2022 01:33,4
20/05/2022 01:26,5
20/05/2022 01:23,2
20/05/2022 01:20,5
20/05/2022 01:12,4
20/05/2022 01:10,1
20/05/2022 01:02,5
20/05/2022 00:54,1
20/05/2022 00:50,3
20/05/2022 00:48,1
20/05/2022 00:47,5
20/05/2022 00:44,1
20/05/2022 00:41,2
20/05/2022 00:40,5
20/05/2022 00:32,1
20/05/2022 00:21,4
20/05/2022 00:15,2
20/05/2022 00:09,5
20/05/2022 00:03,5
20/05/2022 00:02,3
19/05/2022 23:53,5
19/05/2022 23:41,5
19/05/2022 23:34,5
19/05/2022 23:19,5
19/05/2022 23:14,1
19/05/2022 23:12,5
19/05/2022 23:10,1
19/05/2022 23:08,2
19/05/2022 23:05,1
19/05/2022 23:03,5
19/05/2022 23:02,5
19/05/2022 22:56,5
19/05/2022 22:52,4
19/05/2022 22:52,5
19/05/2022 22:48,3
19/05/2022 22:48,5
19/05/2022 22:45,3
19/05/2022 22:36,5
19/05/2022 22:36,2
19/05/2022 22:32,5
19/05/2022 22:30,5
19/05/2022 22:16,2
19/05/2022 22:10,1
19/05/2022 22:05,5
19/05/2022 22:03,4
19/05/2022 21:57,1
19/05/2022 21:56,5
19/05/2022 21:54,5
19/05/2022 21:53,4
19/05/2022 21:50,5
19/05/2022 21:47,5
19/05/2022 21:45,1
19/05/2022 21:40,1
19/05/2022 21:31,4
19/05/2022 21:31,5
19/05/2022 21:30,1
19/05/2022 21:29,5
19/05/2022 21:29,1
19/05/2022 21:28,5
19/05/2022 21:26,5
19/05/2022 21:14,2
19/05/2022 21:12,5
19/05/2022 21:11,1
19/05/2022 21:10,5
19/05/2022 21:08,1
19/05/2022 20:43,3
19/05/2022 20:36,5
19/05/2022 20:35,1
19/05/2022 20:33,1
19/05/2022 20:33,4
19/05/2022 20:33,1
19/05/2022 20:32,5
19/05/2022 20:25,5
19/05/2022 20:24,5
19/05/2022 20:16,5
19/05/2022 20:12,5
19/05/2022 20:11,1
19/05/2022 20:09,5
19/05/2022 20:08,4
19/05/2022 20:08,2
19/05/2022 20:07,3
19/05/2022 19:59,5
19/05/2022 19:58,3
19/05/2022 19:55,4
19/05/2022 19:53,5
19/05/2022 19:49,1
19/05/2022 19:39,5
19/05/2022 19:37,1
19/05/2022 19:33,4
19/05/2022 19:28,4
19/05/2022 19:24,4
19/05/2022 19:21,5
19/05/2022 19:20,4
19/05/2022 19:19,4
19/05/2022 19:16,1
19/05/2022 19:13,2
19/05/2022 19:12,1
19/05/2022 19:11,4
19/05/2022 19:09,5
19/05/2022 18:59,5
19/05/2022 18:58,3
19/05/2022 18:53,4
19/05/2022 18:49,5
19/05/2022 18:45,2
19/05/2022 18:44,5
19/05/2022 18:44,1
19/05/2022 18:39,4
19/05/2022 18:39,5
19/05/2022 18:32,5
19/05/2022 18:27,5
19/05/2022 18:11,1
19/05/2022 18:11,1
19/05/2022 18:10,2
19/05/2022 18:07,5
19/05/2022 18:04,5
19/05/2022 18:01,1
19/05/2022 17:58,1
19/05/2022 17:57,4
19/05/2022 17:56,5
19/05/2022 17:52,3
19/05/2022 17:52,1
19/05/2022 17:40,5
19/05/2022 17:36,3
19/05/2022 17:30,5
19/05/2022 17:29,5
19/05/2022 17:23,3
19/05/2022 17:22,5
19/05/2022 17:20,5
19/05/2022 17:19,3
19/05/2022 17:03,5
19/05/2022 17:03,5
19/05/2022 17:01,5
19/05/2022 17:01,2
19/05/2022 17:01,5
19/05/2022 16:58,5
19/05/2022 16:57,2
19/05/2022 16:50,1
19/05/2022 16:49,5
19/05/2022 16:46,4
19/05/2022 16:42,5
19/05/2022 16:39,3
19/05/2022 16:38,2
19/05/2022 16:38,4
19/05/2022 16:24,5
19/05/2022 16:21,5
19/05/2022 16:17,5
19/05/2022 16:17,1
19/05/2022 16:07,5
19/05/2022 15:59,5
19/05/2022 15:58,1
19/05/2022 15:53,5
19/05/2022 15:51,5
19/05/2022 15:50,5
19/05/2022 15:48,4
19/05/2022 15:41,5
19/05/2022 15:40,1
19/05/2022 15:38,5
19/05/2022 15:37,3
19/05/2022 15:34,4
19/05/2022 15:20,1
19/05/2022 15:17,1
19/05/2022 15:12,2
19/05/2022 15:07,2
19/05/2022 15:07,1
19/05/2022 14:58,5
19/05/2022 14:56,5
19/05/2022 14:54,3
19/05/2022 14:39,1
19/05/2022 14:39,5
19/05/2022 14:39,4
19/05/2022 14:33,2
19/05/2022 14:31,5
19/05/2022 14:29,1
19/05/2022 14:29,5
19/05/2022 14:29,4
19/05/2022 14:25,1
19/05/2022 14:24,1
19/05/2022 14:16,5
19/05/2022 14:11,5
19/05/2022 14:03,1
19/05/2022 14:02,5
19/05/2022 14:01,1
19/05/2022 14:01,5
19/05/2022 14:00,5
19/05/2022 13:48,1
19/05/2022 13:41,1
19/05/2022 13:38,1
19/05/2022 13:38,2
19/05/2022 13:34,5
19/05/2022 13:34,5
19/05/2022 13:30,5
19/05/2022 13:29,5
19/05/2022 13:24,5
19/05/2022 13:16,4
19/05/2022 13:15,2
19/05/2022 13:11,2
19/05/2022 13:10,5
19/05/2022 13:10,1
19/05/2022 13:04,1
19/05/2022 13:01,3
19/05/2022 13:00,5
19/05/2022 12:58,3
19/05/2022 12:56,1
19/05/2022 12:51,3
19/05/2022 12:50,5
19/05/2022 12:50,4
19/05/2022 12:43,4
19/05/2022 12:39,4
19/05/2022 12:38,3
19/05/2022 12:36,2
19/05/2022 12:23,4
19/05/2022 12:21,4
19/05/2022 12:21,2
19/05/2022 12:19,2
19/05/2022 12:19,5
19/05/2022 12:15,1
19/05/2022 12:13,1
19/05/2022 12:13,1
19/05/2022 12:10,3
19/05/2022 12:05,2
19/05/2022 12:03,5
19/05/2022 11:52,5
19/05/2022 11:45,1
19/05/2022 11:45,3
19/05/2022 11:37,5
19/05/2022 11:35,3
19/05/2022 11:32,1
19/05/2022 11:31,5
19/05/2022 11:30,5
19/05/2022 11:13,1
19/05/2022 11:11,5
19/05/2022 11:00,2
19/05/2022 10:58,5
19/05/2022 10:55,5
19/05/2022 10:54,5
19/05/2022 10:48,3
19/05/2022 10:37,4
19/05/2022 10:29,1
19/05/2022 10:23,5
19/05/2022 10:09,4
19/05/2022 10:07,4
19/05/2022 10:05,2
19/05/2022 10:03,5
19/05/2022 09:49,1
19/05/2022 09:49,2
19/05/2022 09:44,4
19/05/2022 09:32,4
19/05/2022 09:30,1
19/05/2022 09:28,5
19/05/2022 09:25,5
19/05/2022 09:23,1
19/05/2022 09:17,5
19/05/2022 09:11,5
19/05/2022 09:09,3
19/05/2022 09:08,3
19/05/2022 09:08,5
19/05/2022 09:04,5
19/05/2022 09:00,1
19/05/2022 08:51,2
19/05/2022 08:48,4
19/05/2022 08:45,4
19/05/2022 08:45,3
19/05/2022 08:44,5
19/05/2022 08:41,5
19/05/2022 08:23,5
19/05/2022 08:14,4
19/05/2022 08:11,1
19/05/2022 08:01,4
19/05/2022 08:00,3
19/05/2022 07:50,5
19/05/2022 07:42,1
19/05/2022 07:32,4
19/05/2022 07:30,5
19/05/2022 07:29,5
19/05/2022 07:16,5
19/05/2022 07:10,1
19/05/2022 06:58,1
19/05/2022 06:42,1
19/05/2022 06:41,1
19/05/2022 06:37,1
19/05/2022 06:25,3
19/05/2022 06:20,1
19/05/2022 06:07,4
19/05/2022 06:07,5
19/05/2022 05:58,1
19/05/2022 05:54,4
19/05/2022 05:53,2
19/05/2022 05:53,4
19/05/2022 05:52,5
19/05/2022 05:39,2
19/05/2022 05:23,2
19/05/2022 05:15,5
19/05/2022 05:01,2
19/05/2022 05:00,4
19/05/2022 04:47,1
19/05/2022 04:32,1
19/05/2022 04:22,3
19/05/2022 04:22,1
19/05/2022 04:18,3
19/05/2022 04:09,5
19/05/2022 03:57,4
19/05/2022 03:41,2
19/05/2022 03:37,1
19/05/2022 03:34,5
19/05/2022 03:31,5
19/05/2022 03:28,5
19/05/2022 03:28,3
19/05/2022 03:24,5
19/05/2022 03:17,5
19/05/2022 03:10,5
19/05/2022 03:06,5
19/05/2022 03:00,1
19/05/2022 02:54,2
19/05/2022 02:51,5
19/05/2022 02:50,5
19/05/2022 02:50,1
19/05/2022 02:46,4
19/05/2022 02:38,4
19/05/2022 02:29,2
19/05/2022 02:22,3
19/05/2022 02:12,3
19/05/2022 02:12,4
19/05/2022 02:11,2
19/05/2022 02:08,1
19/05/2022 02:04,5
19/05/2022 01:54,5
19/05/2022 01:50,1
19/05/2022 01:50,5
19/05/2022 01:50,5
19/05/2022 01:48,1
19/05/2022 01:46,3
19/05/2022 01:33,5
19/05/2022 01:31,3
19/05/2022 01:27,5
19/05/2022 01:26,5
19/05/2022 01:22,1
19/05/2022 01:22,1
19/05/2022 01:15,1
19/05/2022 01:13,5
19/05/2022 01:11,5
19/05/2022 01:11,5
19/05/2022 01:07,5
19/05/2022 01:07,5
19/05/2022 01:07,5
19/05/2022 01:03,1
19/05/2022 00:48,2
19/05/2022 00:45,5
19/05/2022 00:43,1
19/05/2022 00:32,5
19/05/2022 00:25,3
19/05/2022 00:21,1
19/05/2022 00:17,2
19/05/2022 00:16,1
19/05/2022 00:15,4
19/05/2022 00:10,5
19/05/2022 00:07,2
19/05/2022 00:04,2
19/05/2022 00:00,4
18/05/2022 23:52,1
18/05/2022 23:50,5
18/05/2022 23:46,2
18/05/2022 23:39,5
18/05/2022 23:35,5
18/05/2022 23:30,3
18/05/2022 23:30,5
18/05/2022 23:21,1
18/05/2022 23:20,5
18/05/2022 23:18,5
18/05/2022 23:14,4
18/05/2022 23:04,3
18/05/2022 22:56,5
18/05/2022 22:52,5
18/05/2022 22:50,5
18/05/2022 22:46,5
18/05/2022 22:40,5
18/05/2022 22:36,5
18/05/2022 22:30,5
18/05/2022 22:28,5
18/05/2022 22:26,1
18/05/2022 22:26,5
18/05/2022 22:21,2
18/05/2022 22:15,1
18/05/2022 22:13,2
18/05/2022 22:02,5
18/05/2022 21:58,2
18/05/2022 21:42,5
18/05/2022 21:37,4
18/05/2022 21:37,2
18/05/2022 21:32,3
18/05/2022 21:30,5
18/05/2022 21:19,5
18/05/2022 21:17,3
18/05/2022 21:10,5
18/05/2022 21:09,1
18/05/2022 21:06,1
18/05/2022 21:00,1
18/05/2022 20:59,1
18/05/2022 20:58,4
18/05/2022 20:57,1
18/05/2022 20:56,3
18/05/2022 20:56,1
18/05/2022 20:55,4
18/05/2022 20:54,5
18/05/2022 20:53,5
18/05/2022 20:51,3
18/05/2022 20:41,1
18/05/2022 20:39,3
18/05/2022 20:34,5
18/05/2022 20:31,1
18/05/2022 20:29,1
18/05/2022 20:29,5
18/05/2022 20:29,5
18/05/2022 20:27,2
18/05/2022 20:24,5
18/05/2022 20:24,5
18/05/2022 20:18,5
18/05/2022 20:16,1
18/05/2022 20:15,1
18/05/2022 20:11,5
18/05/2022 20:04,5
18/05/2022 19:55,2
18/05/2022 19:54,5
18/05/2022 19:54,5
18/05/2022 19:50,2
18/05/2022 19:49,1
18/05/2022 19:47,1
18/05/2022 19:36,5
18/05/2022 19:36,4
18/05/2022 19:29,5
18/05/2022 19:21,1
18/05/2022 19:20,3
18/05/2022 19:08,4
18/05/2022 18:58,4
18/05/2022 18:49,5
18/05/2022 18:49,5
18/05/2022 18:47,1
18/05/2022 18:46,1
18/05/2022 18:42,3
18/05/2022 18:36,3
18/05/2022 18:34,5
18/05/2022 18:32,4
18/05/2022 18:29,3
18/05/2022 18:16,5
18/05/2022 18:10,3
18/05/2022 18:08,5
18/05/2022 18:01,1
18/05/2022 17:59,4
18/05/2022 17:57,3
18/05/2022 17:55,5
18/05/2022 17:54,4
18/05/2022 17:52,5
18/05/2022 17:46,1
18/05/2022 17:46,5
18/05/2022 17:43,5
18/05/2022 17:42,1
18/05/2022 17:40,2
18/05/2022 17:29,1
18/05/2022 17:29,4
18/05/2022 17:27,1
18/05/2022 17:26,5
18/05/2022 17:24,5
18/05/2022 17:24,1
18/05/2022 17:23,5
18/05/2022 17:11,2
18/05/2022 17:04,4
18/05/2022 17:03,3
18/05/2022 17:02,3
18/05/2022 16:57,1
18/05/2022 16:55,1
18/05/2022 16:52,5
18/05/2022 16:50,5
18/05/2022 16:45,1
18/05/2022 16:44,4
18/05/2022 16:42,1
18/05/2022 16:39,1
18/05/2022 16:39,1
18/05/2022 16:36,5
18/05/2022 16:36,3
18/05/2022 16:35,1
18/05/2022 16:33,4
18/05/2022 16:32,2
18/05/2022 16:28,1
18/05/2022 16:28,3
18/05/2022 16:25,5
18/05/2022 16:24,4
18/05/2022 16:24,5
18/05/2022 16:23,2
18/05/2022 16:19,4
18/05/2022 16:18,1
18/05/2022 16:11,1
18/05/2022 16:08,5
18/05/2022 16:01,1
18/05/2022 15:54,5
18/05/2022 15:53,3
18/05/2022 15:52,5
18/05/2022 15:51,5
18/05/2022 15:45,1
18/05/2022 15:44,5
18/05/2022 15:41,5
18/05/2022 15:40,1
18/05/2022 15:38,1
18/05/2022 15:38,5
18/05/2022 15:37,4
18/05/2022 15:36,5
18/05/2022 15:34,1
18/05/2022 15:30,5
18/05/2022 15:28,5
18/05/2022 15:21,2
18/05/2022 15:20,5
18/05/2022 15:19,5
18/05/2022 15:07,1
18/05/2022 15:00,5
18/05/2022 14:59,1
18/05/2022 14:58,1
18/05/2022 14:53,1
18/05/2022 14:47,1
18/05/2022 14:43,1
18/05/2022 14:41,1
18/05/2022 14:37,5
18/05/2022 14:35,1
18/05/2022 14:30,2
18/05/2022 14:28,5
18/05/2022 14:27,5
18/05/2022 14:22,4
18/05/2022 14:22,1
18/05/2022 14:14,1
18/05/2022 14:14,1
18/05/2022 14:12,2
18/05/2022 14:11,3
18/05/2022 14:09,5
18/05/2022 14:07,2
18/05/2022 14:04,5
18/05/2022 14:03,4
18/05/2022 14:03,3
18/05/2022 14:01,1
18/05/2022 13:58,5
18/05/2022 13:56,5
18/05/2022 13:56,5
18/05/2022 13:53,1
18/05/2022 13:52,5
18/05/2022 13:47,1
18/05/2022 13:46,4
18/05/2022 13:40,5
18/05/2022 13:39,3
18/05/2022 13:37,5
18/05/2022 13:36,2
18/05/2022 13:25,4
18/05/2022 13:19,5
18/05/2022 13:18,1
18/05/2022 13:18,5
18/05/2022 13:00,1
18/05/2022 12:50,5
18/05/2022 12:44,1
18/05/2022 12:43,5
18/05/2022 12:39,1
18/05/2022 12:29,5
18/05/2022 12:23,1
18/05/2022 12:21,5
18/05/2022 12:17,4
18/05/2022 12:11,2
18/05/2022 12:10,3
18/05/2022 12:08,2
18/05/2022 12:06,2
18/05/2022 12:05,1
18/05/2022 12:04,1
18/05/2022 12:00,1
18/05/2022 11:54,5
18/05/2022 11:49,1
18/05/2022 11:46,5
18/05/2022 11:43,1
18/05/2022 11:39,2
18/05/2022 11:38,3
18/05/2022 11:38,3
18/05/2022 11:33,5
18/05/2022 11:33,3
18/05/2022 11:31,1
18/05/2022 11:24,5
18/05/2022 11:22,5
18/05/2022 11:21,3
18/05/2022 11:16,1
18/05/2022 11:03,5
18/05/2022 11:02,2
18/05/2022 11:01,1
18/05/2022 11:00,5
18/05/2022 11:00,5
18/05/2022 10:58,4
18/05/2022 10:57,4
18/05/2022 10:55,5
18/05/2022 10:49,1
18/05/2022 10:44,5
18/05/2022 10:35,5
18/05/2022 10:34,5
18/05/2022 10:32,4
18/05/2022 10:30,2
18/05/2022 10:10,5
18/05/2022 10:10,5
18/05/2022 10:09,3
18/05/2022 10:00,4
18/05/2022 09:58,5
18/05/2022 09:57,5
18/05/2022 09:55,5
18/05/2022 09:49,1
18/05/2022 09:40,5
18/05/2022 09:39,5
18/05/2022 09:38,5
18/05/2022 09:30,3
18/05/2022 09:30,5
18/05/2022 09:26,2
18/05/2022 09:18,4
18/05/2022 09:11,1
18/05/2022 09:10,1
18/05/2022 09:04,5
18/05/2022 08:41,5
18/05/2022 08:30,5
18/05/2022 08:29,5
18/05/2022 08:28,5
18/05/2022 08:26,5
18/05/2022 08:07,1
18/05/2022 08:07,1
18/05/2022 08:00,1
18/05/2022 08:00,4
18/05/2022 07:58,1
18/05/2022 07:47,5
18/05/2022 07:34,5
18/05/2022 07:25,2
18/05/2022 07:23,5
18/05/2022 07:12,2
18/05/2022 07:11,1
18/05/2022 07:11,4
18/05/2022 07:08,5
18/05/2022 07:06,3
18/05/2022 07:04,2
18/05/2022 07:03,1
18/05/2022 07:02,1
18/05/2022 06:58,1
18/05/2022 06:52,1
18/05/2022 06:44,1
18/05/2022 06:42,4
18/05/2022 06:34,1
18/05/2022 06:23,2
18/05/2022 06:11,2
18/05/2022 06:09,5
18/05/2022 05:57,5
18/05/2022 05:38,1
18/05/2022 05:37,4
18/05/2022 05:33,4
18/05/2022 05:32,2
18/05/2022 05:27,5
18/05/2022 05:26,1
18/05/2022 05:25,3
18/05/2022 05:21,1
18/05/2022 05:16,5
18/05/2022 05:16,2
18/05/2022 05:08,5
18/05/2022 05:06,1
18/05/2022 05:04,1
18/05/2022 05:01,5
18/05/2022 04:59,3
18/05/2022 04:55,2
18/05/2022 04:53,5
18/05/2022 04:51,2
18/05/2022 04:29,4
18/05/2022 04:20,3
18/05/2022 04:19,4
18/05/2022 04:11,2
18/05/2022 04:01,2
18/05/2022 03:58,4
18/05/2022 03:44,2
18/05/2022 03:39,4
18/05/2022 03:37,4
18/05/2022 03:23,3
18/05/2022 03:02,1
18/05/2022 03:02,3
18/05/2022 03:01,2
18/05/2022 03:01,1
18/05/2022 03:00,5
18/05/2022 03:00,5
18/05/2022 02:53,4
18/05/2022 02:50,1
18/05/2022 02:49,1
18/05/2022 02:48,5
18/05/2022 02:41,1
18/05/2022 02:38,5
18/05/2022 02:38,3
18/05/2022 02:37,2
18/05/2022 02:37,5
18/05/2022 02:34,1
18/05/2022 02:30,5
18/05/2022 02:29,3
18/05/2022 02:20,5
18/05/2022 02:12,5
18/05/2022 02:09,1
18/05/2022 02:08,5
18/05/2022 02:05,1
18/05/2022 01:34,5
18/05/2022 01:32,3
18/05/2022 01:31,5
18/05/2022 01:14,5
18/05/2022 01:12,5
18/05/2022 01:10,1
18/05/2022 01:02,3
18/05/2022 01:01,5
18/05/2022 00:59,5
18/05/2022 00:51,4
18/05/2022 00:51,5
18/05/2022 00:48,1
18/05/2022 00:40,1
18/05/2022 00:36,1
18/05/2022 00:32,4
18/05/2022 00:31,5
18/05/2022 00:22,4
18/05/2022 00:20,4
18/05/2022 00:19,2
18/05/2022 00:00,2
17/05/2022 23:58,1
17/05/2022 23:45,2
17/05/2022 23:37,5
17/05/2022 23:18,1
17/05/2022 23:18,4
17/05/2022 23:11,5
17/05/2022 23:08,1
17/05/2022 23:07,4
17/05/2022 23:00,1
17/05/2022 22:55,3
17/05/2022 22:46,5
17/05/2022 22:45,5
17/05/2022 22:38,1
17/05/2022 22:38,1
17/05/2022 22:29,1
17/05/2022 22:24,5
17/05/2022 22:19,4
17/05/2022 22:15,1
17/05/2022 22:08,3
17/05/2022 22:01,4
17/05/2022 22:00,3
17/05/2022 21:57,5
17/05/2022 21:51,5
17/05/2022 21:51,5
17/05/2022 21:50,5
17/05/2022 21:45,2
17/05/2022 21:44,5
17/05/2022 21:43,3
17/05/2022 21:36,1
17/05/2022 21:34,5
17/05/2022 21:33,3
17/05/2022 21:29,3
17/05/2022 21:29,5
17/05/2022 21:26,5
17/05/2022 21:15,4
17/05/2022 21:14,5
17/05/2022 21:00,1
17/05/2022 20:59,5
17/05/2022 20:57,5
17/05/2022 20:57,2
17/05/2022 20:56,5
17/05/2022 20:39,5
17/05/2022 20:36,5
17/05/2022 20:35,5
17/05/2022 20:33,5
17/05/2022 20:33,5
17/05/2022 20:32,5
17/05/2022 20:31,5
17/05/2022 20:26,4
17/05/2022 20:26,4
17/05/2022 20:24,5
17/05/2022 20:22,1
17/05/2022 20:14,3
17/05/2022 20:07,5
17/05/2022 20:06,5
17/05/2022 19:57,4
17/05/2022 19:56,5
17/05/2022 19:46,2
17/05/2022 19:45,5
17/05/2022 19:44,1
17/05/2022 19:41,3
17/05/2022 19:39,5
17/05/2022 19:38,5
17/05/2022 19:37,4
17/05/2022 19:33,1
17/05/2022 19:32,1
17/05/2022 19:22,5
17/05/2022 19:17,1
17/05/2022 19:14,1
17/05/2022 19:13,2
17/05/2022 19:08,3
17/05/2022 19:06,1
17/05/2022 19:06,3
17/05/2022 19:05,5
17/05/2022 19:05,5
17/05/2022 18:55,5
17/05/2022 18:43,5
17/05/2022 18:37,5
17/05/2022 18:32,5
17/05/2022 18:24,5
17/05/2022 18:24,5
17/05/2022 18:17,3
17/05/2022 18:16,5
17/05/2022 18:13,1
17/05/2022 17:42,5
17/05/2022 17:41,1
17/05/2022 17:40,5
17/05/2022 17:33,1
17/05/2022 17:32,2
17/05/2022 17:32,1
17/05/2022 17:30,5
17/05/2022 17:23,3
17/05/2022 17:22,1
17/05/2022 17:22,5
17/05/2022 17:20,3
17/05/2022 17:17,2
17/05/2022 17:12,5
17/05/2022 17:09,1
17/05/2022 17:01,5
17/05/2022 16:59,5
17/05/2022 16:58,1
17/05/2022 16:51,2
17/05/2022 16:50,2
17/05/2022 16:49,5
17/05/2022 16:44,3
17/05/2022 16:41,4
17/05/2022 16:41,2
17/05/2022 16:41,5
17/05/2022 16:37,5
17/05/2022 16:32,5
17/05/2022 16:31,2
17/05/2022 16:29,5
17/05/2022 16:21,5
17/05/2022 16:17,2
17/05/2022 16:16,5
17/05/2022 16:04,5
17/05/2022 15:57,1
17/05/2022 15:49,3
17/05/2022 15:49,5
17/05/2022 15:46,5
17/05/2022 15:45,1
17/05/2022 15:38,1
17/05/2022 15:38,5
17/05/2022 15:33,1
17/05/2022 15:32,5
17/05/2022 15:26,1
17/05/2022 15:24,2
17/05/2022 15:23,5
17/05/2022 15:23,5
17/05/2022 15:21,1
17/05/2022 15:19,5
17/05/2022 15:15,3
17/05/2022 15:15,1
17/05/2022 15:14,5
17/05/2022 15:07,5
17/05/2022 15:05,3
17/05/2022 15:01,5
17/05/2022 15:01,2
17/05/2022 14:55,3
17/05/2022 14:55,4
17/05/2022 14:55,1
17/05/2022 14:54,5
17/05/2022 14:51,5
17/05/2022 14:51,1
17/05/2022 14:48,5
17/05/2022 14:46,4
17/05/2022 14:43,5
17/05/2022 14:41,5
17/05/2022 14:41,1
17/05/2022 14:27,5
17/05/2022 14:25,2
17/05/2022 14:24,1
17/05/2022 14:14,2
17/05/2022 14:14,1
17/05/2022 14:09,5
17/05/2022 14:07,4
17/05/2022 14:04,5
17/05/2022 14:02,1
17/05/2022 14:00,5
17/05/2022 13:53,4
17/05/2022 13:51,4
17/05/2022 13:51,1
17/05/2022 13:49,5
17/05/2022 13:49,5
17/05/2022 13:45,5
17/05/2022 13:28,5
17/05/2022 13:26,2
17/05/2022 13:26,5
17/05/2022 13:19,5
17/05/2022 13:19,1
17/05/2022 13:17,5
17/05/2022 13:12,5
17/05/2022 13:11,3
17/05/2022 13:02,5
17/05/2022 13:01,1
17/05/2022 12:46,1
17/05/2022 12:43,5
17/05/2022 12:42,1
17/05/2022 12:42,5
17/05/2022 12:41,1
17/05/2022 12:40,1
17/05/2022 12:38,2
17/05/2022 12:35,1
17/05/2022 12:34,5
17/05/2022 12:34,1
17/05/2022 12:33,4
17/05/2022 12:22,5
17/05/2022 12:16,3
17/05/2022 12:15,1
17/05/2022 12:13,5
17/05/2022 12:11,5
17/05/2022 12:05,5
17/05/2022 12:02,5
17/05/2022 11:59,2
17/05/2022 11:52,5
17/05/2022 11:48,5
17/05/2022 11:33,1
17/05/2022 11:32,5
17/05/2022 11:25,4
17/05/2022 11:18,2
17/05/2022 11:02,5
17/05/2022 10:53,4
17/05/2022 10:52,2
17/05/2022 10:51,4
17/05/2022 10:49,1
17/05/2022 10:38,5
17/05/2022 10:37,1
17/05/2022 10:32,1
17/05/2022 10:30,1
17/05/2022 10:25,4
17/05/2022 10:19,5
17/05/2022 10:12,1
17/05/2022 10:12,5
17/05/2022 10:07,1
17/05/2022 09:58,5
17/05/2022 09:57,1
17/05/2022 09:56,4
17/05/2022 09:55,1
17/05/2022 09:47,2
17/05/2022 09:28,4
17/05/2022 09:25,5
17/05/2022 09:21,5
17/05/2022 09:19,3
17/05/2022 09:15,1
17/05/2022 09:06,5
17/05/2022 09:03,5
17/05/2022 08:47,2
17/05/2022 08:39,5
17/05/2022 08:35,4
17/05/2022 08:34,5
17/05/2022 08:32,5
17/05/2022 08:31,2
17/05/2022 08:27,1
17/05/2022 08:14,1
17/05/2022 08:05,4
17/05/2022 08:05,2
17/05/2022 08:00,1
17/05/2022 07:58,5
17/05/2022 07:53,1
17/05/2022 07:45,3
17/05/2022 07:36,3
17/05/2022 07:35,3
17/05/2022 07:25,4
17/05/2022 07:22,1
17/05/2022 07:21,1
17/05/2022 07:19,3
17/05/2022 07:07,2
17/05/2022 07:05,1
17/05/2022 07:04,3
17/05/2022 07:03,5
17/05/2022 06:55,3
17/05/2022 06:53,4
17/05/2022 06:41,1
17/05/2022 06:34,5
17/05/2022 06:33,1
17/05/2022 06:31,4
17/05/2022 06:27,5
17/05/2022 06:27,5
17/05/2022 06:20,3
17/05/2022 06:15,5
17/05/2022 06:14,5
17/05/2022 06:09,5
17/05/2022 06:07,5
17/05/2022 06:01,5
17/05/2022 05:55,2
17/05/2022 05:53,5
17/05/2022 05:46,3
17/05/2022 05:35,4
17/05/2022 05:29,1
17/05/2022 05:20,5
17/05/2022 05:19,5
17/05/2022 05:18,2
17/05/2022 05:17,2
17/05/2022 05:14,5
17/05/2022 05:14,2
17/05/2022 05:08,5
17/05/2022 05:00,1
17/05/2022 04:53,4
17/05/2022 04:51,1
17/05/2022 04:44,1
17/05/2022 04:38,5
17/05/2022 04:30,5
17/05/2022 04:28,3
17/05/2022 04:28,5
17/05/2022 04:23,5
17/05/2022 04:23,5
17/05/2022 04:12,5
17/05/2022 03:57,5
17/05/2022 03:52,5
17/05/2022 03:49,1
17/05/2022 03:48,5
17/05/2022 03:45,5
17/05/2022 03:45,5
17/05/2022 03:45,5
17/05/2022 03:43,4
17/05/2022 03:39,5
17/05/2022 03:38,5
17/05/2022 03:36,1
17/05/2022 03:29,1
17/05/2022 03:20,5
17/05/2022 03:13,1
17/05/2022 03:07,5
17/05/2022 03:06,5
17/05/2022 03:02,5
17/05/2022 02:58,5
17/05/2022 02:49,4
17/05/2022 02:46,1
17/05/2022 02:29,2
17/05/2022 02:27,4
17/05/2022 02:25,1
17/05/2022 02:14,5
17/05/2022 02:12,1
17/05/2022 02:11,5
17/05/2022 02:00,1
17/05/2022 01:49,5
17/05/2022 01:48,3
17/05/2022 01:47,5
17/05/2022 01:26,2
17/05/2022 01:12,5
17/05/2022 01:09,1
17/05/2022 00:56,1
17/05/2022 00:47,1
17/05/2022 00:44,1
17/05/2022 00:43,4
17/05/2022 00:40,4
17/05/2022 00:30,5
17/05/2022 00:29,3
17/05/2022 00:27,1
17/05/2022 00:20,1
17/05/2022 00:17,5
17/05/2022 00:15,1
17/05/2022 00:12,5
17/05/2022 00:06,3
17/05/2022 00:05,1
17/05/2022 00:04,3
17/05/2022 00:04,3
17/05/2022 00:02,1
17/05/2022 00:01,1
16/05/2022 23:57,4
16/05/2022 23:51,4
16/05/2022 23:47,5
16/05/2022 23:45,2
16/05/2022 23:39,5
16/05/2022 23:36,4
16/05/2022 23:33,1
16/05/2022 23:26,5
16/05/2022 23:20,5
16/05/2022 23:16,5
16/05/2022 23:09,1
16/05/2022 23:05,4
16/05/2022 23:05,5
16/05/2022 23:00,1
16/05/2022 22:59,2
16/05/2022 22:55,1
16/05/2022 22:55,3
16/05/2022 22:54,5
16/05/2022 22:53,2
16/05/2022 22:49,3
16/05/2022 22:44,5
16/05/2022 22:38,2
16/05/2022 22:35,5
16/05/2022 22:34,5
16/05/2022 22:30,3
16/05/2022 22:19,4
16/05/2022 22:12,2
16/05/2022 22:02,3
16/05/2022 22:01,3
16/05/2022 21:50,1
16/05/2022 21:42,3
16/05/2022 21:35,1
16/05/2022 21:34,1
16/05/2022 21:29,3
16/05/2022 21:16,3
16/05/2022 21:13,5
16/05/2022 21:10,5
16/05/2022 21:08,2
16/05/2022 21:05,4
16/05/2022 21:05,2
16/05/2022 20:59,1
16/05/2022 20:52,4
16/05/2022 20:51,5
16/05/2022 20:47,5
16/05/2022 20:39,1
16/05/2022 20:36,5
16/05/2022 20:33,3
16/05/2022 20:32,2
16/05/2022 20:30,4
16/05/2022 20:23,5
16/05/2022 20:14,4
16/05/2022 20:07,1
16/05/2022 20:06,1
16/05/2022 20:05,2
16/05/2022 20:04,5
16/05/2022 19:57,5
16/05/2022 19:52,1
16/05/2022 19:51,3
16/05/2022 19:51,5
16/05/2022 19:42,5
16/05/2022 19:42,3
16/05/2022 19:39,5
16/05/2022 19:25,4
16/05/2022 19:22,4
16/05/2022 19:20,1
16/05/2022 19:20,5
16/05/2022 19:19,3
16/05/2022 19:17,4
16/05/2022 19:15,5
16/05/2022 19:13,1
16/05/2022 19:08,5
16/05/2022 19:06,5
16/05/2022 19:01,1
16/05/2022 18:59,5
16/05/2022 18:58,2
16/05/2022 18:48,4
16/05/2022 18:43,5
16/05/2022 18:39,5
16/05/2022 18:33,1
16/05/2022 18:32,5
16/05/2022 18:26,5
16/05/2022 18:25,5
16/05/2022 18:23,1
16/05/2022 18:18,1
16/05/2022 18:14,1
16/05/2022 18:14,2
16/05/2022 18:13,1
16/05/2022 18:07,5
16/05/2022 18:03,5
16/05/2022 17:58,5
16/05/2022 17:56,5
16/05/2022 17:51,2
16/05/2022 17:50,1
16/05/2022 17:47,4
16/05/2022 17:47,3
16/05/2022 17:43,5
16/05/2022 17:42,5
16/05/2022 17:41,1
16/05/2022 17:41,5
16/05/2022 17:40,2
16/05/2022 17:34,1
16/05/2022 17:34,5
16/05/2022 17:29,5
16/05/2022 17:24,5
16/05/2022 17:21,5
16/05/2022 17:20,5
16/05/2022 17:18,1
16/05/2022 17:17,4
16/05/2022 17:15,1
16/05/2022 17:12,2
16/05/2022 17:11,1
16/05/2022 17:06,1
16/05/2022 17:03,5
16/05/2022 16:58,1
16/05/2022 16:56,1
16/05/2022 16:55,1
16/05/2022 16:55,5
16/05/2022 16:55,5
16/05/2022 16:54,5
16/05/2022 16:54,1
16/05/2022 16:51,1
16/05/2022 16:45,5
16/05/2022 16:45,5
16/05/2022 16:44,1
16/05/2022 16:37,5
16/05/2022 16:35,5
16/05/2022 16:34,5
16/05/2022 16:29,5
16/05/2022 16:27,1
16/05/2022 16:22,2
16/05/2022 16:20,5
16/05/2022 16:20,1
16/05/2022 16:19,2
16/05/2022 16:15,1
16/05/2022 16:15,4
16/05/2022 16:07,5
16/05/2022 16:06,4
16/05/2022 16:06,5
16/05/2022 16:05,1
16/05/2022 15:59,2
16/05/2022 15:56,5
16/05/2022 15:55,5
16/05/2022 15:54,5
16/05/2022 15:52,5
16/05/2022 15:51,3
16/05/2022 15:51,2
16/05/2022 15:46,1
16/05/2022 15:41,5
16/05/2022 15:38,5
16/05/2022 15:37,1
16/05/2022 15:35,5
16/05/2022 15:35,5
16/05/2022 15:30,5
16/05/2022 15:25,1
16/05/2022 15:14,1
16/05/2022 15:13,5
16/05/2022 15:09,1
16/05/2022 15:06,1
16/05/2022 15:01,1
16/05/2022 15:00,5
16/05/2022 15:00,5
16/05/2022 14:59,5
16/05/2022 14:49,1
16/05/2022 14:45,5
16/05/2022 14:44,1
16/05/2022 14:41,1
16/05/2022 14:34,5
16/05/2022 14:34,5
16/05/2022 14:28,3
16/05/2022 14:27,5
16/05/2022 14:26,3
16/05/2022 14:18,5
16/05/2022 14:12,4
16/05/2022 14:12,5
16/05/2022 14:10,5
16/05/2022 14:10,1
16/05/2022 14:08,1
16/05/2022 14:07,1
16/05/2022 14:05,2
16/05/2022 14:01,5
16/05/2022 13:54,5
16/05/2022 13:54,5
16/05/2022 13:53,4
16/05/2022 13:40,1
16/05/2022 13:35,2
16/05/2022 13:29,5
16/05/2022 13:24,2
16/05/2022 13:21,2
16/05/2022 13:17,5
16/05/2022 13:15,4
16/05/2022 13:12,5
16/05/2022 13:11,4
16/05/2022 13:08,1
16/05/2022 13:01,5
16/05/2022 12:59,1
16/05/2022 12:55,5
16/05/2022 12:47,4
16/05/2022 12:47,5
16/05/2022 12:43,5
16/05/2022 12:42,4
16/05/2022 12:42,2
16/05/2022 12:40,5
16/05/2022 12:36,5
16/05/2022 12:36,1
16/05/2022 12:32,1
16/05/2022 12:29,1
16/05/2022 12:28,5
16/05/2022 12:25,1
16/05/2022 12:20,5
16/05/2022 12:11,2
16/05/2022 12:06,5
16/05/2022 12:01,1
16/05/2022 11:58,3
16/05/2022 11:52,4
16/05/2022 11:52,1
16/05/2022 11:47,5
16/05/2022 11:40,2
16/05/2022 11:39,4
16/05/2022 11:33,5
16/05/2022 11:32,4
16/05/2022 11:28,5
16/05/2022 11:25,4
16/05/2022 11:24,5
16/05/2022 11:15,1
16/05/2022 11:14,1
16/05/2022 11:10,5
16/05/2022 11:10,4
16/05/2022 11:08,4
16/05/2022 11:03,5
16/05/2022 10:56,1
16/05/2022 10:47,2
16/05/2022 10:45,5
16/05/2022 10:40,1
16/05/2022 10:39,5
16/05/2022 10:38,5
16/05/2022 10:37,5
16/05/2022 10:34,3
16/05/2022 10:33,2
16/05/2022 10:32,5
16/05/2022 10:22,1
16/05/2022 10:19,3
16/05/2022 10:07,4
16/05/2022 10:03,5
16/05/2022 10:02,5
16/05/2022 09:58,4
16/05/2022 09:56,5
16/05/2022 09:55,2
16/05/2022 09:54,5
16/05/2022 09:52,3
16/05/2022 09:50,4
16/05/2022 09:48,1
16/05/2022 09:47,5
16/05/2022 09:45,5
16/05/2022 09:39,1
16/05/2022 09:38,5
16/05/2022 09:36,1
16/05/2022 09:27,4
16/05/2022 09:26,3
16/05/2022 09:24,5
16/05/2022 09:19,2
16/05/2022 09:19,3
16/05/2022 09:06,2
16/05/2022 09:00,1
16/05/2022 08:51,5
16/05/2022 08:51,5
16/05/2022 08:49,5
16/05/2022 08:44,4
16/05/2022 08:23,5
16/05/2022 08:20,1
16/05/2022 08:15,4
16/05/2022 08:15,5
16/05/2022 08:11,5
16/05/2022 07:59,5
16/05/2022 07:58,4
16/05/2022 07:50,1
16/05/2022 07:44,2
16/05/2022 07:42,5
16/05/2022 07:40,5
16/05/2022 07:32,5
16/05/2022 07:32,1
16/05/2022 07:32,4
16/05/2022 07:31,1
16/05/2022 07:30,5
16/05/2022 07:26,4
16/05/2022 07:25,1
16/05/2022 07:24,5
16/05/2022 07:22,3
16/05/2022 06:52,1
16/05/2022 06:49,4
16/05/2022 06:47,4
16/05/2022 06:43,2
16/05/2022 06:41,3
16/05/2022 06:40,2
16/05/2022 06:39,1
16/05/2022 06:38,4
16/05/2022 06:35,2
16/05/2022 06:34,5
16/05/2022 06:34,2
16/05/2022 06:31,1
16/05/2022 06:29,1
16/05/2022 06:22,2
16/05/2022 06:14,5
16/05/2022 06:11,5
16/05/2022 06:05,5
16/05/2022 06:03,1
16/05/2022 06:01,5
16/05/2022 05:55,1
16/05/2022 05:51,1
16/05/2022 05:47,3
16/05/2022 05:42,1
16/05/2022 05:39,5
16/05/2022 05:30,4
16/05/2022 05:30,2
16/05/2022 05:21,5
16/05/2022 05:20,1
16/05/2022 05:16,2
16/05/2022 05:15,1
16/05/2022 05:14,4
16/05/2022 05:13,5
16/05/2022 05:12,1
16/05/2022 05:10,5
16/05/2022 05:10,1
16/05/2022 04:57,3
16/05/2022 04:57,3
16/05/2022 04:56,5
16/05/2022 04:55,5
16/05/2022 04:53,5
16/05/2022 04:51,5
16/05/2022 04:48,4
16/05/2022 04:45,1
16/05/2022 04:43,4
16/05/2022 04:41,3
16/05/2022 04:38,1
16/05/2022 04:32,1
16/05/2022 04:29,4
16/05/2022 04:27,5
16/05/2022 04:21,4
16/05/2022 04:19,5
16/05/2022 04:13,5
16/05/2022 04:12,5
16/05/2022 04:12,5
16/05/2022 04:10,1
16/05/2022 04:02,4
16/05/2022 03:56,5
16/05/2022 03:54,2
16/05/2022 03:48,1
16/05/2022 03:47,4
16/05/2022 03:45,4
16/05/2022 03:36,5
16/05/2022 03:29,5
16/05/2022 03:25,2
16/05/2022 03:23,2
16/05/2022 03:17,2
16/05/2022 03:12,5
16/05/2022 03:12,5
16/05/2022 03:07,5
16/05/2022 02:58,5
16/05/2022 02:51,5
16/05/2022 02:51,5
16/05/2022 02:48,2
16/05/2022 02:46,4
16/05/2022 02:42,5
16/05/2022 02:41,2
16/05/2022 02:36,2
16/05/2022 02:35,5
16/05/2022 02:30,5
16/05/2022 02:16,5
16/05/2022 02:10,5
16/05/2022 02:08,4
16/05/2022 02:02,1
16/05/2022 01:58,2
16/05/2022 01:55,2
16/05/2022 01:54,4
16/05/2022 01:50,5
16/05/2022 01:38,1
16/05/2022 01:38,5
16/05/2022 01:34,3
16/05/2022 01:24,5
16/05/2022 01:19,1
16/05/2022 01:09,3
16/05/2022 01:06,5
16/05/2022 01:05,5
16/05/2022 01:04,5
16/05/2022 00:50,1
16/05/2022 00:43,5
16/05/2022 00:42,1
16/05/2022 00:40,4
16/05/2022 00:39,3
16/05/2022 00:35,5
16/05/2022 00:31,5
16/05/2022 00:31,3
16/05/2022 00:17,4
16/05/2022 00:12,5
15/05/2022 23:59,3
15/05/2022 23:56,3
15/05/2022 23:55,5
15/05/2022 23:50,4
15/05/2022 23:45,5
15/05/2022 23:43,5
15/05/2022 23:38,5
15/05/2022 23:34,1
15/05/2022 23:34,5
15/05/2022 23:29,2
15/05/2022 23:22,5
15/05/2022 23:17,1
15/05/2022 23:11,1
15/05/2022 23:05,5
15/05/2022 22:50,1
15/05/2022 22:41,2
15/05/2022 22:37,2
15/05/2022 22:36,5
15/05/2022 22:35,3
15/05/2022 22:15,5
15/05/2022 22:11,2
15/05/2022 22:09,3
15/05/2022 22:05,5
15/05/2022 21:58,1
15/05/2022 21:47,5
15/05/2022 21:39,3
15/05/2022 21:39,1
15/05/2022 21:38,1
15/05/2022 21:19,1
15/05/2022 21:14,4
15/05/2022 21:00,3
15/05/2022 20:58,5
15/05/2022 20:58,1
15/05/2022 20:58,5
15/05/2022 20:54,3
15/05/2022 20:53,5
15/05/2022 20:51,3
15/05/2022 20:49,3
15/05/2022 20:47,5
15/05/2022 20:45,5
15/05/2022 20:44,1
15/05/2022 20:42,1
15/05/2022 20:40,5
15/05/2022 20:40,1
15/05/2022 20:39,1
15/05/2022 20:37,1
15/05/2022 20:26,2
15/05/2022 20:20,5
15/05/2022 20:20,4
15/05/2022 20:17,5
15/05/2022 20:13,1
15/05/2022 20:06,5
15/05/2022 20:01,5
15/05/2022 19:57,5
15/05/2022 19:48,4
15/05/2022 19:38,2
15/05/2022 19:37,4
15/05/2022 19:10,4
15/05/2022 19:10,5
15/05/2022 19:03,2
15/05/2022 18:59,4
15/05/2022 18:49,1
15/05/2022 18:39,4
15/05/2022 18:38,2
15/05/2022 18:38,5
15/05/2022 18:38,2
15/05/2022 18:35,4
15/05/2022 18:34,4
15/05/2022 18:34,5
15/05/2022 18:30,5
15/05/2022 18:28,5
15/05/2022 18:28,1
15/05/2022 18:28,5
15/05/2022 18:24,1
15/05/2022 18:16,5
15/05/2022 18:16,2
15/05/2022 18:12,1
15/05/2022 18:09,5
15/05/2022 18:08,5
15/05/2022 18:07,5
15/05/2022 18:07,1
15/05/2022 18:05,5
15/05/2022 17:54,2
15/05/2022 17:53,5
15/05/2022 17:47,1
15/05/2022 17:42,2
15/05/2022 17:40,1
15/05/2022 17:39,2
15/05/2022 17:24,2
15/05/2022 17:23,1
15/05/2022 17:20,5
15/05/2022 17:19,1
15/05/2022 17:18,5
15/05/2022 17:15,3
15/05/2022 17:14,5
15/05/2022 17:13,3
15/05/2022 17:12,1
15/05/2022 17:11,5
15/05/2022 17:03,5
15/05/2022 17:00,5
15/05/2022 16:59,3
15/05/2022 16:58,5
15/05/2022 16:57,4
15/05/2022 16:49,1
15/05/2022 16:45,2
15/05/2022 16:44,1
15/05/2022 16:44,1
15/05/2022 16:30,5
15/05/2022 16:28,4
15/05/2022 16:27,3
15/05/2022 16:26,2
15/05/2022 16:26,5
15/05/2022 16:24,5
15/05/2022 16:04,5
15/05/2022 16:02,3
15/05/2022 15:55,3
15/05/2022 15:54,1
15/05/2022 15:53,2
15/05/2022 15:51,5
15/05/2022 15:50,3
15/05/2022 15:37,5
15/05/2022 15:32,5
15/05/2022 15:30,4
15/05/2022 15:24,2
15/05/2022 15:22,4
15/05/2022 15:19,5
15/05/2022 15:19,5
15/05/2022 15:10,3
15/05/2022 15:05,2
15/05/2022 15:05,5
15/05/2022 15:04,5
15/05/2022 15:03,4
15/05/2022 15:01,5
15/05/2022 15:01,5
15/05/2022 14:58,1
15/05/2022 14:55,4
15/05/2022 14:47,2
15/05/2022 14:40,5
15/05/2022 14:40,5
15/05/2022 14:25,4
15/05/2022 14:25,5
15/05/2022 14:22,3
15/05/2022 14:21,4
15/05/2022 14:21,5
15/05/2022 14:17,5
15/05/2022 14:05,1
15/05/2022 14:02,2
15/05/2022 13:57,5
15/05/2022 13:54,5
15/05/2022 13:50,2
15/05/2022 13:49,3
15/05/2022 13:43,5
15/05/2022 13:36,1
15/05/2022 13:35,1
15/05/2022 13:33,5
15/05/2022 13:26,5
15/05/2022 13:21,5
15/05/2022 13:20,2
15/05/2022 13:17,4
15/05/2022 13:15,3
15/05/2022 13:14,1
15/05/2022 13:12,1
15/05/2022 13:10,5
15/05/2022 13:07,5
15/05/2022 12:58,1
15/05/2022 12:54,2
15/05/2022 12:49,1
15/05/2022 12:44,1
15/05/2022 12:42,5
15/05/2022 12:41,3
15/05/2022 12:40,4
15/05/2022 12:38,3
15/05/2022 12:37,1
15/05/2022 12:36,5
15/05/2022 12:33,5
15/05/2022 12:30,5
15/05/2022 12:29,3
15/05/2022 12:29,3
15/05/2022 12:15,1
15/05/2022 12:10,1
15/05/2022 12:00,5
15/05/2022 11:56,1
15/05/2022 11:44,2
15/05/2022 11:41,5
15/05/2022 11:28,5
15/05/2022 11:28,2
15/05/2022 11:24,5
15/05/2022 11:14,4
15/05/2022 10:58,5
15/05/2022 10:56,4
15/05/2022 10:47,5
15/05/2022 10:43,5
15/05/2022 10:38,5
15/05/2022 10:36,5
15/05/2022 10:22,5
15/05/2022 10:20,5
15/05/2022 10:04,5
15/05/2022 09:57,1
15/05/2022 09:49,5
15/05/2022 09:46,5
15/05/2022 09:45,3
15/05/2022 09:44,3
15/05/2022 09:42,4
15/05/2022 09:42,1
15/05/2022 09:41,5
15/05/2022 09:40,5
15/05/2022 09:38,5
15/05/2022 09:29,5
15/05/2022 09:26,4
15/05/2022 09:25,4
15/05/2022 09:24,1
15/05/2022 09:03,3
15/05/2022 09:03,5
15/05/2022 09:02,5
15/05/2022 08:49,5
15/05/2022 08:49,5
15/05/2022 08:44,1
15/05/2022 08:32,4
15/05/2022 08:28,5
15/05/2022 08:22,3
15/05/2022 08:16,1
15/05/2022 08:11,1
15/05/2022 08:09,5
15/05/2022 08:08,1
15/05/2022 08:05,1
15/05/2022 08:01,5
15/05/2022 07:54,5
15/05/2022 07:54,5
15/05/2022 07:53,5
15/05/2022 07:52,5
15/05/2022 07:48,3
15/05/2022 07:41,2
15/05/2022 07:35,3
15/05/2022 07:34,5
15/05/2022 07:34,5
15/05/2022 07:31,4
15/05/2022 07:30,2
15/05/2022 07:26,1
15/05/2022 07:21,1
15/05/2022 07:20,1
15/05/2022 07:19,5
15/05/2022 07:14,5
15/05/2022 07:11,1
15/05/2022 07:09,1
15/05/2022 06:59,3
15/05/2022 06:52,5
15/05/2022 06:46,5
15/05/2022 06:45,4
15/05/2022 06:42,1
15/05/2022 06:33,5
15/05/2022 06:32,5
15/05/2022 06:24,5
15/05/2022 06:22,3
15/05/2022 06:04,1
15/05/2022 06:01,5
15/05/2022 05:53,5
15/05/2022 05:50,5
15/05/2022 05:49,1
15/05/2022 05:47,4
15/05/2022 05:47,2
15/05/2022 05:39,1
15/05/2022 05:39,4
15/05/2022 05:35,5
15/05/2022 05:33,5
15/05/2022 05:32,5
15/05/2022 05:24,4
15/05/2022 05:21,4
15/05/2022 05:14,1
15/05/2022 05:12,5
15/05/2022 05:09,4
15/05/2022 05:09,3
15/05/2022 05:05,5
15/05/2022 05:03,3
15/05/2022 05:01,5
15/05/2022 05:01,5
15/05/2022 05:01,5
15/05/2022 04:59,3
15/05/2022 04:52,5
15/05/2022 04:34,4
15/05/2022 04:32,5
15/05/2022 04:32,5
15/05/2022 04:29,1
15/05/2022 04:21,5
15/05/2022 04:20,2
15/05/2022 04:17,5
15/05/2022 04:15,5
15/05/2022 04:13,1
15/05/2022 04:12,4
15/05/2022 04:09,1
15/05/2022 04:08,5
15/05/2022 04:08,2
15/05/2022 04:04,1
15/05/2022 03:57,5
15/05/2022 03:51,5
15/05/2022 03:42,1
15/05/2022 03:40,5
15/05/2022 03:29,4
15/05/2022 03:17,1
15/05/2022 03:11,4
15/05/2022 03:09,1
15/05/2022 03:04,5
15/05/2022 02:56,3
15/05/2022 02:54,1
15/05/2022 02:53,5
15/05/2022 02:48,3
15/05/2022 02:47,5
15/05/2022 02:46,5
15/05/2022 02:45,1
15/05/2022 02:40,1
15/05/2022 02:38,5
15/05/2022 02:34,5
15/05/2022 02:33,3
15/05/2022 02:23,5
15/05/2022 02:13,5
15/05/2022 02:01,3
15/05/2022 01:41,1
15/05/2022 01:40,2
15/05/2022 01:35,5
15/05/2022 01:34,3
15/05/2022 01:33,5
15/05/2022 01:29,2
15/05/2022 01:29,5
15/05/2022 01:27,5
15/05/2022 01:23,2
15/05/2022 01:21,5
15/05/2022 01:08,5
15/05/2022 01:00,5
15/05/2022 00:57,5
15/05/2022 00:52,3
15/05/2022 00:51,1
15/05/2022 00:51,2
15/05/2022 00:42,5
15/05/2022 00:32,5
15/05/2022 00:27,1
15/05/2022 00:23,1
15/05/2022 00:15,5
15/05/2022 00:12,1
15/05/2022 00:08,5
15/05/2022 00:03,1
14/05/2022 23:49,4
14/05/2022 23:48,1
14/05/2022 23:41,4
14/05/2022 23:38,5
14/05/2022 23:34,4
14/05/2022 23:27,5
14/05/2022 23:20,4
14/05/2022 23:20,5
14/05/2022 23:17,1
14/05/2022 23:17,3
14/05/2022 23:11,1
14/05/2022 23:05,1
14/05/2022 23:05,1
14/05/2022 23:03,3
14/05/2022 23:00,1
14/05/2022 22:58,4
14/05/2022 22:55,1
14/05/2022 22:45,5
14/05/2022 22:31,5
14/05/2022 22:31,4
14/05/2022 22:22,5
14/05/2022 22:09,5
14/05/2022 22:04,5
14/05/2022 22:01,5
14/05/2022 22:01,1
14/05/2022 21:56,5
14/05/2022 21:49,5
14/05/2022 21:48,5
14/05/2022 21:44,5
14/05/2022 21:43,1
14/05/2022 21:29,5
14/05/2022 21:26,5
14/05/2022 21:22,4
14/05/2022 21:20,1
14/05/2022 21:16,5
14/05/2022 21:06,5
14/05/2022 21:04,4
14/05/2022 20:58,1
14/05/2022 20:55,3
14/05/2022 20:53,5
14/05/2022 20:48,1
14/05/2022 20:43,5
14/05/2022 20:37,2
14/05/2022 20:36,2
14/05/2022 20:35,5
14/05/2022 20:30,2
14/05/2022 20:29,4
14/05/2022 20:28,1
14/05/2022 20:23,1
14/05/2022 20:15,1
14/05/2022 20:08,5
14/05/2022 20:07,5
14/05/2022 20:04,1
14/05/2022 20:00,1
14/05/2022 19:48,1
14/05/2022 19:44,1
14/05/2022 19:43,5
14/05/2022 19:28,5
14/05/2022 19:18,5
14/05/2022 19:15,3
14/05/2022 19:03,1
14/05/2022 19:02,4
14/05/2022 18:51,1
14/05/2022 18:51,5
14/05/2022 18:45,5
14/05/2022 18:40,5
14/05/2022 18:39,5
14/05/2022 18:37,5
14/05/2022 18:32,1
14/05/2022 18:31,4
14/05/2022 18:26,1
14/05/2022 18:22,4
14/05/2022 18:19,5
14/05/2022 18:19,1
14/05/2022 18:16,5
14/05/2022 18:14,2
14/05/2022 18:11,5
14/05/2022 18:10,1
14/05/2022 18:08,5
14/05/2022 18:06,1
14/05/2022 17:58,1
14/05/2022 17:55,5
14/05/2022 17:54,4
14/05/2022 17:51,2
14/05/2022 17:41,5
14/05/2022 17:41,3
14/05/2022 17:36,5
14/05/2022 17:35,2
14/05/2022 17:27,5
14/05/2022 17:25,3
14/05/2022 17:23,4
14/05/2022 17:22,5
14/05/2022 17:22,2
14/05/2022 17:21,1
14/05/2022 17:21,5
14/05/2022 17:17,2
14/05/2022 17:11,4
14/05/2022 17:11,5
14/05/2022 17:08,5
14/05/2022 17:05,1
14/05/2022 17:00,4
14/05/2022 16:57,1
14/05/2022 16:49,5
14/05/2022 16:39,2
14/05/2022 16:38,5
14/05/2022 16:35,5
14/05/2022 16:20,4
14/05/2022 16:17,5
14/05/2022 16:12,2
14/05/2022 16:09,1
14/05/2022 16:05,5
14/05/2022 16:04,5
14/05/2022 16:04,3
14/05/2022 15:57,5
14/05/2022 15:51,5
14/05/2022 15:47,3
14/05/2022 15:43,5
14/05/2022 15:39,4
14/05/2022 15:37,5
14/05/2022 15:33,1
14/05/2022 15:32,2
14/05/2022 15:31,1
14/05/2022 15:24,1
14/05/2022 15:22,5
14/05/2022 15:20,1
14/05/2022 15:17,2
14/05/2022 15:11,5
14/05/2022 15:11,2
14/05/2022 15:11,4
14/05/2022 15:09,2
14/05/2022 15:07,1
14/05/2022 15:07,4
14/05/2022 14:59,5
14/05/2022 14:59,5
14/05/2022 14:58,3
14/05/2022 14:56,5
14/05/2022 14:56,5
14/05/2022 14:54,1
14/05/2022 14:51,4
14/05/2022 14:49,3
14/05/2022 14:47,5
14/05/2022 14:43,5
14/05/2022 14:41,5
14/05/2022 14:39,5
14/05/2022 14:35,1
14/05/2022 14:27,1
14/05/2022 14:27,5
14/05/2022 14:26,4
14/05/2022 14:25,1
14/05/2022 14:15,3
14/05/2022 14:12,4
14/05/2022 14:06,1
14/05/2022 14:02,2
14/05/2022 13:59,4
14/05/2022 13:58,1
14/05/2022 13:52,4
14/05/2022 13:50,4
14/05/2022 13:48,3
14/05/2022 13:46,2
14/05/2022 13:44,5
14/05/2022 13:43,3
14/05/2022 13:34,4
14/05/2022 13:32,5
14/05/2022 13:31,1
14/05/2022 13:26,5
14/05/2022 13:26,1
14/05/2022 13:25,5
14/05/2022 13:25,5
14/05/2022 13:22,5
14/05/2022 13:19,2
14/05/2022 13:16,2
14/05/2022 13:15,5
14/05/2022 13:15,5
14/05/2022 13:15,5
14/05/2022 13:10,2
14/05/2022 13:08,5
14/05/2022 13:06,3
14/05/2022 12:59,5
14/05/2022 12:49,1
14/05/2022 12:47,1
14/05/2022 12:33,5
14/05/2022 12:27,1
14/05/2022 12:20,4
14/05/2022 12:15,1
14/05/2022 12:11,5
14/05/2022 12:10,5
14/05/2022 12:00,4
14/05/2022 11:55,1
14/05/2022 11:50,1
14/05/2022 11:47,1
14/05/2022 11:32,1
14/05/2022 11:14,3
14/05/2022 11:12,4
14/05/2022 11:12,1
14/05/2022 11:05,2
14/05/2022 11:03,1
14/05/2022 11:00,5
14/05/2022 10:59,4
14/05/2022 10:56,5
14/05/2022 10:50,2
14/05/2022 10:39,5
14/05/2022 10:36,1
14/05/2022 10:36,5
14/05/2022 10:33,5
14/05/2022 10:33,4
14/05/2022 10:31,1
14/05/2022 10:20,1
14/05/2022 10:17,5
14/05/2022 10:08,2
14/05/2022 10:06,1
14/05/2022 09:53,5
14/05/2022 09:51,4
14/05/2022 09:48,3
14/05/2022 09:48,4
14/05/2022 09:41,4
14/05/2022 09:39,1
14/05/2022 09:38,4
14/05/2022 09:29,5
14/05/2022 09:20,4
14/05/2022 09:20,5
14/05/2022 09:17,3
14/05/2022 09:11,5
14/05/2022 09:08,5
14/05/2022 09:05,1
14/05/2022 08:42,4
14/05/2022 08:39,5
14/05/2022 08:38,5
14/05/2022 08:36,4
14/05/2022 08:35,5
14/05/2022 08:35,1
14/05/2022 08:32,4
14/05/2022 08:30,4
14/05/2022 08:29,1
14/05/2022 08:27,5
14/05/2022 08:22,5
14/05/2022 08:21,1
14/05/2022 08:21,1
14/05/2022 08:18,2
14/05/2022 08:16,2
14/05/2022 08:06,5
14/05/2022 08:00,2
14/05/2022 07:58,5
14/05/2022 07:53,1
14/05/2022 07:52,4
14/05/2022 07:50,2
14/05/2022 07:50,3
14/05/2022 07:42,4
14/05/2022 07:41,5
14/05/2022 07:39,1
14/05/2022 07:39,2
14/05/2022 07:29,5
14/05/2022 07:27,4
14/05/2022 07:21,2
14/05/2022 07:16,2
14/05/2022 07:12,4
14/05/2022 06:48,5
14/05/2022 06:46,5
14/05/2022 06:46,5
14/05/2022 06:39,1
14/05/2022 06:34,3
14/05/2022 06:33,5
14/05/2022 06:30,4
14/05/2022 06:28,1
14/05/2022 06:24,5
14/05/2022 06:22,4
14/05/2022 06:21,5
14/05/2022 06:16,1
14/05/2022 05:54,2
14/05/2022 05:53,1
14/05/2022 05:48,5
14/05/2022 05:46,1
14/05/2022 05:45,1
14/05/2022 05:45,1
14/05/2022 05:45,2
14/05/2022 05:34,2
14/05/2022 05:29,5
14/05/2022 05:29,3
14/05/2022 05:22,5
14/05/2022 05:22,5
14/05/2022 05:19,5
14/05/2022 05:18,4
14/05/2022 05:13,1
14/05/2022 05:09,1
14/05/2022 05:05,5
14/05/2022 05:02,1
14/05/2022 05:01,4
14/05/2022 04:54,4
14/05/2022 04:46,5
14/05/2022 04:45,4
14/05/2022 04:45,5
14/05/2022 04:36,5
14/05/2022 04:27,1
14/05/2022 04:25,1
14/05/2022 04:23,5
14/05/2022 04:05,2
14/05/2022 04:04,1
14/05/2022 04:04,3
14/05/2022 03:52,5
14/05/2022 03:49,4
14/05/2022 03:41,1
14/05/2022 03:40,4
14/05/2022 03:39,1
14/05/2022 03:36,5
14/05/2022 03:28,3
14/05/2022 03:23,4
14/05/2022 03:15,3
14/05/2022 03:10,5
14/05/2022 03:08,3
14/05/2022 03:07,5
14/05/2022 03:02,5
14/05/2022 03:00,5
14/05/2022 02:56,5
14/05/2022 02:55,5
14/05/2022 02:54,4
14/05/2022 02:52,3
14/05/2022 02:46,1
14/05/2022 02:33,5
14/05/2022 02:31,5
14/05/2022 02:30,5
14/05/2022 02:29,1
14/05/2022 02:13,5
14/05/2022 02:13,4
14/05/2022 02:08,1
14/05/2022 02:08,4
14/05/2022 02:07,5
14/05/2022 02:06,1
14/05/2022 01:43,4
14/05/2022 01:32,1
14/05/2022 01:29,5
14/05/2022 01:26,5
14/05/2022 01:20,5
14/05/2022 01:17,1
14/05/2022 01:16,4
14/05/2022 01:14,5
14/05/2022 01:13,2
14/05/2022 01:11,3
14/05/2022 00:57,3
14/05/2022 00:27,4
14/05/2022 00:25,4
14/05/2022 00:24,5
14/05/2022 00:10,3
13/05/2022 23:58,5
13/05/2022 23:57,5
13/05/2022 23:57,1
13/05/2022 23:53,5
13/05/2022 23:40,2
13/05/2022 23:35,3
13/05/2022 23:31,5
13/05/2022 23:21,1
13/05/2022 23:12,5
13/05/2022 23:05,2
13/05/2022 23:02,4
13/05/2022 22:57,3
13/05/2022 22:56,3
13/05/2022 22:53,1
13/05/2022 22:47,5
13/05/2022 22:36,5
13/05/2022 22:19,2
13/05/2022 22:14,2
13/05/2022 22:13,5
13/05/2022 22:00,5
13/05/2022 21:55,5
13/05/2022 21:49,5
13/05/2022 21:48,4
13/05/2022 21:44,1
13/05/2022 21:43,5
13/05/2022 21:41,1
13/05/2022 21:41,5
13/05/2022 21:39,4
13/05/2022 21:35,1
13/05/2022 21:32,1
13/05/2022 21:30,1
13/05/2022 21:17,5
13/05/2022 21:07,1
13/05/2022 20:57,5
13/05/2022 20:57,3
13/05/2022 20:51,1
13/05/2022 20:40,5
13/05/2022 20:40,5
13/05/2022 20:34,5
13/05/2022 20:33,5
13/05/2022 20:30,1
13/05/2022 20:26,1
13/05/2022 20:25,5
13/05/2022 20:25,5
13/05/2022 20:25,3
13/05/2022 20:24,1
13/05/2022 20:18,5
13/05/2022 20:16,4
13/05/2022 20:14,5
13/05/2022 20:14,5
13/05/2022 20:10,1
13/05/2022 19:59,1
13/05/2022 19:48,1
13/05/2022 19:42,3
13/05/2022 19:40,5
13/05/2022 19:36,1
13/05/2022 19:35,1
13/05/2022 19:17,5
13/05/2022 19:16,3
13/05/2022 19:16,5
13/05/2022 19:13,3
13/05/2022 19:11,3
13/05/2022 19:07,5
13/05/2022 19:00,1
13/05/2022 18:55,5
13/05/2022 18:55,4
13/05/2022 18:52,1
13/05/2022 18:50,5
13/05/2022 18:49,2
13/05/2022 18:48,4
13/05/2022 18:48,3
13/05/2022 18:43,4
13/05/2022 18:43,1
13/05/2022 18:36,5
13/05/2022 18:31,3
13/05/2022 18:31,2
13/05/2022 18:27,5
13/05/2022 18:20,1
13/05/2022 18:19,5
13/05/2022 18:13,3
13/05/2022 18:12,1
13/05/2022 18:12,4
13/05/2022 18:03,5
13/05/2022 18:00,1
13/05/2022 17:59,5
13/05/2022 17:59,5
13/05/2022 17:58,3
13/05/2022 17:58,5
13/05/2022 17:58,3
13/05/2022 17:53,5
13/05/2022 17:51,4
13/05/2022 17:51,4
13/05/2022 17:45,5
13/05/2022 17:44,4
13/05/2022 17:41,5
13/05/2022 17:40,5
13/05/2022 17:35,3
13/05/2022 17:35,5
13/05/2022 17:34,5
13/05/2022 17:29,3
13/05/2022 17:28,5
13/05/2022 17:25,5
13/05/2022 17:23,4
13/05/2022 17:22,5
13/05/2022 17:19,1
13/05/2022 17:19,4
13/05/2022 17:19,5
13/05/2022 17:16,2
13/05/2022 17:12,2
13/05/2022 17:11,2
13/05/2022 17:11,4
13/05/2022 17:07,5
13/05/2022 17:07,5
13/05/2022 17:06,1
13/05/2022 17:05,4
13/05/2022 17:05,4
13/05/2022 17:04,4
13/05/2022 16:58,5
13/05/2022 16:55,5
13/05/2022 16:54,1
13/05/2022 16:43,1
13/05/2022 16:38,4
13/05/2022 16:35,5
13/05/2022 16:33,4
13/05/2022 16:29,4
13/05/2022 16:26,5
13/05/2022 16:23,3
13/05/2022 16:14,4
13/05/2022 16:12,1
13/05/2022 16:12,3
13/05/2022 16:10,5
13/05/2022 16:09,5
13/05/2022 16:06,5
13/05/2022 15:57,5
13/05/2022 15:57,5
13/05/2022 15:53,5
13/05/2022 15:50,5
13/05/2022 15:43,3
13/05/2022 15:42,5
13/05/2022 15:42,5
13/05/2022 15:38,5
13/05/2022 15:35,5
13/05/2022 15:34,5
13/05/2022 15:33,5
13/05/2022 15:30,4
13/05/2022 15:26,1
13/05/2022 15:20,3
13/05/2022 15:14,4
13/05/2022 14:59,2
13/05/2022 14:58,5
13/05/2022 14:55,1
13/05/2022 14:54,3
13/05/2022 14:54,1
13/05/2022 14:46,5
13/05/2022 14:43,2
13/05/2022 14:41,1
13/05/2022 14:36,1
13/05/2022 14:33,5
13/05/2022 14:33,1
13/05/2022 14:27,4
13/05/2022 14:25,3
13/05/2022 14:06,3
13/05/2022 14:04,5
13/05/2022 14:04,1
13/05/2022 14:00,2
13/05/2022 13:54,1
13/05/2022 13:52,1
13/05/2022 13:51,2
13/05/2022 13:44,1
13/05/2022 13:43,3
13/05/2022 13:43,5
13/05/2022 13:41,5
13/05/2022 13:38,5
13/05/2022 13:38,5
13/05/2022 13:38,3
13/05/2022 13:36,5
13/05/2022 13:36,1
13/05/2022 13:31,5
13/05/2022 13:29,2
13/05/2022 13:25,3
13/05/2022 13:25,2
13/05/2022 13:22,1
13/05/2022 13:18,5
13/05/2022 13:16,5
13/05/2022 13:16,4
13/05/2022 13:10,5
13/05/2022 13:07,5
13/05/2022 13:07,5
13/05/2022 12:56,5
13/05/2022 12:55,1
13/05/2022 12:40,1
13/05/2022 12:39,5
13/05/2022 12:38,5
13/05/2022 12:37,5
13/05/2022 12:37,4
13/05/2022 12:35,4
13/05/2022 12:25,3
13/05/2022 12:22,5
13/05/2022 12:20,1
13/05/2022 12:17,2
13/05/2022 12:16,3
13/05/2022 12:15,5
13/05/2022 12:07,5
13/05/2022 12:05,5
13/05/2022 11:59,5
13/05/2022 11:54,4
13/05/2022 11:47,4
13/05/2022 11:44,1
13/05/2022 11:41,5
13/05/2022 11:39,5
13/05/2022 11:29,1
13/05/2022 11:28,2
13/05/2022 11:28,5
13/05/2022 11:27,5
13/05/2022 11:26,5
13/05/2022 11:24,4
13/05/2022 11:16,1
13/05/2022 11:13,1
13/05/2022 11:13,1
13/05/2022 11:04,1
13/05/2022 10:59,5
13/05/2022 10:50,5
13/05/2022 10:49,5
13/05/2022 10:48,5
13/05/2022 10:48,5
13/05/2022 10:48,1
13/05/2022 10:47,1
13/05/2022 10:37,1
13/05/2022 10:36,4
13/05/2022 10:30,5
13/05/2022 10:27,1
13/05/2022 10:17,5
13/05/2022 10:08,2
13/05/2022 10:07,3
13/05/2022 10:05,5
13/05/2022 10:01,4
13/05/2022 09:59,5
13/05/2022 09:57,1
13/05/2022 09:54,1
13/05/2022 09:42,1
13/05/2022 09:37,5
13/05/2022 09:34,3
13/05/2022 09:27,5
13/05/2022 09:20,3
13/05/2022 09:17,5
13/05/2022 09:17,1
13/05/2022 09:13,1
13/05/2022 09:11,1
13/05/2022 09:10,3
13/05/2022 09:09,1
13/05/2022 09:04,3
13/05/2022 08:58,3
13/05/2022 08:58,5
13/05/2022 08:57,5
13/05/2022 08:56,4
13/05/2022 08:56,3
13/05/2022 08:55,1
13/05/2022 08:52,2
13/05/2022 08:52,5
13/05/2022 08:40,5
13/05/2022 08:35,5
13/05/2022 08:30,1
13/05/2022 08:25,4
13/05/2022 08:25,5
13/05/2022 08:24,1
13/05/2022 08:23,3
13/05/2022 08:20,1
13/05/2022 08:17,1
13/05/2022 08:17,4
13/05/2022 08:15,5
13/05/2022 08:05,4
13/05/2022 07:57,5
13/05/2022 07:53,1
13/05/2022 07:45,5
13/05/2022 07:44,1
13/05/2022 07:40,1
13/05/2022 07:40,4
13/05/2022 07:30,5
13/05/2022 07:26,1
13/05/2022 07:19,5
13/05/2022 07:12,3
13/05/2022 07:11,5
13/05/2022 06:57,5
13/05/2022 06:44,5
13/05/2022 06:43,5
13/05/2022 06:37,5
13/05/2022 06:34,4
13/05/2022 06:33,3
13/05/2022 06:32,1
13/05/2022 06:32,4
13/05/2022 06:30,2
13/05/2022 06:29,1
13/05/2022 06:25,2
13/05/2022 06:21,5
13/05/2022 06:16,1
13/05/2022 06:05,3
13/05/2022 06:04,1
13/05/2022 05:55,3
13/05/2022 05:43,3
13/05/2022 05:30,4
13/05/2022 05:27,5
13/05/2022 05:24,4
13/05/2022 05:18,1
13/05/2022 05:15,2
13/05/2022 05:13,1
13/05/2022 05:12,2
13/05/2022 05:00,5
13/05/2022 04:55,5
13/05/2022 04:54,2
13/05/2022 04:52,5
13/05/2022 04:47,2
13/05/2022 04:44,4
13/05/2022 04:42,5
13/05/2022 04:40,1
13/05/2022 04:28,3
13/05/2022 04:27,1
13/05/2022 04:21,3
13/05/2022 04:18,1
13/05/2022 04:17,3
13/05/2022 04:02,5
13/05/2022 04:02,4
13/05/2022 03:52,4
13/05/2022 03:48,1
13/05/2022 03:46,4
13/05/2022 03:45,5
13/05/2022 03:44,5
13/05/2022 03:43,1
13/05/2022 03:41,2
13/05/2022 03:34,5
13/05/2022 03:31,1
13/05/2022 03:25,3
13/05/2022 03:25,1
13/05/2022 03:20,3
13/05/2022 03:17,3
13/05/2022 03:13,4
13/05/2022 03:08,4
13/05/2022 03:00,3
13/05/2022 02:57,4
13/05/2022 02:56,1
13/05/2022 02:54,3
13/05/2022 02:53,1
13/05/2022 02:42,1
13/05/2022 02:26,5
13/05/2022 02:25,5
13/05/2022 02:19,5
13/05/2022 02:18,5
13/05/2022 02:17,5
13/05/2022 02:17,5
13/05/2022 02:14,1
13/05/2022 02:05,5
13/05/2022 02:01,5
13/05/2022 01:56,1
13/05/2022 01:55,5
13/05/2022 01:49,5
13/05/2022 01:47,5
13/05/2022 01:44,5
13/05/2022 01:43,1
13/05/2022 01:41,1
13/05/2022 01:35,2
13/05/2022 01:13,1
13/05/2022 01:09,2
13/05/2022 01:04,4
13/05/2022 00:50,4
13/05/2022 00:47,4
13/05/2022 00:46,1
13/05/2022 00:44,5
13/05/2022 00:41,5
13/05/2022 00:41,1
13/05/2022 00:33,2
13/05/2022 00:33,4
13/05/2022 00:26,5
13/05/2022 00:23,5
13/05/2022 00:17,1
13/05/2022 00:12,5
12/05/2022 23:54,5
12/05/2022 23:47,1
12/05/2022 23:40,2
12/05/2022 23:37,2
12/05/2022 23:36,5
12/05/2022 23:36,5
12/05/2022 23:35,1
12/05/2022 23:35,1
12/05/2022 23:30,1
12/05/2022 23:30,5
12/05/2022 23:20,1
12/05/2022 23:15,1
12/05/2022 23:13,4
12/05/2022 22:49,5
12/05/2022 22:40,5
12/05/2022 22:36,5
12/05/2022 22:34,1
12/05/2022 22:33,5
12/05/2022 22:25,5
12/05/2022 22:19,2
12/05/2022 22:16,2
12/05/2022 22:15,4
12/05/2022 22:15,5
12/05/2022 22:14,4
12/05/2022 22:12,4
12/05/2022 22:09,5
12/05/2022 22:08,1
12/05/2022 22:07,1
12/05/2022 22:01,4
12/05/2022 21:58,5
12/05/2022 21:48,1
12/05/2022 21:45,5
12/05/2022 21:39,3
12/05/2022 21:34,4
12/05/2022 21:33,5
12/05/2022 21:32,1
12/05/2022 21:23,5
12/05/2022 21:18,5
12/05/2022 21:17,5
12/05/2022 21:13,5
12/05/2022 21:07,1
12/05/2022 21:04,2
12/05/2022 20:34,2
12/05/2022 20:26,1
12/05/2022 20:21,2
12/05/2022 20:14,1
12/05/2022 20:12,5
12/05/2022 20:03,4
12/05/2022 20:03,5
12/05/2022 19:53,1
12/05/2022 19:51,1
12/05/2022 19:50,2
12/05/2022 19:50,5
12/05/2022 19:50,5
12/05/2022 19:36,5
12/05/2022 19:36,5
12/05/2022 19:31,5
12/05/2022 19:28,5
12/05/2022 19:22,5
12/05/2022 19:19,5
12/05/2022 19:14,4
12/05/2022 19:13,2
12/05/2022 19:07,1
12/05/2022 19:06,5
12/05/2022 19:06,2
12/05/2022 19:03,3
12/05/2022 18:52,4
12/05/2022 18:45,1
12/05/2022 18:44,2
12/05/2022 18:42,2
12/05/2022 18:34,3
12/05/2022 18:33,5
12/05/2022 18:31,5
12/05/2022 18:21,5
12/05/2022 18:15,4
12/05/2022 18:13,1
12/05/2022 18:11,5
12/05/2022 18:07,5
12/05/2022 18:07,4
12/05/2022 18:04,3
12/05/2022 17:50,5
12/05/2022 17:49,5
12/05/2022 17:47,5
12/05/2022 17:39,1
12/05/2022 17:29,1
12/05/2022 17:29,1
12/05/2022 17:22,5
12/05/2022 17:18,5
12/05/2022 17:14,5
12/05/2022 16:59,3
12/05/2022 16:59,1
12/05/2022 16:55,5
12/05/2022 16:54,4
12/05/2022 16:51,3
12/05/2022 16:43,5
12/05/2022 16:36,1
12/05/2022 16:36,5
12/05/2022 16:29,5
12/05/2022 16:28,1
12/05/2022 16:25,1
12/05/2022 16:25,2
12/05/2022 16:13,5
12/05/2022 16:02,1
12/05/2022 15:53,4
12/05/2022 15:51,1
12/05/2022 15:50,5
12/05/2022 15:39,4
12/05/2022 15:37,1
12/05/2022 15:30,5
12/05/2022 15:28,5
12/05/2022 15:27,2
12/05/2022 15:14,5
12/05/2022 15:10,5
12/05/2022 15:07,2
12/05/2022 15:00,5
12/05/2022 14:48,5
12/05/2022 14:45,5
12/05/2022 14:39,5
12/05/2022 14:37,5
12/05/2022 14:33,4
12/05/2022 14:33,3
12/05/2022 14:31,1
12/05/2022 14:24,1
12/05/2022 14:24,5
12/05/2022 14:21,5
12/05/2022 14:19,4
12/05/2022 14:18,5
12/05/2022 14:12,5
12/05/2022 14:06,5
12/05/2022 14:03,5
12/05/2022 14:03,3
12/05/2022 13:51,3
12/05/2022 13:49,4
12/05/2022 13:49,1
12/05/2022 13:41,2
12/05/2022 13:37,2
12/05/2022 13:32,3
12/05/2022 13:32,5
12/05/2022 13:24,1
12/05/2022 13:19,2
12/05/2022 13:17,5
12/05/2022 13:16,1
12/05/2022 13:14,2
12/05/2022 13:08,1
12/05/2022 13:05,5
12/05/2022 13:02,1
12/05/2022 12:53,1
12/05/2022 12:42,2
12/05/2022 12:36,2
12/05/2022 12:33,5
12/05/2022 12:32,5
12/05/2022 12:23,1
12/05/2022 12:23,5
12/05/2022 12:18,5
12/05/2022 12:15,4
12/05/2022 12:04,5
12/05/2022 12:04,3
12/05/2022 11:51,1
12/05/2022 11:47,3
12/05/2022 11:47,5
12/05/2022 11:41,4
12/05/2022 11:40,1
12/05/2022 11:40,5
12/05/2022 11:37,4
12/05/2022 11:36,4
12/05/2022 11:35,5
12/05/2022 11:11,2
12/05/2022 11:07,2
12/05/2022 11:04,3
12/05/2022 11:00,2
12/05/2022 10:56,1
12/05/2022 10:54,1
12/05/2022 10:49,1
12/05/2022 10:23,5
12/05/2022 10:17,2
12/05/2022 10:12,5
12/05/2022 10:01,5
12/05/2022 09:59,2
12/05/2022 09:50,4
12/05/2022 09:34,4
12/05/2022 09:30,5
12/05/2022 09:20,1
12/05/2022 09:20,5
12/05/2022 09:12,4
12/05/2022 09:09,5
12/05/2022 09:01,2
12/05/2022 08:51,5
12/05/2022 08:47,1
12/05/2022 08:46,1
12/05/2022 08:46,1
12/05/2022 08:35,5
12/05/2022 08:34,5
12/05/2022 08:24,4
12/05/2022 08:07,5
12/05/2022 07:56,5
12/05/2022 07:51,1
12/05/2022 07:50,5
12/05/2022 07:48,1
12/05/2022 07:44,5
12/05/2022 07:44,5
12/05/2022 07:32,4
12/05/2022 07:30,3
12/05/2022 07:26,3
12/05/2022 07:24,5
12/05/2022 07:24,1
12/05/2022 07:16,5
12/05/2022 07:06,5
12/05/2022 07:05,3
12/05/2022 07:04,1
12/05/2022 07:02,3
12/05/2022 06:56,1
12/05/2022 06:43,1
12/05/2022 06:42,1
12/05/2022 06:41,1
12/05/2022 06:34,3
12/05/2022 06:32,5
12/05/2022 06:19,3
12/05/2022 06:17,5
12/05/2022 06:09,5
12/05/2022 06:06,1
12/05/2022 06:06,5
12/05/2022 06:04,5
12/05/2022 05:56,4
12/05/2022 05:53,1
12/05/2022 05:32,1
12/05/2022 05:28,1
12/05/2022 05:27,2
12/05/2022 05:25,1
12/05/2022 05:10,1
12/05/2022 05:09,4
12/05/2022 05:07,4
12/05/2022 05:03,3
12/05/2022 04:59,5
12/05/2022 04:55,5
12/05/2022 04:47,1
12/05/2022 04:39,1
12/05/2022 04:26,5
12/05/2022 04:03,2
12/05/2022 04:02,4
12/05/2022 04:01,3
12/05/2022 03:56,5
12/05/2022 03:56,3
12/05/2022 03:50,3
12/05/2022 03:49,2
12/05/2022 03:42,5
12/05/2022 03:41,5
12/05/2022 03:35,5
12/05/2022 03:20,3
12/05/2022 03:18,4
12/05/2022 03:08,5
12/05/2022 03:07,5
12/05/2022 03:00,5
12/05/2022 02:51,1
12/05/2022 02:43,3
12/05/2022 02:35,1
12/05/2022 02:34,5
12/05/2022 02:18,5
12/05/2022 02:13,1
12/05/2022 02:11,4
12/05/2022 02:09,5
12/05/2022 01:52,5
12/05/2022 01:50,5
12/05/2022 01:39,5
12/05/2022 01:39,2
12/05/2022 01:36,5
12/05/2022 01:34,3
12/05/2022 01:31,2
12/05/2022 01:27,3
12/05/2022 01:25,5
12/05/2022 01:23,4
12/05/2022 01:22,1
12/05/2022 01:18,5
12/05/2022 01:04,4
12/05/2022 00:56,2
12/05/2022 00:53,5
12/05/2022 00:44,1
12/05/2022 00:40,4
12/05/2022 00:40,1
12/05/2022 00:32,1
12/05/2022 00:31,2
12/05/2022 00:31,4
12/05/2022 00:25,4
12/05/2022 00:15,1
12/05/2022 00:14,4
11/05/2022 23:58,2
11/05/2022 23:56,5
11/05/2022 23:54,3
11/05/2022 23:46,4
11/05/2022 23:46,5
11/05/2022 23:33,4
11/05/2022 23:28,2
11/05/2022 23:27,3
11/05/2022 23:14,2
11/05/2022 22:57,5
11/05/2022 22:34,5
11/05/2022 22:28,5
11/05/2022 22:27,5
11/05/2022 22:23,4
11/05/2022 22:20,1
11/05/2022 22:13,2
11/05/2022 22:10,5
11/05/2022 22:09,1
11/05/2022 22:08,3
11/05/2022 21:55,1
11/05/2022 21:46,4
11/05/2022 21:38,1
11/05/2022 21:37,5
11/05/2022 21:35,5
11/05/2022 21:32,3
11/05/2022 21:26,4
11/05/2022 21:23,4
11/05/2022 21:22,2
11/05/2022 21:18,1
11/05/2022 21:14,5
11/05/2022 21:05,5
11/05/2022 21:04,3
11/05/2022 21:02,5
11/05/2022 21:00,5
11/05/2022 21:00,1
11/05/2022 20:57,4
11/05/2022 20:57,1
11/05/2022 20:50,4
11/05/2022 20:46,5
11/05/2022 20:45,2
11/05/2022 20:35,5
11/05/2022 20:17,5
11/05/2022 20:15,1
11/05/2022 20:08,4
11/05/2022 20:00,1
11/05/2022 19:58,2
11/05/2022 19:55,5
11/05/2022 19:53,5
11/05/2022 19:45,4
11/05/2022 19:42,5
11/05/2022 19:42,4
11/05/2022 19:35,2
11/05/2022 19:26,1
11/05/2022 19:19,4
11/05/2022 19:18,5
11/05/2022 19:13,5
11/05/2022 19:06,5
11/05/2022 19:02,5
11/05/2022 18:56,5
11/05/2022 18:56,1
11/05/2022 18:40,2
11/05/2022 18:24,5
11/05/2022 18:19,1
11/05/2022 18:17,1
11/05/2022 18:16,1
11/05/2022 18:14,4
11/05/2022 17:59,5
11/05/2022 17:57,1
11/05/2022 17:51,5
11/05/2022 17:47,2
11/05/2022 17:47,5
11/05/2022 17:46,5
11/05/2022 17:36,5
11/05/2022 17:36,3
11/05/2022 17:35,5
11/05/2022 17:34,1
11/05/2022 17:34,1
11/05/2022 17:28,1
11/05/2022 17:22,3
11/05/2022 17:21,4
11/05/2022 17:08,1
11/05/2022 17:05,5
11/05/2022 17:03,5
11/05/2022 17:01,1
11/05/2022 16:52,2
11/05/2022 16:52,3
11/05/2022 16:45,3
11/05/2022 16:45,4
11/05/2022 16:42,5
11/05/2022 16:36,5
11/05/2022 16:32,5
11/05/2022 16:32,1
11/05/2022 16:29,5
11/05/2022 16:28,2
11/05/2022 16:23,1
11/05/2022 16:20,3
11/05/2022 16:14,2
11/05/2022 16:13,3
11/05/2022 16:11,1
11/05/2022 16:09,1
11/05/2022 16:08,5
11/05/2022 16:04,1
11/05/2022 16:04,1
11/05/2022 15:58,5
11/05/2022 15:57,4
11/05/2022 15:46,1
11/05/2022 15:43,1
11/05/2022 15:42,3
11/05/2022 15:31,5
11/05/2022 15:27,5
11/05/2022 15:23,5
11/05/2022 15:20,5
11/05/2022 15:13,5
11/05/2022 15:09,5
11/05/2022 15:08,2
11/05/2022 15:07,5
11/05/2022 15:06,3
11/05/2022 15:04,3
11/05/2022 15:00,5
11/05/2022 14:58,1
11/05/2022 14:56,5
11/05/2022 14:51,2
11/05/2022 14:49,5
11/05/2022 14:47,3
11/05/2022 14:38,4
11/05/2022 14:38,3
11/05/2022 14:35,1
11/05/2022 14:34,1
11/05/2022 14:25,2
11/05/2022 14:20,1
11/05/2022 14:19,5
11/05/2022 14:17,1
11/05/2022 14:17,2
11/05/2022 14:15,1
11/05/2022 14:06,5
11/05/2022 14:03,5
11/05/2022 13:50,5
11/05/2022 13:47,5
11/05/2022 13:45,5
11/05/2022 13:43,1
11/05/2022 13:42,5
11/05/2022 13:41,3
11/05/2022 13:37,5
11/05/2022 13:36,1
11/05/2022 13:30,5
11/05/2022 13:27,3
11/05/2022 13:27,2
11/05/2022 13:24,5
11/05/2022 13:24,5
11/05/2022 13:24,1
11/05/2022 13:24,2
11/05/2022 13:21,3
11/05/2022 13:15,4
11/05/2022 13:02,2
11/05/2022 13:01,5
11/05/2022 13:00,1
11/05/2022 12:59,5
11/05/2022 12:52,2
11/05/2022 12:51,2
11/05/2022 12:50,1
11/05/2022 12:48,4
11/05/2022 12:48,2
11/05/2022 12:47,4
11/05/2022 12:46,5
11/05/2022 12:40,1
11/05/2022 12:37,5
11/05/2022 12:25,5
11/05/2022 12:23,1
11/05/2022 12:23,2
11/05/2022 12:16,2
11/05/2022 12:14,5
11/05/2022 12:06,3
11/05/2022 12:04,1
11/05/2022 11:55,5
11/05/2022 11:46,3
11/05/2022 11:44,1
11/05/2022 11:44,4
11/05/2022 11:35,4
11/05/2022 11:25,2
11/05/2022 11:25,5
11/05/2022 11:24,5
11/05/2022 11:21,5
11/05/2022 11:16,4
11/05/2022 11:16,1
11/05/2022 11:08,1
11/05/2022 11:08,1
11/05/2022 10:58,4
11/05/2022 10:55,5
11/05/2022 10:54,5
11/05/2022 10:52,3
11/05/2022 10:52,4
11/05/2022 10:48,1
11/05/2022 10:47,2
11/05/2022 10:37,4
11/05/2022 10:34,3
11/05/2022 10:33,5
11/05/2022 10:32,1
11/05/2022 10:32,5
11/05/2022 10:30,1
11/05/2022 10:27,5
11/05/2022 10:23,5
11/05/2022 10:18,5
11/05/2022 10:14,5
11/05/2022 10:11,1
11/05/2022 10:07,1
11/05/2022 10:01,1
11/05/2022 09:59,1
11/05/2022 09:57,4
11/05/2022 09:40,4
11/05/2022 09:39,4
11/05/2022 09:38,2
11/05/2022 09:28,2
11/05/2022 09:28,2
11/05/2022 09:13,5
11/05/2022 09:09,5
11/05/2022 09:08,1
11/05/2022 09:02,4
11/05/2022 08:59,5
11/05/2022 08:53,5
11/05/2022 08:49,4
11/05/2022 08:44,4
11/05/2022 08:33,4
11/05/2022 08:30,3
11/05/2022 08:30,4
11/05/2022 08:26,5
11/05/2022 08:17,5
11/05/2022 08:10,1
11/05/2022 08:06,5
11/05/2022 08:06,1
11/05/2022 08:06,2
11/05/2022 08:03,1
11/05/2022 07:58,1
11/05/2022 07:57,4
11/05/2022 07:48,2
11/05/2022 07:45,4
11/05/2022 07:45,3
11/05/2022 07:38,4
11/05/2022 07:37,5
11/05/2022 07:34,5
11/05/2022 07:32,1
11/05/2022 07:27,4
11/05/2022 07:27,5
11/05/2022 07:23,5
11/05/2022 07:22,1
11/05/2022 07:18,2
11/05/2022 07:04,2
11/05/2022 07:03,1
11/05/2022 06:47,1
11/05/2022 06:44,1
11/05/2022 06:32,5
11/05/2022 06:31,5
11/05/2022 06:20,5
11/05/2022 06:16,4
11/05/2022 06:13,1
11/05/2022 06:05,4
11/05/2022 05:55,5
11/05/2022 05:52,3
11/05/2022 05:46,4
11/05/2022 05:35,2
11/05/2022 05:34,5
11/05/2022 05:32,2
11/05/2022 05:27,5
11/05/2022 05:17,3
11/05/2022 05:16,5
11/05/2022 05:11,2
11/05/2022 05:10,3
11/05/2022 05:06,2
11/05/2022 05:06,2
11/05/2022 05:03,1
11/05/2022 05:03,5
11/05/2022 04:55,4
11/05/2022 04:48,3
11/05/2022 04:47,5
11/05/2022 04:37,5
11/05/2022 04:34,3
11/05/2022 04:27,1
11/05/2022 04:27,1
11/05/2022 04:23,5
11/05/2022 04:17,5
11/05/2022 04:14,2
11/05/2022 04:11,5
11/05/2022 04:10,4
11/05/2022 04:10,1
11/05/2022 04:02,5
11/05/2022 04:02,4
11/05/2022 03:52,3
11/05/2022 03:51,1
11/05/2022 03:46,1
11/05/2022 03:44,1
11/05/2022 03:38,5
11/05/2022 03:36,5
11/05/2022 03:33,5
11/05/2022 03:28,3
11/05/2022 03:22,1
11/05/2022 03:22,1
11/05/2022 03:21,1
11/05/2022 03:17,5
11/05/2022 03:16,5
11/05/2022 03:16,1
11/05/2022 03:16,1
11/05/2022 03:15,3
11/05/2022 03:07,4
11/05/2022 03:03,1
11/05/2022 02:55,5
11/05/2022 02:53,4
11/05/2022 02:50,2
11/05/2022 02:50,5
11/05/2022 02:36,1
11/05/2022 02:33,5
11/05/2022 02:26,5
11/05/2022 02:24,5
11/05/2022 02:21,5
11/05/2022 02:12,1
11/05/2022 02:08,5
11/05/2022 01:56,5
11/05/2022 01:56,5
11/05/2022 01:53,4
11/05/2022 01:41,4
11/05/2022 01:36,5
11/05/2022 01:27,3
11/05/2022 01:25,2
11/05/2022 01:19,5
11/05/2022 01:16,3
11/05/2022 01:07,5
11/05/2022 01:03,1
11/05/2022 00:59,5
11/05/2022 00:59,1
11/05/2022 00:50,5
11/05/2022 00:50,5
11/05/2022 00:37,1
11/05/2022 00:36,1
11/05/2022 00:32,5
11/05/2022 00:20,2
11/05/2022 00:10,5
11/05/2022 00:10,4
11/05/2022 00:10,5
10/05/2022 23:57,5
10/05/2022 23:55,5
10/05/2022 23:54,3
10/05/2022 23:49,5
10/05/2022 23:46,5
10/05/2022 23:31,1
10/05/2022 23:31,1
10/05/2022 23:29,3
10/05/2022 23:25,3
10/05/2022 23:21,5
10/05/2022 23:18,4
10/05/2022 23:06,2
10/05/2022 23:03,5
10/05/2022 23:00,2
10/05/2022 22:59,2
10/05/2022 22:51,5
10/05/2022 22:48,1
10/05/2022 22:37,5
10/05/2022 22:28,1
10/05/2022 22:24,2
10/05/2022 22:22,1
10/05/2022 22:20,2
10/05/2022 22:12,1
10/05/2022 22:09,5
10/05/2022 22:07,3
10/05/2022 22:02,5
10/05/2022 22:02,4
10/05/2022 21:59,1
10/05/2022 21:59,3
10/05/2022 21:56,2
10/05/2022 21:53,1
10/05/2022 21:53,1
10/05/2022 21:53,3
10/05/2022 21:53,2
10/05/2022 21:51,1
10/05/2022 21:35,1
10/05/2022 21:23,1
10/05/2022 21:21,5
10/05/2022 21:21,1
10/05/2022 21:10,5
10/05/2022 21:04,1
10/05/2022 20:49,1
10/05/2022 20:49,3
10/05/2022 20:41,1
10/05/2022 20:33,1
10/05/2022 20:29,5
10/05/2022 20:28,5
10/05/2022 20:16,1
10/05/2022 20:12,1
10/05/2022 20:12,3
10/05/2022 20:10,1
10/05/2022 20:10,5
10/05/2022 20:09,5
10/05/2022 20:01,1
10/05/2022 19:57,4
10/05/2022 19:54,1
10/05/2022 19:53,5
10/05/2022 19:52,5
10/05/2022 19:44,1
10/05/2022 19:39,2
10/05/2022 19:37,5
10/05/2022 19:36,3
10/05/2022 19:32,1
10/05/2022 19:32,5
10/05/2022 19:32,5
10/05/2022 19:31,1
10/05/2022 19:23,2
10/05/2022 19:20,1
10/05/2022 19:18,1
10/05/2022 19:18,1
10/05/2022 19:17,5
10/05/2022 19:14,4
10/05/2022 19:09,2
10/05/2022 19:04,2
10/05/2022 18:57,4
10/05/2022 18:55,2
10/05/2022 18:54,5
10/05/2022 18:51,1
10/05/2022 18:49,5
10/05/2022 18:48,3
10/05/2022 18:46,1
10/05/2022 18:45,1
10/05/2022 18:40,5
10/05/2022 18:39,2
10/05/2022 18:37,4
10/05/2022 18:36,4
10/05/2022 18:36,5
10/05/2022 18:34,2
10/05/2022 18:33,5
10/05/2022 18:25,5
10/05/2022 18:18,2
10/05/2022 18:16,3
10/05/2022 18:16,1
10/05/2022 18:13,2
10/05/2022 18:12,2
10/05/2022 18:11,1
10/05/2022 18:09,3
10/05/2022 18:08,2
10/05/2022 17:58,5
10/05/2022 17:56,5
10/05/2022 17:50,5
10/05/2022 17:49,5
10/05/2022 17:49,1
10/05/2022 17:45,5
10/05/2022 17:45,1
10/05/2022 17:35,4
10/05/2022 17:33,2
10/05/2022 17:26,4
10/05/2022 17:24,5
10/05/2022 17:19,4
10/05/2022 17:19,2
10/05/2022 17:18,1
10/05/2022 17:15,5
10/05/2022 17:13,1
10/05/2022 17:11,5
10/05/2022 17:02,5
10/05/2022 16:51,5
10/05/2022 16:46,3
10/05/2022 16:46,5
10/05/2022 16:45,2
10/05/2022 16:43,5
10/05/2022 16:39,5
10/05/2022 16:31,5
10/05/2022 16:31,1
10/05/2022 16:25,2
10/05/2022 16:24,5
10/05/2022 16:18,4
10/05/2022 16:11,1
10/05/2022 15:58,4
10/05/2022 15:55,1
10/05/2022 15:54,5
10/05/2022 15:47,2
10/05/2022 15:47,5
10/05/2022 15:46,1
10/05/2022 15:41,1
10/05/2022 15:40,4
10/05/2022 15:30,5
10/05/2022 15:30,1
10/05/2022 15:26,5
10/05/2022 15:20,1
10/05/2022 15:19,4
10/05/2022 15:19,5
10/05/2022 15:16,4
10/05/2022 15:13,5
10/05/2022 15:06,5
10/05/2022 15:04,1
10/05/2022 15:04,2
10/05/2022 14:54,5
10/05/2022 14:47,5
10/05/2022 14:40,3
10/05/2022 14:38,2
10/05/2022 14:37,4
10/05/2022 14:33,1
10/05/2022 14:30,5
10/05/2022 14:26,5
10/05/2022 14:19,4
10/05/2022 14:11,1
10/05/2022 14:11,5
10/05/2022 14:08,4
10/05/2022 14:00,5
10/05/2022 13:55,5
10/05/2022 13:55,1
10/05/2022 13:51,5
10/05/2022 13:46,1
10/05/2022 13:46,5
10/05/2022 13:43,1
10/05/2022 13:43,4
10/05/2022 13:43,1
10/05/2022 13:30,5
10/05/2022 13:25,2
10/05/2022 13:24,2
10/05/2022 13:23,1
10/05/2022 13:18,3
10/05/2022 13:17,5
10/05/2022 13:12,5
10/05/2022 13:09,5
10/05/2022 13:08,4
10/05/2022 13:00,1
10/05/2022 12:59,1
10/05/2022 12:59,5
10/05/2022 12:52,3
10/05/2022 12:47,5
10/05/2022 12:37,5
10/05/2022 12:37,2
10/05/2022 12:37,1
10/05/2022 12:34,1
10/05/2022 12:32,5
10/05/2022 12:29,5
10/05/2022 12:29,5
10/05/2022 12:24,2
10/05/2022 12:23,4
10/05/2022 12:22,5
10/05/2022 12:19,1
10/05/2022 12:16,5
10/05/2022 12:14,5
10/05/2022 12:11,4
10/05/2022 12:09,2
10/05/2022 12:03,5
10/05/2022 11:57,4
10/05/2022 11:55,1
10/05/2022 11:52,5
10/05/2022 11:47,1
10/05/2022 11:43,1
10/05/2022 11:43,5
10/05/2022 11:36,4
10/05/2022 11:35,2
10/05/2022 11:34,5
10/05/2022 11:33,3
10/05/2022 11:30,3
10/05/2022 11:27,5
10/05/2022 11:25,5
10/05/2022 11:25,1
10/05/2022 11:24,1
10/05/2022 11:23,1
10/05/2022 11:13,1
10/05/2022 11:09,1
10/05/2022 11:05,5
10/05/2022 11:02,5
10/05/2022 11:01,4
10/05/2022 10:58,2
10/05/2022 10:58,5
10/05/2022 10:58,1
10/05/2022 10:56,1
10/05/2022 10:50,1
10/05/2022 10:40,2
10/05/2022 10:33,1
10/05/2022 10:28,5
10/05/2022 10:27,5
10/05/2022 10:26,3
10/05/2022 10:10,3
10/05/2022 10:05,1
10/05/2022 10:03,5
10/05/2022 10:03,5
10/05/2022 10:00,5
10/05/2022 09:57,5
10/05/2022 09:53,2
10/05/2022 09:45,1
10/05/2022 09:42,1
10/05/2022 09:30,1
10/05/2022 09:29,1
10/05/2022 09:28,3
10/05/2022 09:25,2
10/05/2022 09:24,2
10/05/2022 09:22,1
10/05/2022 09:14,1
10/05/2022 08:58,1
10/05/2022 08:54,5
10/05/2022 08:53,1
10/05/2022 08:44,3
10/05/2022 08:40,3
10/05/2022 08:40,4
10/05/2022 08:36,4
10/05/2022 08:36,5
10/05/2022 08:33,2
10/05/2022 08:19,2
10/05/2022 08:17,2
10/05/2022 08:17,5
10/05/2022 08:16,4
10/05/2022 08:11,2
10/05/2022 08:08,5
10/05/2022 08:06,2
10/05/2022 07:44,3
10/05/2022 07:35,3
10/05/2022 07:34,3
10/05/2022 07:34,5
10/05/2022 07:31,4
10/05/2022 07:28,4
10/05/2022 07:24,1
10/05/2022 07:21,5
10/05/2022 07:01,2
10/05/2022 06:59,1
10/05/2022 06:55,1
10/05/2022 06:48,2
10/05/2022 06:44,3
10/05/2022 06:41,1
10/05/2022 06:38,3
10/05/2022 06:37,4
10/05/2022 06:20,1
10/05/2022 06:16,5
10/05/2022 06:12,4
10/05/2022 06:10,5
10/05/2022 06:03,2
10/05/2022 05:59,1
10/05/2022 05:59,1
10/05/2022 05:56,4
10/05/2022 05:56,1
10/05/2022 05:54,5
10/05/2022 05:51,1
10/05/2022 05:45,5
10/05/2022 05:44,5
10/05/2022 05:41,3
10/05/2022 05:40,2
10/05/2022 05:29,5
10/05/2022 05:24,5
10/05/2022 05:18,1
10/05/2022 05:14,2
10/05/2022 05:13,1
10/05/2022 05:12,2
10/05/2022 05:12,1
10/05/2022 05:06,5
10/05/2022 05:04,1
10/05/2022 04:54,1
10/05/2022 04:52,4
10/05/2022 04:51,5
10/05/2022 04:42,3
10/05/2022 04:42,5
10/05/2022 04:41,1
10/05/2022 04:38,5
10/05/2022 04:27,1
10/05/2022 04:20,5
10/05/2022 04:19,4
10/05/2022 04:17,1
10/05/2022 04:16,3
10/05/2022 04:09,5
10/05/2022 04:06,5
10/05/2022 03:57,4
10/05/2022 03:51,5
10/05/2022 03:48,5
10/05/2022 03:47,1
10/05/2022 03:46,2
10/05/2022 03:45,1
10/05/2022 03:44,4
10/05/2022 03:42,2
10/05/2022 03:39,2
10/05/2022 03:34,1
10/05/2022 03:33,1
10/05/2022 03:30,1
10/05/2022 03:28,4
10/05/2022 03:27,5
10/05/2022 03:26,5
10/05/2022 03:20,3
10/05/2022 03:12,4
10/05/2022 03:12,2
10/05/2022 03:10,4
10/05/2022 02:59,4
10/05/2022 02:57,5
10/05/2022 02:55,5
10/05/2022 02:52,3
10/05/2022 02:48,2
10/05/2022 02:47,2
10/05/2022 02:39,5
10/05/2022 02:28,5
10/05/2022 02:26,3
10/05/2022 02:23,5
10/05/2022 02:17,1
10/05/2022 02:15,4
10/05/2022 02:09,5
10/05/2022 02:03,1
10/05/2022 02:02,1
10/05/2022 02:02,4
10/05/2022 01:58,1
10/05/2022 01:53,2
10/05/2022 01:53,5
10/05/2022 01:51,5
10/05/2022 01:50,5
10/05/2022 01:48,1
10/05/2022 01:45,4
10/05/2022 01:39,2
10/05/2022 01:35,1
10/05/2022 01:34,5
10/05/2022 01:34,4
10/05/2022 01:32,4
10/05/2022 01:32,5
10/05/2022 01:31,2
10/05/2022 01:28,5
10/05/2022 01:26,3
10/05/2022 01:25,5
10/05/2022 01:16,3
10/05/2022 01:11,1
10/05/2022 01:02,3
10/05/2022 00:59,5
10/05/2022 00:58,1
10/05/2022 00:55,2
10/05/2022 00:54,5
10/05/2022 00:51,5
10/05/2022 00:50,2
10/05/2022 00:49,2
10/05/2022 00:47,5
10/05/2022 00:38,5
10/05/2022 00:34,1
10/05/2022 00:32,1
10/05/2022 00:22,4
10/05/2022 00:19,5
10/05/2022 00:18,3
10/05/2022 00:15,2
10/05/2022 00:08,2
10/05/2022 00:03,5
10/05/2022 00:02,4
09/05/2022 23:57,1
09/05/2022 23:55,4
09/05/2022 23:32,3
09/05/2022 23:28,5
09/05/2022 23:18,5
09/05/2022 23:11,3
09/05/2022 23:10,5
09/05/2022 23:09,4
09/05/2022 23:05,5
09/05/2022 23:02,5
09/05/2022 22:59,3
09/05/2022 22:53,4
09/05/2022 22:52,2
09/05/2022 22:52,5
09/05/2022 22:51,5
09/05/2022 22:47,5
09/05/2022 22:35,3
09/05/2022 22:31,5
09/05/2022 22:29,1
09/05/2022 22:25,3
09/05/2022 22:17,3
09/05/2022 22:07,1
09/05/2022 22:04,1
09/05/2022 21:53,1
09/05/2022 21:50,1
09/05/2022 21:46,1
09/05/2022 21:46,5
09/05/2022 21:39,2
09/05/2022 21:36,4
09/05/2022 21:31,5
09/05/2022 21:25,1
09/05/2022 21:24,5
09/05/2022 21:22,5
09/05/2022 21:20,2
09/05/2022 21:16,5
09/05/2022 21:12,4
09/05/2022 21:09,4
09/05/2022 21:00,5
09/05/2022 20:56,5
09/05/2022 20:54,5
09/05/2022 20:51,5
09/05/2022 20:48,2
09/05/2022 20:46,5
09/05/2022 20:45,2
09/05/2022 20:37,5
09/05/2022 20:31,5
09/05/2022 20:31,5
09/05/2022 20:24,1
09/05/2022 20:22,1
09/05/2022 20:21,1
09/05/2022 20:21,2
09/05/2022 20:17,2
09/05/2022 20:17,2
09/05/2022 20:16,5
09/05/2022 20:10,1
09/05/2022 19:58,1
09/05/2022 19:58,3
09/05/2022 19:53,2
09/05/2022 19:52,1
09/05/2022 19:51,3
09/05/2022 19:43,1
09/05/2022 19:37,1
09/05/2022 19:35,2
09/05/2022 19:33,1
09/05/2022 19:14,5
09/05/2022 19:07,1
09/05/2022 18:53,5
09/05/2022 18:50,5
09/05/2022 18:46,1
09/05/2022 18:41,4
09/05/2022 18:40,1
09/05/2022 18:40,1
09/05/2022 18:36,5
09/05/2022 18:36,4
09/05/2022 18:36,1
09/05/2022 18:34,3
09/05/2022 18:30,1
09/05/2022 18:27,4
09/05/2022 18:19,1
09/05/2022 18:15,5
09/05/2022 18:14,5
09/05/2022 18:12,1
09/05/2022 18:11,3
09/05/2022 18:09,5
09/05/2022 18:09,2
09/05/2022 18:06,5
09/05/2022 18:05,1
09/05/2022 18:04,5
09/05/2022 18:01,1
09/05/2022 17:57,5
09/05/2022 17:51,1
09/05/2022 17:48,5
09/05/2022 17:34,5
09/05/2022 17:34,4
09/05/2022 17:31,1
09/05/2022 17:30,5
09/05/2022 17:23,3
09/05/2022 17:19,4
09/05/2022 17:12,1
09/05/2022 17:04,5
09/05/2022 17:03,4
09/05/2022 16:44,5
09/05/2022 16:41,1
09/05/2022 16:39,2
09/05/2022 16:28,1
09/05/2022 16:28,5
09/05/2022 16:25,4
09/05/2022 16:25,5
09/05/2022 16:16,5
09/05/2022 16:15,4
09/05/2022 16:13,5
09/05/2022 16:10,1
09/05/2022 16:08,5
09/05/2022 15:58,1
09/05/2022 15:57,1
09/05/2022 15:55,2
09/05/2022 15:52,2
09/05/2022 15:44,5
09/05/2022 15:42,5
09/05/2022 15:33,5
09/05/2022 15:29,5
09/05/2022 15:27,4
09/05/2022 15:12,1
09/05/2022 15:05,1
09/05/2022 15:05,4
09/05/2022 14:59,5
09/05/2022 14:59,5
09/05/2022 14:58,1
09/05/2022 14:49,1
09/05/2022 14:38,4
09/05/2022 14:36,1
09/05/2022 14:34,2
09/05/2022 14:32,4
09/05/2022 14:31,3
09/05/2022 14:28,3
09/05/2022 14:25,5
09/05/2022 14:08,3
09/05/2022 13:58,2
09/05/2022 13:55,4
09/05/2022 13:51,4
09/05/2022 13:51,1
09/05/2022 13:49,1
09/05/2022 13:45,5
09/05/2022 13:42,4
09/05/2022 13:40,1
09/05/2022 13:38,4
09/05/2022 13:37,5
09/05/2022 13:31,4
09/05/2022 13:30,1
09/05/2022 13:19,1
09/05/2022 13:15,3
09/05/2022 13:09,3
09/05/2022 13:08,1
09/05/2022 13:07,1
09/05/2022 13:05,1
09/05/2022 13:02,3
09/05/2022 12:57,4
09/05/2022 12:57,5
09/05/2022 12:56,2
09/05/2022 12:51,3
09/05/2022 12:47,5
09/05/2022 12:47,4
09/05/2022 12:36,4
09/05/2022 12:36,1
09/05/2022 12:25,2
09/05/2022 12:22,5
09/05/2022 12:18,2
09/05/2022 12:18,3
09/05/2022 12:15,5
09/05/2022 12:14,1
09/05/2022 12:14,5
09/05/2022 12:13,5
09/05/2022 12:04,4
09/05/2022 11:59,2
09/05/2022 11:59,5
09/05/2022 11:54,5
09/05/2022 11:53,1
09/05/2022 11:53,1
09/05/2022 11:49,3
09/05/2022 11:46,5
09/05/2022 11:43,5
09/05/2022 11:32,5
09/05/2022 11:28,5
09/05/2022 11:26,1
09/05/2022 11:16,1
09/05/2022 11:14,5
09/05/2022 11:13,5
09/05/2022 11:08,3
09/05/2022 11:05,5
09/05/2022 10:59,4
09/05/2022 10:53,4
09/05/2022 10:47,4
09/05/2022 10:47,1
09/05/2022 10:46,5
09/05/2022 10:41,1
09/05/2022 10:38,3
09/05/2022 10:23,2
09/05/2022 10:05,5
09/05/2022 10:00,1
09/05/2022 09:40,5
09/05/2022 09:37,4
09/05/2022 09:37,5
09/05/2022 09:37,1
09/05/2022 09:36,5
09/05/2022 09:33,5
09/05/2022 09:32,1
09/05/2022 09:27,1
09/05/2022 09:10,3
09/05/2022 09:08,1
09/05/2022 09:05,4
09/05/2022 08:53,4
09/05/2022 08:52,4
09/05/2022 08:46,5
09/05/2022 08:40,5
09/05/2022 08:38,1
09/05/2022 08:25,5
09/05/2022 08:21,3
09/05/2022 08:18,5
09/05/2022 08:10,5
09/05/2022 07:40,2
09/05/2022 07:40,1
09/05/2022 07:28,1
09/05/2022 07:27,1
09/05/2022 07:22,5
09/05/2022 07:15,3
09/05/2022 07:10,5
09/05/2022 07:10,1
09/05/2022 07:10,5
09/05/2022 07:03,1
09/05/2022 07:02,4
09/05/2022 06:44,4
09/05/2022 06:40,5
09/05/2022 06:38,2
09/05/2022 06:37,5
09/05/2022 06:34,5
09/05/2022 06:33,5
09/05/2022 06:28,3
09/05/2022 06:25,5
09/05/2022 06:23,2
09/05/2022 06:22,4
09/05/2022 06:12,4
09/05/2022 06:11,2
09/05/2022 06:10,5
09/05/2022 06:10,2
09/05/2022 06:08,1
09/05/2022 06:02,5
09/05/2022 06:00,5
09/05/2022 05:59,1
09/05/2022 05:55,5
09/05/2022 05:52,5
09/05/2022 05:50,3
09/05/2022 05:50,5
09/05/2022 05:47,3
09/05/2022 05:44,5
09/05/2022 05:39,5
09/05/2022 05:36,4
09/05/2022 05:36,5
09/05/2022 05:29,5
09/05/2022 05:11,4
09/05/2022 05:08,5
09/05/2022 05:08,5
09/05/2022 05:08,5
09/05/2022 05:06,1
09/05/2022 04:58,2
09/05/2022 04:57,1
09/05/2022 04:46,1
09/05/2022 04:39,5
09/05/2022 04:38,3
09/05/2022 04:32,5
09/05/2022 04:28,5
09/05/2022 04:26,4
09/05/2022 04:21,1
09/05/2022 04:20,5
09/05/2022 04:18,1
09/05/2022 04:09,5
09/05/2022 04:02,4
09/05/2022 03:59,4
09/05/2022 03:57,1
09/05/2022 03:56,5
09/05/2022 03:52,4
09/05/2022 03:28,4
09/05/2022 03:23,5
09/05/2022 03:21,5
09/05/2022 03:21,4
09/05/2022 03:06,5
09/05/2022 03:04,1
09/05/2022 02:48,5
09/05/2022 02:47,5
09/05/2022 02:39,5
09/05/2022 02:35,3
09/05/2022 02:34,4
09/05/2022 02:31,3
09/05/2022 02:29,1
09/05/2022 02:15,3
09/05/2022 02:14,5
09/05/2022 02:12,5
09/05/2022 02:12,5
09/05/2022 02:11,1
09/05/2022 02:06,1
09/05/2022 01:55,5
09/05/2022 01:47,3
09/05/2022 01:38,5
09/05/2022 01:35,5
09/05/2022 01:35,5
09/05/2022 01:30,5
09/05/2022 01:26,3
09/05/2022 01:18,1
09/05/2022 01:17,5
09/05/2022 01:16,5
09/05/2022 01:06,1
09/05/2022 01:04,5
09/05/2022 01:03,4
09/05/2022 01:02,4
09/05/2022 00:59,2
09/05/2022 00:58,5
09/05/2022 00:55,4
09/05/2022 00:47,5
09/05/2022 00:43,1
09/05/2022 00:43,5
09/05/2022 00:39,4
09/05/2022 00:31,4
09/05/2022 00:28,5
09/05/2022 00:27,5
09/05/2022 00:19,1
09/05/2022 00:19,4
09/05/2022 00:14,4
08/05/2022 23:50,5
08/05/2022 23:49,5
08/05/2022 23:48,5
08/05/2022 23:43,3
08/05/2022 23:39,5
08/05/2022 23:39,5
08/05/2022 23:31,4
08/05/2022 23:27,5
08/05/2022 23:18,1
08/05/2022 23:16,5
08/05/2022 23:15,2
08/05/2022 23:07,5
08/05/2022 23:02,5
08/05/2022 23:02,1
08/05/2022 23:00,5
08/05/2022 23:00,2
08/05/2022 22:59,1
08/05/2022 22:50,5
08/05/2022 22:49,3
08/05/2022 22:42,1
08/05/2022 22:41,4
08/05/2022 22:25,5
08/05/2022 22:25,1
08/05/2022 22:18,5
08/05/2022 21:54,4
08/05/2022 21:52,5
08/05/2022 21:39,2
08/05/2022 21:31,1
08/05/2022 21:27,5
08/05/2022 21:24,1
08/05/2022 21:13,5
08/05/2022 21:05,2
08/05/2022 21:03,1
08/05/2022 21:03,2
08/05/2022 21:01,4
08/05/2022 20:59,1
08/05/2022 20:53,1
08/05/2022 20:48,5
08/05/2022 20:43,2
08/05/2022 20:39,3
08/05/2022 20:35,3
08/05/2022 20:31,5
08/05/2022 20:28,5
08/05/2022 20:28,2
08/05/2022 20:25,5
08/05/2022 20:24,5
08/05/2022 20:20,1
08/05/2022 20:19,1
08/05/2022 20:13,5
08/05/2022 20:10,5
08/05/2022 20:08,3
08/05/2022 20:06,5
08/05/2022 20:00,2
08/05/2022 19:58,5
08/05/2022 19:56,1
08/05/2022 19:56,5
08/05/2022 19:48,3
08/05/2022 19:44,2
08/05/2022 19:43,5
08/05/2022 19:42,1
08/05/2022 19:41,5
08/05/2022 19:33,1
08/05/2022 19:30,4
08/05/2022 19:26,5
08/05/2022 19:24,4
08/05/2022 19:21,1
08/05/2022 19:18,4
08/05/2022 19:16,5
08/05/2022 19:04,5
08/05/2022 18:59,1
08/05/2022 18:57,3
08/05/2022 18:55,5
08/05/2022 18:50,1
08/05/2022 18:50,5
08/05/2022 18:47,2
08/05/2022 18:41,5
08/05/2022 18:39,5
08/05/2022 18:37,5
08/05/2022 18:30,5
08/05/2022 18:30,2
08/05/2022 18:20,1
08/05/2022 18:17,4
08/05/2022 18:10,1
08/05/2022 18:10,5
08/05/2022 18:09,5
08/05/2022 18:05,5
08/05/2022 18:05,5
08/05/2022 18:04,3
08/05/2022 18:04,5
08/05/2022 18:03,5
08/05/2022 18:01,4
08/05/2022 17:56,1
08/05/2022 17:50,5
08/05/2022 17:49,5
08/05/2022 17:42,3
08/05/2022 17:21,2
08/05/2022 17:17,2
08/05/2022 17:08,5
08/05/2022 16:57,5
08/05/2022 16:55,1
08/05/2022 16:54,3
08/05/2022 16:54,5
08/05/2022 16:51,1
08/05/2022 16:50,1
08/05/2022 16:43,4
08/05/2022 16:35,1
08/05/2022 16:34,1
08/05/2022 16:32,5
08/05/2022 16:32,1
08/05/2022 16:29,5
08/05/2022 16:23,5
08/05/2022 16:23,1
08/05/2022 16:14,5
08/05/2022 16:11,1
08/05/2022 16:09,5
08/05/2022 15:59,5
08/05/2022 15:59,4
08/05/2022 15:57,5
08/05/2022 15:56,5
08/05/2022 15:48,1
08/05/2022 15:47,1
08/05/2022 15:44,5
08/05/2022 15:42,5
08/05/2022 15:32,4
08/05/2022 15:27,4
08/05/2022 15:26,5
08/05/2022 15:20,1
08/05/2022 15:18,3
08/05/2022 15:06,5
08/05/2022 15:03,5
08/05/2022 15:02,4
08/05/2022 15:01,5
08/05/2022 14:57,1
08/05/2022 14:55,5
08/05/2022 14:55,2
08/05/2022 14:51,5
08/05/2022 14:48,5
08/05/2022 14:45,5
08/05/2022 14:43,5
08/05/2022 14:36,1
08/05/2022 14:35,1
08/05/2022 14:35,5
08/05/2022 14:26,5
08/05/2022 14:23,5
08/05/2022 14:22,3
08/05/2022 14:06,3
08/05/2022 14:03,4
08/05/2022 14:01,5
08/05/2022 13:56,1
08/05/2022 13:55,4
08/05/2022 13:51,5
08/05/2022 13:50,5
08/05/2022 13:45,1
08/05/2022 13:44,1
08/05/2022 13:39,2
08/05/2022 13:36,3
08/05/2022 13:34,5
08/05/2022 13:32,1
08/05/2022 13:23,2
08/05/2022 13:20,3
08/05/2022 13:13,4
08/05/2022 13:06,2
08/05/2022 13:06,5
08/05/2022 13:01,5
08/05/2022 13:00,1
08/05/2022 12:54,5
08/05/2022 12:52,5
08/05/2022 12:50,5
08/05/2022 12:48,4
08/05/2022 12:38,5
08/05/2022 12:27,4
08/05/2022 12:24,5
08/05/2022 12:11,5
08/05/2022 11:57,5
08/05/2022 11:56,5
08/05/2022 11:52,3
08/05/2022 11:49,5
08/05/2022 11:45,4
08/05/2022 11:40,5
08/05/2022 11:30,5
08/05/2022 11:28,5
08/05/2022 11:22,1
08/05/2022 11:20,1
08/05/2022 11:12,5
08/05/2022 11:10,5
08/05/2022 11:05,2
08/05/2022 11:03,2
08/05/2022 10:59,1
08/05/2022 10:59,2
08/05/2022 10:56,1
08/05/2022 10:53,2
08/05/2022 10:50,5
08/05/2022 10:48,4
08/05/2022 10:45,5
08/05/2022 10:42,3
08/05/2022 10:41,3
08/05/2022 10:39,5
08/05/2022 10:37,3
08/05/2022 10:20,2
08/05/2022 10:20,5
08/05/2022 10:20,1
08/05/2022 10:00,4
08/05/2022 09:55,5
08/05/2022 09:48,2
08/05/2022 09:45,5
08/05/2022 09:40,5
08/05/2022 09:32,2
08/05/2022 09:23,4
08/05/2022 09:23,3
08/05/2022 09:12,5
08/05/2022 09:11,5
08/05/2022 09:11,5
08/05/2022 09:10,1
08/05/2022 09:09,2
08/05/2022 09:09,1
08/05/2022 09:02,5
08/05/2022 09:00,1
08/05/2022 08:58,5
08/05/2022 08:56,5
08/05/2022 08:35,5
08/05/2022 08:29,1
08/05/2022 08:28,5
08/05/2022 08:21,2
08/05/2022 08:20,1
08/05/2022 08:03,1
08/05/2022 08:02,5
08/05/2022 07:57,5
08/05/2022 07:57,5
08/05/2022 07:49,5
08/05/2022 07:45,5
08/05/2022 07:42,5
08/05/2022 07:30,5
08/05/2022 07:26,1
08/05/2022 07:25,5
08/05/2022 07:24,2
08/05/2022 07:24,1
08/05/2022 07:22,5
08/05/2022 07:19,3
08/05/2022 07:16,5
08/05/2022 07:14,1
08/05/2022 07:08,5
08/05/2022 06:49,5
08/05/2022 06:46,1
08/05/2022 06:42,5
08/05/2022 06:38,5
08/05/2022 06:37,5
08/05/2022 06:37,1
08/05/2022 06:33,5
08/05/2022 06:27,4
08/05/2022 06:23,5
08/05/2022 06:23,1
08/05/2022 06:22,5
08/05/2022 06:13,5
08/05/2022 06:08,2
08/05/2022 06:04,2
08/05/2022 06:01,3
08/05/2022 06:00,4
08/05/2022 05:57,3
08/05/2022 05:50,4
08/05/2022 05:43,5
08/05/2022 05:37,5
08/05/2022 05:25,4
08/05/2022 05:18,5
08/05/2022 05:18,1
08/05/2022 05:10,5
08/05/2022 04:57,1
08/05/2022 04:43,1
08/05/2022 04:33,4
08/05/2022 04:33,3
08/05/2022 04:32,5
08/05/2022 04:27,4
08/05/2022 04:23,5
08/05/2022 04:20,2
08/05/2022 04:19,5
08/05/2022 04:15,1
08/05/2022 04:12,5
08/05/2022 04:10,5
08/05/2022 04:06,5
08/05/2022 04:03,1
08/05/2022 03:42,1
08/05/2022 03:41,5
08/05/2022 03:39,5
08/05/2022 03:39,4
08/05/2022 03:35,5
08/05/2022 03:34,2
08/05/2022 03:32,3
08/05/2022 03:28,5
08/05/2022 03:25,1
08/05/2022 03:24,1
08/05/2022 03:22,5
08/05/2022 03:21,1
08/05/2022 03:19,1
08/05/2022 03:17,1
08/05/2022 03:13,5
08/05/2022 03:08,1
08/05/2022 03:07,3
08/05/2022 03:07,2
08/05/2022 03:05,4
08/05/2022 03:01,5
08/05/2022 03:00,5
08/05/2022 02:57,2
08/05/2022 02:54,3
08/05/2022 02:53,1
08/05/2022 02:43,5
08/05/2022 02:39,5
08/05/2022 02:33,5
08/05/2022 02:14,5
08/05/2022 02:12,5
08/05/2022 02:11,5
08/05/2022 02:09,4
08/05/2022 02:06,3
08/05/2022 02:05,4
08/05/2022 01:57,5
08/05/2022 01:56,2
08/05/2022 01:49,2
08/05/2022 01:48,1
08/05/2022 01:42,5
08/05/2022 01:36,5
08/05/2022 01:33,4
08/05/2022 01:15,2
08/05/2022 01:10,2
08/05/2022 01:04,1
08/05/2022 01:02,1
08/05/2022 01:02,5
08/05/2022 00:57,2
08/05/2022 00:56,4
08/05/2022 00:56,5
08/05/2022 00:44,1
08/05/2022 00:44,4
08/05/2022 00:39,2
08/05/2022 00:35,4
08/05/2022 00:27,2
08/05/2022 00:25,5
08/05/2022 00:11,5
08/05/2022 00:09,1
08/05/2022 00:07,1
08/05/2022 00:02,5
07/05/2022 23:44,5
07/05/2022 23:44,5
07/05/2022 23:44,1
07/05/2022 23:35,3
07/05/2022 23:33,2
07/05/2022 23:33,5
07/05/2022 23:33,2
07/05/2022 23:29,5
07/05/2022 23:25,1
07/05/2022 23:23,2
07/05/2022 23:20,4
07/05/2022 23:14,1
07/05/2022 23:05,1
07/05/2022 23:01,1
07/05/2022 22:53,5
07/05/2022 22:53,3
07/05/2022 22:47,1
07/05/2022 22:45,5
07/05/2022 22:40,4
07/05/2022 22:35,5
07/05/2022 22:35,3
07/05/2022 22:33,1
07/05/2022 22:31,2
07/05/2022 22:29,1
07/05/2022 22:29,1
07/05/2022 22:22,1
07/05/2022 22:20,2
07/05/2022 22:18,1
07/05/2022 22:13,5
07/05/2022 22:10,2
07/05/2022 22:10,5
07/05/2022 22:05,5
07/05/2022 22:04,3
07/05/2022 22:01,1
07/05/2022 21:48,3
07/05/2022 21:39,5
07/05/2022 21:39,5
07/05/2022 21:33,5
07/05/2022 21:29,4
07/05/2022 21:27,5
07/05/2022 21:27,1
07/05/2022 21:15,5
07/05/2022 21:12,4
07/05/2022 21:08,4
07/05/2022 21:07,1
07/05/2022 20:57,3
07/05/2022 20:36,1
07/05/2022 20:30,1
07/05/2022 20:22,3
07/05/2022 20:21,5
07/05/2022 20:11,4
07/05/2022 20:06,5
07/05/2022 20:03,5
07/05/2022 20:02,1
07/05/2022 19:57,5
07/05/2022 19:56,5
07/05/2022 19:50,5
07/05/2022 19:49,4
07/05/2022 19:40,5
07/05/2022 19:40,1
07/05/2022 19:31,4
07/05/2022 19:31,5
07/05/2022 19:30,3
07/05/2022 19:28,1
07/05/2022 19:27,1
07/05/2022 19:26,3
07/05/2022 19:26,5
07/05/2022 19:18,2
07/05/2022 19:14,4
07/05/2022 19:10,5
07/05/2022 19:05,5
07/05/2022 19:00,4
07/05/2022 18:57,3
07/05/2022 18:56,5
07/05/2022 18:49,1
07/05/2022 18:45,5
07/05/2022 18:45,1
07/05/2022 18:44,1
07/05/2022 18:41,3
07/05/2022 18:41,5
07/05/2022 18:40,5
07/05/2022 18:39,1
07/05/2022 18:37,5
07/05/2022 18:35,2
07/05/2022 18:34,4
07/05/2022 18:33,1
07/05/2022 18:32,1
07/05/2022 18:31,5
07/05/2022 18:29,3
07/05/2022 18:28,2
07/05/2022 18:23,5
07/05/2022 18:16,2
07/05/2022 18:14,5
07/05/2022 18:13,1
07/05/2022 18:07,3
07/05/2022 18:03,1
07/05/2022 17:55,4
07/05/2022 17:51,5
07/05/2022 17:50,5
07/05/2022 17:48,5
07/05/2022 17:43,1
07/05/2022 17:41,5
07/05/2022 17:39,4
07/05/2022 17:33,5
07/05/2022 17:32,2
07/05/2022 17:32,4
07/05/2022 17:30,4
07/05/2022 17:22,1
07/05/2022 17:22,5
07/05/2022 17:15,4
07/05/2022 17:12,1
07/05/2022 17:10,5
07/05/2022 17:09,2
07/05/2022 17:08,2
07/05/2022 17:07,2
07/05/2022 17:00,2
07/05/2022 16:55,3
07/05/2022 16:52,1
07/05/2022 16:46,5
07/05/2022 16:45,3
07/05/2022 16:40,4
07/05/2022 16:38,3
07/05/2022 16:28,5
07/05/2022 16:26,3
07/05/2022 16:26,5
07/05/2022 16:25,5
07/05/2022 16:21,4
07/05/2022 16:18,3
07/05/2022 16:17,2
07/05/2022 16:16,4
07/05/2022 16:03,1
07/05/2022 16:01,1
07/05/2022 15:59,1
07/05/2022 15:59,2
07/05/2022 15:54,1
07/05/2022 15:49,5
07/05/2022 15:47,1
07/05/2022 15:43,2
07/05/2022 15:40,1
07/05/2022 15:39,5
07/05/2022 15:39,5
07/05/2022 15:39,5
07/05/2022 15:35,3
07/05/2022 15:30,4
07/05/2022 15:27,5
07/05/2022 15:24,5
07/05/2022 15:22,5
07/05/2022 15:21,1
07/05/2022 15:18,5
07/05/2022 15:16,1
07/05/2022 15:14,1
07/05/2022 15:12,3
07/05/2022 15:01,5
07/05/2022 15:00,5
07/05/2022 14:56,2
07/05/2022 14:50,1
07/05/2022 14:48,1
07/05/2022 14:48,5
07/05/2022 14:46,1
07/05/2022 14:45,3
07/05/2022 14:42,5
07/05/2022 14:33,3
07/05/2022 14:24,4
07/05/2022 14:22,4
07/05/2022 14:22,1
07/05/2022 14:22,5
07/05/2022 14:15,5
07/05/2022 14:08,5
07/05/2022 14:08,2
07/05/2022 14:00,4
07/05/2022 14:00,1
07/05/2022 14:00,5
07/05/2022 13:59,5
07/05/2022 13:57,5
07/05/2022 13:50,5
07/05/2022 13:48,3
07/05/2022 13:46,2
07/05/2022 13:40,5
07/05/2022 13:35,1
07/05/2022 13:25,5
07/05/2022 13:22,4
07/05/2022 13:21,1
07/05/2022 13:20,1
07/05/2022 13:11,5
07/05/2022 13:09,5
07/05/2022 13:09,3
07/05/2022 13:05,1
07/05/2022 13:04,1
07/05/2022 13:01,3
07/05/2022 12:59,3
07/05/2022 12:53,5
07/05/2022 12:52,5
07/05/2022 12:52,3
07/05/2022 12:50,5
07/05/2022 12:50,4
07/05/2022 12:46,5
07/05/2022 12:44,5
07/05/2022 12:38,5
07/05/2022 12:36,5
07/05/2022 12:34,2
07/05/2022 12:29,1
07/05/2022 12:29,1
07/05/2022 12:23,3
07/05/2022 12:22,1
07/05/2022 12:21,1
07/05/2022 12:19,5
07/05/2022 12:15,2
07/05/2022 11:58,4
07/05/2022 11:49,3
07/05/2022 11:45,5
07/05/2022 11:43,5
07/05/2022 11:38,3
07/05/2022 11:28,5
07/05/2022 11:27,5
07/05/2022 11:27,5
07/05/2022 11:24,1
07/05/2022 11:24,5
07/05/2022 11:24,1
07/05/2022 11:23,2
07/05/2022 11:21,4
07/05/2022 11:18,1
07/05/2022 11:17,5
07/05/2022 11:17,5
07/05/2022 11:13,5
07/05/2022 11:12,3
07/05/2022 11:10,1
07/05/2022 11:03,5
07/05/2022 11:00,4
07/05/2022 10:59,2
07/05/2022 10:58,4
07/05/2022 10:56,5
07/05/2022 10:51,5
07/05/2022 10:48,5
07/05/2022 10:37,1
07/05/2022 10:31,1
07/05/2022 10:22,1
07/05/2022 10:19,5
07/05/2022 10:19,2
07/05/2022 10:19,4
07/05/2022 10:17,5
07/05/2022 10:10,5
07/05/2022 10:03,5
07/05/2022 10:00,5
07/05/2022 09:55,5
07/05/2022 09:54,2
07/05/2022 09:50,3
07/05/2022 09:50,5
07/05/2022 09:47,1
07/05/2022 09:47,4
07/05/2022 09:39,5
07/05/2022 09:32,1
07/05/2022 09:09,1
07/05/2022 09:07,1
07/05/2022 09:00,1
07/05/2022 08:54,5
07/05/2022 08:49,5
07/05/2022 08:45,4
07/05/2022 08:42,5
07/05/2022 08:42,1
07/05/2022 08:34,1
07/05/2022 08:30,2
07/05/2022 08:28,5
07/05/2022 08:27,4
07/05/2022 08:25,1
07/05/2022 08:22,1
07/05/2022 08:21,5
07/05/2022 08:12,5
07/05/2022 08:12,3
07/05/2022 08:09,2
07/05/2022 08:08,5
07/05/2022 07:58,2
07/05/2022 07:48,5
07/05/2022 07:48,3
07/05/2022 07:47,5
07/05/2022 07:38,1
07/05/2022 07:34,5
07/05/2022 07:32,5
07/05/2022 07:28,4
07/05/2022 07:24,1
07/05/2022 07:16,4
07/05/2022 07:12,3
07/05/2022 06:42,4
07/05/2022 06:42,3
07/05/2022 06:42,5
07/05/2022 06:41,1
07/05/2022 06:31,5
07/05/2022 06:25,5
07/05/2022 06:21,1
07/05/2022 06:17,3
07/05/2022 06:14,1
07/05/2022 06:12,2
07/05/2022 06:11,5
07/05/2022 06:08,5
07/05/2022 06:07,1
07/05/2022 06:04,5
07/05/2022 06:03,1
07/05/2022 06:02,5
07/05/2022 05:55,1
07/05/2022 05:54,1
07/05/2022 05:51,1
07/05/2022 05:43,4
07/05/2022 05:38,3
07/05/2022 05:38,5
07/05/2022 05:37,1
07/05/2022 05:36,5
07/05/2022 05:35,5
07/05/2022 05:29,2
07/05/2022 05:28,1
07/05/2022 05:27,5
07/05/2022 05:26,1
07/05/2022 05:24,5
07/05/2022 05:23,3
07/05/2022 05:05,2
07/05/2022 05:05,1
07/05/2022 05:04,5
07/05/2022 05:01,5
07/05/2022 04:54,1
07/05/2022 04:52,5
07/05/2022 04:49,2
07/05/2022 04:41,5
07/05/2022 04:37,5
07/05/2022 04:36,5
07/05/2022 04:33,3
07/05/2022 04:30,4
07/05/2022 04:27,3
07/05/2022 04:25,3
07/05/2022 04:22,5
07/05/2022 04:17,5
07/05/2022 04:14,1
07/05/2022 04:05,5
07/05/2022 03:53,5
07/05/2022 03:24,5
07/05/2022 03:20,5
07/05/2022 03:20,3
07/05/2022 03:19,1
07/05/2022 03:13,5
07/05/2022 03:11,5
07/05/2022 03:05,1
07/05/2022 02:56,5
07/05/2022 02:51,5
07/05/2022 02:47,5
07/05/2022 02:42,5
07/05/2022 02:38,4
07/05/2022 02:36,3
07/05/2022 02:34,2
07/05/2022 02:20,5
07/05/2022 02:10,5
07/05/2022 02:00,5
07/05/2022 01:58,2
07/05/2022 01:53,5
07/05/2022 01:47,1
07/05/2022 01:46,3
07/05/2022 01:44,1
07/05/2022 01:41,5
07/05/2022 01:30,1
07/05/2022 01:26,5
07/05/2022 01:22,2
07/05/2022 01:13,5
07/05/2022 01:11,5
07/05/2022 01:08,3
07/05/2022 01:02,1
07/05/2022 00:59,5
07/05/2022 00:58,5
07/05/2022 00:57,5
07/05/2022 00:48,3
07/05/2022 00:47,5
07/05/2022 00:39,2
07/05/2022 00:31,5
07/05/2022 00:28,4
07/05/2022 00:22,3
07/05/2022 00:21,1
07/05/2022 00:19,3
07/05/2022 00:13,5
07/05/2022 00:06,5
07/05/2022 00:05,3
07/05/2022 00:01,1
07/05/2022 00:00,5
06/05/2022 23:58,4
06/05/2022 23:58,2
06/05/2022 23:57,2
06/05/2022 23:56,1
06/05/2022 23:50,1
06/05/2022 23:42,3
06/05/2022 23:40,5
06/05/2022 23:38,3
06/05/2022 23:25,5
06/05/2022 23:23,3
06/05/2022 23:23,1
06/05/2022 23:20,5
06/05/2022 23:10,5
06/05/2022 23:08,1
06/05/2022 23:04,1
06/05/2022 23:03,3
06/05/2022 22:55,4
06/05/2022 22:51,4
06/05/2022 22:47,3
06/05/2022 22:38,5
06/05/2022 22:33,3
06/05/2022 22:29,5
06/05/2022 22:13,3
06/05/2022 22:10,5
06/05/2022 22:09,5
06/05/2022 21:59,5
06/05/2022 21:57,5
06/05/2022 21:49,5
06/05/2022 21:46,2
06/05/2022 21:45,2
06/05/2022 21:41,1
06/05/2022 21:39,3
06/05/2022 21:39,1
06/05/2022 21:27,3
06/05/2022 21:26,4
06/05/2022 21:21,5
06/05/2022 21:14,5
06/05/2022 21:11,4
06/05/2022 21:11,5
06/05/2022 21:09,5
06/05/2022 21:08,5
06/05/2022 20:58,5
06/05/2022 20:49,1
06/05/2022 20:40,5
06/05/2022 20:34,3
06/05/2022 20:24,3
06/05/2022 20:20,2
06/05/2022 20:17,2
06/05/2022 20:16,5
06/05/2022 20:12,5
06/05/2022 20:11,3
06/05/2022 20:11,1
06/05/2022 20:06,5
06/05/2022 20:02,2
06/05/2022 19:57,5
06/05/2022 19:53,5
06/05/2022 19:50,2
06/05/2022 19:45,1
06/05/2022 19:38,5
06/05/2022 19:31,5
06/05/2022 19:24,1
06/05/2022 19:18,5
06/05/2022 19:15,5
06/05/2022 19:13,5
06/05/2022 19:11,1
06/05/2022 19:11,5
06/05/2022 19:10,3
06/05/2022 19:10,1
06/05/2022 19:03,4
06/05/2022 19:01,5
06/05/2022 19:00,1
06/05/2022 18:51,4
06/05/2022 18:43,2
06/05/2022 18:39,5
06/05/2022 18:34,5
06/05/2022 18:34,1
06/05/2022 18:34,3
06/05/2022 18:33,3
06/05/2022 18:33,4
06/05/2022 18:33,1
06/05/2022 18:31,2
06/05/2022 18:18,1
06/05/2022 18:06,3
06/05/2022 18:04,1
06/05/2022 17:45,1
06/05/2022 17:41,5
06/05/2022 17:40,3
06/05/2022 17:38,5
06/05/2022 17:37,5
06/05/2022 17:35,1
06/05/2022 17:35,5
06/05/2022 17:33,4
06/05/2022 17:25,2
06/05/2022 17:16,1
06/05/2022 17:15,5
06/05/2022 17:14,4
06/05/2022 17:13,4
06/05/2022 17:08,4
06/05/2022 17:06,1
06/05/2022 17:03,5
06/05/2022 17:00,4
06/05/2022 16:58,5
06/05/2022 16:58,4
06/05/2022 16:55,5
06/05/2022 16:54,1
06/05/2022 16:53,5
06/05/2022 16:51,4
06/05/2022 16:46,4
06/05/2022 16:43,5
06/05/2022 16:43,5
06/05/2022 16:42,3
06/05/2022 16:41,1
06/05/2022 16:32,2
06/05/2022 16:26,1
06/05/2022 16:25,5
06/05/2022 16:22,5
06/05/2022 16:22,5
06/05/2022 16:19,5
06/05/2022 16:06,4
06/05/2022 16:03,1
06/05/2022 16:01,5
06/05/2022 15:58,4
06/05/2022 15:56,5
06/05/2022 15:56,5
06/05/2022 15:56,1
06/05/2022 15:56,5
06/05/2022 15:50,5
06/05/2022 15:47,4
06/05/2022 15:45,1
06/05/2022 15:43,1
06/05/2022 15:34,3
06/05/2022 15:31,1
06/05/2022 15:30,1
06/05/2022 15:23,4
06/05/2022 15:21,1
06/05/2022 15:12,1
06/05/2022 15:09,5
06/05/2022 15:02,5
06/05/2022 15:00,4
06/05/2022 14:56,1
06/05/2022 14:56,5
06/05/2022 14:54,1
06/05/2022 14:54,5
06/05/2022 14:44,5
06/05/2022 14:40,1
06/05/2022 14:37,5
06/05/2022 14:36,1
06/05/2022 14:35,5
06/05/2022 14:33,5
06/05/2022 14:28,3
06/05/2022 14:28,2
06/05/2022 14:27,3
06/05/2022 14:24,4
06/05/2022 14:20,5
06/05/2022 14:18,1
06/05/2022 14:18,2
06/05/2022 14:16,2
06/05/2022 14:15,3
06/05/2022 14:13,4
06/05/2022 14:13,3
06/05/2022 14:11,1
06/05/2022 14:10,3
06/05/2022 14:07,5
06/05/2022 14:05,5
06/05/2022 14:05,5
06/05/2022 14:03,3
06/05/2022 13:57,2
06/05/2022 13:55,1
06/05/2022 13:54,5
06/05/2022 13:54,1
06/05/2022 13:51,1
06/05/2022 13:50,5
06/05/2022 13:48,5
06/05/2022 13:47,2
06/05/2022 13:44,4
06/05/2022 13:41,2
06/05/2022 13:37,4
06/05/2022 13:35,4
06/05/2022 13:35,2
06/05/2022 13:34,5
06/05/2022 13:30,2
06/05/2022 13:30,5
06/05/2022 13:28,2
06/05/2022 13:26,5
06/05/2022 13:26,4
06/05/2022 13:21,1
06/05/2022 13:19,4
06/05/2022 13:18,5
06/05/2022 13:15,5
06/05/2022 13:14,1
06/05/2022 13:08,5
06/05/2022 13:02,1
06/05/2022 13:00,5
06/05/2022 12:59,5
06/05/2022 12:54,5
06/05/2022 12:49,4
06/05/2022 12:43,5
06/05/2022 12:33,2
06/05/2022 12:32,1
06/05/2022 12:29,3
06/05/2022 12:27,5
06/05/2022 12:20,1
06/05/2022 12:07,1
06/05/2022 12:06,5
06/05/2022 12:01,2
06/05/2022 11:53,1
06/05/2022 11:52,1
06/05/2022 11:42,4
06/05/2022 11:40,2
06/05/2022 11:38,2
06/05/2022 11:37,5
06/05/2022 11:35,5
06/05/2022 11:35,3
06/05/2022 11:23,5
06/05/2022 11:15,1
06/05/2022 11:14,5
06/05/2022 10:56,5
06/05/2022 10:53,2
06/05/2022 10:51,5
06/05/2022 10:47,5
06/05/2022 10:46,5
06/05/2022 10:44,5
06/05/2022 10:41,5
06/05/2022 10:38,4
06/05/2022 10:37,2
06/05/2022 10:27,1
06/05/2022 10:26,1
06/05/2022 10:26,4
06/05/2022 10:21,5
06/05/2022 10:17,5
06/05/2022 10:12,5
06/05/2022 10:11,1
06/05/2022 10:09,1
06/05/2022 10:09,2
06/05/2022 10:07,3
06/05/2022 10:05,2
06/05/2022 10:01,1
06/05/2022 09:54,4
06/05/2022 09:54,3
06/05/2022 09:52,1
06/05/2022 09:51,3
06/05/2022 09:47,1
06/05/2022 09:46,5
06/05/2022 09:39,5
06/05/2022 09:39,1
06/05/2022 09:36,2
06/05/2022 09:29,1
06/05/2022 09:23,1
06/05/2022 09:22,5
06/05/2022 09:17,1
06/05/2022 09:10,1
06/05/2022 09:09,3
06/05/2022 09:09,2
06/05/2022 09:03,1
06/05/2022 08:54,5
06/05/2022 08:52,4
06/05/2022 08:36,3
06/05/2022 08:24,5
06/05/2022 08:24,1
06/05/2022 08:24,5
06/05/2022 08:23,1
06/05/2022 08:19,5
06/05/2022 08:04,5
06/05/2022 08:01,4
06/05/2022 07:56,5
06/05/2022 07:47,3
06/05/2022 07:45,4
06/05/2022 07:43,1
06/05/2022 07:33,5
06/05/2022 07:22,5
06/05/2022 07:19,5
06/05/2022 07:15,1
06/05/2022 07:13,3
06/05/2022 07:13,2
06/05/2022 07:07,5
06/05/2022 07:07,5
06/05/2022 07:04,3
06/05/2022 06:59,5
06/05/2022 06:56,1
06/05/2022 06:51,3
06/05/2022 06:50,5
06/05/2022 06:48,1
06/05/2022 06:45,5
06/05/2022 06:43,1
06/05/2022 06:39,2
06/05/2022 06:33,1
06/05/2022 06:29,5
06/05/2022 06:21,4
06/05/2022 06:20,2
06/05/2022 06:20,2
06/05/2022 06:17,5
06/05/2022 06:16,1
06/05/2022 06:14,5
06/05/2022 06:11,5
06/05/2022 06:11,2
06/05/2022 06:09,2
06/05/2022 06:05,5
06/05/2022 06:04,5
06/05/2022 05:53,5
06/05/2022 05:51,1
06/05/2022 05:50,4
06/05/2022 05:48,1
06/05/2022 05:47,2
06/05/2022 05:38,1
06/05/2022 05:36,5
06/05/2022 05:25,2
06/05/2022 05:22,5
06/05/2022 05:09,1
06/05/2022 05:07,5
06/05/2022 05:06,1
06/05/2022 05:05,5
06/05/2022 05:01,5
06/05/2022 05:01,5
06/05/2022 05:01,4
06/05/2022 04:57,3
06/05/2022 04:56,3
06/05/2022 04:56,3
06/05/2022 04:53,1
06/05/2022 04:52,5
06/05/2022 04:52,5
06/05/2022 04:49,5
06/05/2022 04:46,4
06/05/2022 04:46,1
06/05/2022 04:42,4
06/05/2022 04:38,5
06/05/2022 04:37,5
06/05/2022 04:32,4
06/05/2022 04:25,1
06/05/2022 04:20,5
06/05/2022 04:20,5
06/05/2022 04:20,3
06/05/2022 04:14,5
06/05/2022 04:12,1
06/05/2022 04:06,5
06/05/2022 04:06,2
06/05/2022 04:02,2
06/05/2022 03:59,5
06/05/2022 03:57,1
06/05/2022 03:40,4
06/05/2022 03:40,5
06/05/2022 03:35,5
06/05/2022 03:33,1
06/05/2022 03:31,5
06/05/2022 03:30,1
06/05/2022 03:25,1
06/05/2022 03:22,1
06/05/2022 03:14,2
06/05/2022 03:14,4
06/05/2022 03:09,1
06/05/2022 03:07,5
06/05/2022 03:07,4
06/05/2022 03:02,2
06/05/2022 02:53,5
06/05/2022 02:39,5
06/05/2022 02:31,5
06/05/2022 02:30,1
06/05/2022 02:19,5
06/05/2022 02:18,1
06/05/2022 02:18,5
06/05/2022 02:14,4
06/05/2022 02:04,1
06/05/2022 02:01,5
06/05/2022 02:00,3
06/05/2022 02:00,3
06/05/2022 01:59,5
06/05/2022 01:57,4
06/05/2022 01:49,1
06/05/2022 01:47,1
06/05/2022 01:42,1
06/05/2022 01:41,5
06/05/2022 01:37,5
06/05/2022 01:34,5
06/05/2022 01:29,1
06/05/2022 01:27,4
06/05/2022 01:25,5
06/05/2022 01:16,3
06/05/2022 01:13,1
06/05/2022 01:12,4
06/05/2022 01:10,4
06/05/2022 01:05,2
06/05/2022 01:03,5
06/05/2022 01:02,2
06/05/2022 01:01,4
06/05/2022 01:00,4
06/05/2022 00:57,5
06/05/2022 00:53,5
06/05/2022 00:53,5
06/05/2022 00:52,3
06/05/2022 00:51,3
06/05/2022 00:48,5
06/05/2022 00:48,1
06/05/2022 00:47,3
06/05/2022 00:43,5
06/05/2022 00:43,5
06/05/2022 00:36,3
06/05/2022 00:25,3
06/05/2022 00:23,5
06/05/2022 00:21,1
06/05/2022 00:19,1
06/05/2022 00:16,2
06/05/2022 00:15,1
06/05/2022 00:15,5
06/05/2022 00:11,1
06/05/2022 00:05,1
06/05/2022 00:03,5
05/05/2022 23:55,1
05/05/2022 23:38,2
05/05/2022 23:35,4
05/05/2022 23:31,5
05/05/2022 23:21,1
05/05/2022 23:21,5
05/05/2022 23:18,5
05/05/2022 23:14,1
05/05/2022 23:14,5
05/05/2022 23:13,5
05/05/2022 23:04,3
05/05/2022 23:04,3
05/05/2022 23:01,3
05/05/2022 22:58,3
05/05/2022 22:57,3
05/05/2022 22:39,3
05/05/2022 22:38,5
05/05/2022 22:34,3
05/05/2022 22:34,4
05/05/2022 22:28,5
05/05/2022 22:25,4
05/05/2022 22:19,1
05/05/2022 22:19,4
05/05/2022 22:15,5
05/05/2022 22:14,5
05/05/2022 22:13,1
05/05/2022 22:10,5
05/05/2022 22:00,5
05/05/2022 21:57,5
05/05/2022 21:53,5
05/05/2022 21:49,5
05/05/2022 21:49,1
05/05/2022 21:39,1
05/05/2022 21:37,5
05/05/2022 21:36,1
05/05/2022 21:35,4
05/05/2022 21:33,5
05/05/2022 21:26,5
05/05/2022 21:23,5
05/05/2022 21:19,4
05/05/2022 21:11,5
05/05/2022 21:03,4
05/05/2022 21:02,1
05/05/2022 20:57,1
05/05/2022 20:54,1
05/05/2022 20:49,3
05/05/2022 20:49,4
05/05/2022 20:44,1
05/05/2022 20:40,1
05/05/2022 20:39,4
05/05/2022 20:37,1
05/05/2022 20:31,5
05/05/2022 20:29,5
05/05/2022 20:28,5
05/05/2022 20:27,2
05/05/2022 20:24,5
05/05/2022 20:23,5
05/05/2022 20:22,1
05/05/2022 20:19,1
05/05/2022 20:19,5
05/05/2022 20:16,3
05/05/2022 20:13,5
05/05/2022 20:08,5
05/05/2022 20:07,1
05/05/2022 20:05,5
05/05/2022 20:02,1
05/05/2022 19:54,1
05/05/2022 19:49,3
05/05/2022 19:47,1
05/05/2022 19:44,5
05/05/2022 19:43,1
05/05/2022 19:42,1
05/05/2022 19:39,5
05/05/2022 19:39,4
05/05/2022 19:38,1
05/05/2022 19:36,5
05/05/2022 19:29,5
05/05/2022 19:25,5
05/05/2022 19:21,1
05/05/2022 19:20,5
05/05/2022 19:17,5
05/05/2022 19:16,5
05/05/2022 19:14,3
05/05/2022 19:08,3
05/05/2022 19:05,5
05/05/2022 19:04,5
05/05/2022 19:04,5
05/05/2022 18:53,1
05/05/2022 18:49,2
05/05/2022 18:40,5
05/05/2022 18:38,5
05/05/2022 18:37,5
05/05/2022 18:28,5
05/05/2022 18:21,4
05/05/2022 18:14,1
05/05/2022 18:13,5
05/05/2022 18:13,5
05/05/2022 18:09,2
05/05/2022 18:08,1
05/05/2022 18:06,5
05/05/2022 18:05,3
05/05/2022 18:05,1
05/05/2022 18:03,5
05/05/2022 18:03,5
05/05/2022 18:02,1
05/05/2022 17:54,3
05/05/2022 17:47,1
05/05/2022 17:46,1
05/05/2022 17:46,3
05/05/2022 17:45,1
05/05/2022 17:44,1
05/05/2022 17:39,5
05/05/2022 17:38,2
05/05/2022 17:37,5
05/05/2022 17:25,5
05/05/2022 17:19,4
05/05/2022 17:18,5
05/05/2022 17:17,5
05/05/2022 17:11,4
05/05/2022 17:09,5
05/05/2022 17:00,5
05/05/2022 16:59,5
05/05/2022 16:56,1
05/05/2022 16:56,1
05/05/2022 16:55,1
05/05/2022 16:50,1
05/05/2022 16:39,5
05/05/2022 16:37,5
05/05/2022 16:34,2
05/05/2022 16:30,5
05/05/2022 16:25,5
05/05/2022 16:23,4
05/05/2022 16:16,2
05/05/2022 16:13,5
05/05/2022 16:10,1
05/05/2022 16:09,5
05/05/2022 16:08,5
05/05/2022 16:05,5
05/05/2022 16:05,5
05/05/2022 15:54,1
05/05/2022 15:49,5
05/05/2022 15:47,5
05/05/2022 15:47,5
05/05/2022 15:46,1
05/05/2022 15:45,5
05/05/2022 15:45,3
05/05/2022 15:38,5
05/05/2022 15:37,1
05/05/2022 15:22,2
05/05/2022 15:22,1
05/05/2022 15:18,1
05/05/2022 15:18,5
05/05/2022 15:17,5
05/05/2022 15:15,5
05/05/2022 15:13,4
05/05/2022 15:10,1
05/05/2022 15:08,5
05/05/2022 15:04,4
05/05/2022 14:57,5
05/05/2022 14:50,1
05/05/2022 14:50,3
05/05/2022 14:49,5
05/05/2022 14:48,4
05/05/2022 14:47,5
05/05/2022 14:44,2
05/05/2022 14:38,1
05/05/2022 14:33,1
05/05/2022 14:27,5
05/05/2022 14:23,3
05/05/2022 14:07,5
05/05/2022 14:05,5
05/05/2022 14:04,2
05/05/2022 14:03,4
05/05/2022 14:01,3
05/05/2022 13:56,1
05/05/2022 13:55,4
05/05/2022 13:53,2
05/05/2022 13:51,5
05/05/2022 13:51,5
05/05/2022 13:50,5
05/05/2022 13:48,1
05/05/2022 13:48,1
05/05/2022 13:44,3
05/05/2022 13:42,1
05/05/2022 13:42,5
05/05/2022 13:30,3
05/05/2022 13:27,5
05/05/2022 13:23,5
05/05/2022 13:22,1
05/05/2022 13:22,1
05/05/2022 13:20,3
05/05/2022 13:20,4
05/05/2022 13:19,4
05/05/2022 13:17,5
05/05/2022 13:14,3
05/05/2022 13:12,1
05/05/2022 13:12,3
05/05/2022 13:09,1
05/05/2022 13:09,5
05/05/2022 13:06,4
05/05/2022 13:06,2
05/05/2022 13:00,3
05/05/2022 12:51,5
05/05/2022 12:51,1
05/05/2022 12:50,5
05/05/2022 12:39,4
05/05/2022 12:36,2
05/05/2022 12:36,1
05/05/2022 12:32,1
05/05/2022 12:25,4
05/05/2022 12:18,4
05/05/2022 12:16,5
05/05/2022 12:15,1
05/05/2022 12:12,3
05/05/2022 12:07,4
05/05/2022 12:02,5
05/05/2022 11:58,1
05/05/2022 11:52,3
05/05/2022 11:48,2
05/05/2022 11:46,4
05/05/2022 11:43,3
05/05/2022 11:39,3
05/05/2022 11:39,5
05/05/2022 11:38,4
05/05/2022 11:33,5
05/05/2022 11:30,1
05/05/2022 11:30,1
05/05/2022 11:26,4
05/05/2022 11:23,4
05/05/2022 11:19,2
05/05/2022 11:16,5
05/05/2022 11:14,1
05/05/2022 11:07,2
05/05/2022 11:06,5
05/05/2022 11:06,2
05/05/2022 11:04,5
05/05/2022 11:04,4
05/05/2022 11:03,3
05/05/2022 11:02,5
05/05/2022 10:57,5
05/05/2022 10:54,5
05/05/2022 10:52,1
05/05/2022 10:50,1
05/05/2022 10:48,1
05/05/2022 10:46,1
05/05/2022 10:40,5
05/05/2022 10:33,3
05/05/2022 10:27,1
05/05/2022 10:19,5
05/05/2022 09:53,2
05/05/2022 09:43,2
05/05/2022 09:42,1
05/05/2022 09:30,1
05/05/2022 09:29,2
05/05/2022 09:22,5
05/05/2022 09:17,5
05/05/2022 09:06,5
05/05/2022 09:00,5
05/05/2022 09:00,1
05/05/2022 08:41,4
05/05/2022 08:37,4
05/05/2022 08:26,1
05/05/2022 08:23,5
05/05/2022 08:20,1
05/05/2022 08:19,3
05/05/2022 08:18,4
05/05/2022 08:14,5
05/05/2022 08:11,1
05/05/2022 08:09,5
05/05/2022 08:08,3
05/05/2022 08:01,1
05/05/2022 08:00,5
05/05/2022 07:57,3
05/05/2022 07:46,1
05/05/2022 07:44,2
05/05/2022 07:44,5
05/05/2022 07:41,3
05/05/2022 07:29,5
05/05/2022 07:28,1
05/05/2022 07:24,2
05/05/2022 07:23,2
05/05/2022 07:21,5
05/05/2022 07:11,4
05/05/2022 07:01,5
05/05/2022 06:59,5
05/05/2022 06:50,5
05/05/2022 06:45,1
05/05/2022 06:39,5
05/05/2022 06:36,4
05/05/2022 06:31,5
05/05/2022 06:30,2
05/05/2022 06:07,1
05/05/2022 05:56,1
05/05/2022 05:46,3
05/05/2022 05:44,5
05/05/2022 05:35,5
05/05/2022 05:34,3
05/05/2022 05:23,1
05/05/2022 05:23,5
05/05/2022 05:19,3
05/05/2022 05:16,3
05/05/2022 05:16,4
05/05/2022 05:08,4
05/05/2022 05:04,1
05/05/2022 05:01,3
05/05/2022 04:58,5
05/05/2022 04:55,5
05/05/2022 04:52,5
05/05/2022 04:52,4
05/05/2022 04:43,5
05/05/2022 04:41,5
05/05/2022 04:41,5
05/05/2022 04:38,2
05/05/2022 04:37,1
05/05/2022 04:35,4
05/05/2022 04:29,5
05/05/2022 04:26,5
05/05/2022 04:25,4
05/05/2022 04:15,5
05/05/2022 03:54,5
05/05/2022 03:51,1
05/05/2022 03:42,5
05/05/2022 03:30,4
05/05/2022 03:29,5
05/05/2022 03:22,1
05/05/2022 03:19,2
05/05/2022 03:10,4
05/05/2022 03:07,5
05/05/2022 02:44,3
05/05/2022 02:39,5
05/05/2022 02:36,5
05/05/2022 02:32,1
05/05/2022 02:20,1
05/05/2022 02:15,5
05/05/2022 02:13,1
05/05/2022 02:04,1
05/05/2022 01:56,5
05/05/2022 01:46,5
05/05/2022 01:44,2
05/05/2022 01:43,1
05/05/2022 01:42,5
05/05/2022 01:19,2
05/05/2022 01:18,5
05/05/2022 01:17,3
05/05/2022 01:11,5
05/05/2022 01:06,5
05/05/2022 01:06,3
05/05/2022 01:02,5
05/05/2022 01:01,5
05/05/2022 00:55,5
05/05/2022 00:42,5
05/05/2022 00:39,5
05/05/2022 00:37,5
05/05/2022 00:34,5
05/05/2022 00:29,2
05/05/2022 00:28,5
05/05/2022 00:19,1
05/05/2022 00:19,1
05/05/2022 00:13,5
05/05/2022 00:12,5
05/05/2022 00:06,5
05/05/2022 00:06,5
05/05/2022 00:05,2
05/05/2022 00:04,5
05/05/2022 00:03,5
04/05/2022 23:52,3
04/05/2022 23:49,2
04/05/2022 23:48,5
04/05/2022 23:36,1
04/05/2022 23:34,5
04/05/2022 23:28,1
04/05/2022 23:20,4
04/05/2022 23:18,5
04/05/2022 23:11,2
04/05/2022 23:09,3
04/05/2022 23:04,3
04/05/2022 23:03,1
04/05/2022 22:56,1
04/05/2022 22:54,5
04/05/2022 22:52,5
04/05/2022 22:47,5
04/05/2022 22:44,5
04/05/2022 22:43,1
04/05/2022 22:39,5
04/05/2022 22:29,4
04/05/2022 22:12,5
04/05/2022 22:11,4
04/05/2022 22:11,1
04/05/2022 22:06,1
04/05/2022 22:05,5
04/05/2022 22:05,1
04/05/2022 22:00,5
04/05/2022 21:58,3
04/05/2022 21:52,1
04/05/2022 21:42,1
04/05/2022 21:41,3
04/05/2022 21:41,2
04/05/2022 21:41,5
04/05/2022 21:38,5
04/05/2022 21:34,1
04/05/2022 21:34,5
04/05/2022 21:30,2
04/05/2022 21:28,1
04/05/2022 21:27,4
04/05/2022 21:17,3
04/05/2022 21:14,5
04/05/2022 21:09,1
04/05/2022 21:06,5
04/05/2022 21:03,2
04/05/2022 21:00,1
04/05/2022 20:59,5
04/05/2022 20:56,1
04/05/2022 20:56,2
04/05/2022 20:49,1
04/05/2022 20:45,1
04/05/2022 20:40,5
04/05/2022 20:40,1
04/05/2022 20:39,3
04/05/2022 20:37,5
04/05/2022 20:32,5
04/05/2022 20:32,5
04/05/2022 20:28,1
04/05/2022 20:18,3
04/05/2022 20:18,4
04/05/2022 20:16,5
04/05/2022 20:16,2
04/05/2022 20:14,4
04/05/2022 20:06,5
04/05/2022 20:01,5
04/05/2022 19:59,2
04/05/2022 19:58,5
04/05/2022 19:55,3
04/05/2022 19:48,4
04/05/2022 19:47,2
04/05/2022 19:43,5
04/05/2022 19:37,5
04/05/2022 19:29,3
04/05/2022 19:17,1
04/05/2022 19:13,4
04/05/2022 19:07,2
04/05/2022 18:58,5
04/05/2022 18:58,2
04/05/2022 18:56,3
04/05/2022 18:48,1
04/05/2022 18:47,5
04/05/2022 18:45,1
04/05/2022 18:37,4
04/05/2022 18:35,1
04/05/2022 18:34,5
04/05/2022 18:33,5
04/05/2022 18:31,3
04/05/2022 18:28,5
04/05/2022 18:25,1
04/05/2022 18:24,4
04/05/2022 18:23,5
04/05/2022 18:22,1
04/05/2022 18:21,5
04/05/2022 18:21,5
04/05/2022 18:19,4
04/05/2022 18:09,4
04/05/2022 18:09,5
04/05/2022 18:06,4
04/05/2022 18:02,3
04/05/2022 18:02,1
04/05/2022 18:02,5
04/05/2022 17:59,1
04/05/2022 17:57,1
04/05/2022 17:56,5
04/05/2022 17:54,5
04/05/2022 17:52,4
04/05/2022 17:52,1
04/05/2022 17:48,5
04/05/2022 17:47,2
04/05/2022 17:44,4
04/05/2022 17:41,1
04/05/2022 17:38,5
04/05/2022 17:28,5
04/05/2022 17:27,5
04/05/2022 17:25,1
04/05/2022 17:22,1
04/05/2022 17:21,1
04/05/2022 17:17,3
04/05/2022 17:17,4
04/05/2022 17:14,2
04/05/2022 17:13,5
04/05/2022 17:03,5
04/05/2022 17:03,5
04/05/2022 16:57,5
04/05/2022 16:54,5
04/05/2022 16:44,2
04/05/2022 16:42,4
04/05/2022 16:42,1
04/05/2022 16:41,1
04/05/2022 16:37,4
04/05/2022 16:34,5
04/05/2022 16:33,4
04/05/2022 16:31,3
04/05/2022 16:29,5
04/05/2022 16:28,5
04/05/2022 16:14,5
04/05/2022 16:11,1
04/05/2022 16:10,5
04/05/2022 16:07,5
04/05/2022 16:06,5
04/05/2022 15:59,5
04/05/2022 15:53,1
04/05/2022 15:52,4
04/05/2022 15:46,1
04/05/2022 15:39,2
04/05/2022 15:29,1
04/05/2022 15:22,1
04/05/2022 15:20,5
04/05/2022 15:16,5
04/05/2022 15:15,5
04/05/2022 15:13,3
04/05/2022 15:05,5
04/05/2022 15:02,5
04/05/2022 15:00,5
04/05/2022 14:59,5
04/05/2022 14:56,5
04/05/2022 14:47,1
04/05/2022 14:42,5
04/05/2022 14:41,1
04/05/2022 14:37,5
04/05/2022 14:35,1
04/05/2022 14:31,5
04/05/2022 14:30,5
04/05/2022 14:28,5
04/05/2022 14:23,1
04/05/2022 14:20,4
04/05/2022 14:17,1
04/05/2022 14:14,4
04/05/2022 14:12,5
04/05/2022 14:11,5
04/05/2022 14:10,5
04/05/2022 14:04,5
04/05/2022 14:04,1
04/05/2022 14:03,3
04/05/2022 14:00,5
04/05/2022 13:52,3
04/05/2022 13:46,3
04/05/2022 13:30,1
04/05/2022 13:10,5
04/05/2022 13:09,4
04/05/2022 13:07,3
04/05/2022 13:06,5
04/05/2022 13:00,5
04/05/2022 12:58,4
04/05/2022 12:57,5
04/05/2022 12:47,5
04/05/2022 12:44,5
04/05/2022 12:41,2
04/05/2022 12:32,1
04/05/2022 12:32,1
04/05/2022 12:29,1
04/05/2022 12:28,1
04/05/2022 12:26,1
04/05/2022 12:25,3
04/05/2022 12:20,1
04/05/2022 12:17,5
04/05/2022 12:16,5
04/05/2022 12:09,5
04/05/2022 12:08,1
04/05/2022 12:05,3
04/05/2022 12:03,2
04/05/2022 11:57,5
04/05/2022 11:51,3
04/05/2022 11:51,2
04/05/2022 11:50,2
04/05/2022 11:41,4
04/05/2022 11:38,1
04/05/2022 11:37,1
04/05/2022 11:37,5
04/05/2022 11:33,5
04/05/2022 11:30,5
04/05/2022 11:25,1
04/05/2022 11:25,5
04/05/2022 11:15,1
04/05/2022 11:13,5
04/05/2022 11:10,5
04/05/2022 11:10,5
04/05/2022 11:07,1
04/05/2022 10:57,5
04/05/2022 10:53,5
04/05/2022 10:53,1
04/05/2022 10:49,4
04/05/2022 10:45,1
04/05/2022 10:44,5
04/05/2022 10:42,3
04/05/2022 10:30,4
04/05/2022 10:27,2
04/05/2022 10:23,3
04/05/2022 10:22,1
04/05/2022 10:18,5
04/05/2022 10:16,4
04/05/2022 10:11,1
04/05/2022 10:02,4
04/05/2022 10:00,1
04/05/2022 09:55,5
04/05/2022 09:48,3
04/05/2022 09:47,1
04/05/2022 09:43,5
04/05/2022 09:29,5
04/05/2022 09:21,1
04/05/2022 09:21,5
04/05/2022 09:18,5
04/05/2022 09:00,1
04/05/2022 08:48,3
04/05/2022 08:33,5
04/05/2022 08:31,5
04/05/2022 08:27,5
04/05/2022 08:26,5
04/05/2022 08:24,5
04/05/2022 08:20,5
04/05/2022 08:10,1
04/05/2022 07:58,5
04/05/2022 07:46,1
04/05/2022 07:30,5
04/05/2022 07:30,3
04/05/2022 07:26,5
04/05/2022 07:20,1
04/05/2022 07:05,5
04/05/2022 07:04,1
04/05/2022 07:03,1
04/05/2022 07:02,2
04/05/2022 07:01,2
04/05/2022 06:57,1
04/05/2022 06:53,2
04/05/2022 06:52,1
04/05/2022 06:51,1
04/05/2022 06:48,1
04/05/2022 06:48,4
04/05/2022 06:42,3
04/05/2022 06:38,5
04/05/2022 06:37,5
04/05/2022 06:34,2
04/05/2022 06:31,5
04/05/2022 06:29,3
04/05/2022 06:29,1
04/05/2022 06:28,5
04/05/2022 06:24,4
04/05/2022 06:07,5
04/05/2022 06:04,2
04/05/2022 06:02,4
04/05/2022 05:59,4
04/05/2022 05:37,1
04/05/2022 05:35,5
04/05/2022 05:34,1
04/05/2022 05:34,5
04/05/2022 05:31,5
04/05/2022 05:29,5
04/05/2022 05:26,5
04/05/2022 05:23,3
04/05/2022 04:56,5
04/05/2022 04:52,5
04/05/2022 04:43,1
04/05/2022 04:43,5
04/05/2022 04:41,5
04/05/2022 04:40,5
04/05/2022 04:39,5
04/05/2022 04:36,2
04/05/2022 04:30,5
04/05/2022 04:25,5
04/05/2022 04:20,3
04/05/2022 04:16,5
04/05/2022 04:11,2
04/05/2022 04:03,5
04/05/2022 03:58,5
04/05/2022 03:58,3
04/05/2022 03:55,5
04/05/2022 03:49,5
04/05/2022 03:44,3
04/05/2022 03:38,1
04/05/2022 03:28,3
04/05/2022 03:27,5
04/05/2022 03:20,1
04/05/2022 03:13,5
04/05/2022 03:10,5
04/05/2022 03:03,5
04/05/2022 03:03,5
04/05/2022 03:03,1
04/05/2022 02:55,2
04/05/2022 02:55,5
04/05/2022 02:55,5
04/05/2022 02:54,1
04/05/2022 02:53,5
04/05/2022 02:49,3
04/05/2022 02:44,2
04/05/2022 02:41,5
04/05/2022 02:20,2
04/05/2022 02:18,5
04/05/2022 02:17,1
04/05/2022 02:15,3
04/05/2022 02:14,4
04/05/2022 01:57,5
04/05/2022 01:44,4
04/05/2022 01:44,2
04/05/2022 01:44,5
04/05/2022 01:42,5
04/05/2022 01:27,2
04/05/2022 01:27,1
04/05/2022 01:19,4
04/05/2022 01:16,5
04/05/2022 01:14,5
04/05/2022 01:13,1
04/05/2022 01:05,5
04/05/2022 01:04,5
04/05/2022 01:03,5
04/05/2022 00:57,5
04/05/2022 00:56,5
04/05/2022 00:49,5
04/05/2022 00:49,5
04/05/2022 00:43,5
04/05/2022 00:36,4
04/05/2022 00:32,1
04/05/2022 00:24,4
04/05/2022 00:21,5
04/05/2022 00:14,5
04/05/2022 00:11,5
04/05/2022 00:08,4
04/05/2022 00:06,5
03/05/2022 23:56,2
03/05/2022 23:54,3
03/05/2022 23:38,5
03/05/2022 23:30,5
03/05/2022 23:28,5
03/05/2022 23:21,1
03/05/2022 23:20,5
03/05/2022 23:19,5
03/05/2022 23:16,2
03/05/2022 23:14,2
03/05/2022 23:13,4
03/05/2022 23:13,1
03/05/2022 23:11,4
03/05/2022 23:05,2
03/05/2022 22:59,5
03/05/2022 22:59,2
03/05/2022 22:57,5
03/05/2022 22:55,3
03/05/2022 22:55,3
03/05/2022 22:45,4
03/05/2022 22:38,4
03/05/2022 22:38,5
03/05/2022 22:32,3
03/05/2022 22:24,4
03/05/2022 22:24,5
03/05/2022 22:22,2
03/05/2022 22:21,3
03/05/2022 22:20,5
03/05/2022 22:15,1
03/05/2022 22:13,2
03/05/2022 22:07,1
03/05/2022 22:07,1
03/05/2022 22:05,4
03/05/2022 22:04,1
03/05/2022 22:03,2
03/05/2022 21:56,3
03/05/2022 21:55,4
03/05/2022 21:54,1
03/05/2022 21:44,1
03/05/2022 21:31,3
03/05/2022 21:29,1
03/05/2022 21:28,1
03/05/2022 21:26,2
03/05/2022 21:22,2
03/05/2022 21:21,1
03/05/2022 21:21,4
03/05/2022 21:08,1
03/05/2022 20:54,5
03/05/2022 20:50,1
03/05/2022 20:50,1
03/05/2022 20:50,2
03/05/2022 20:45,5
03/05/2022 20:44,4
03/05/2022 20:42,5
03/05/2022 20:37,3
03/05/2022 20:35,5
03/05/2022 20:34,2
03/05/2022 20:34,3
03/05/2022 20:27,5
03/05/2022 20:26,1
03/05/2022 20:25,1
03/05/2022 20:23,1
03/05/2022 20:21,5
03/05/2022 20:19,4
03/05/2022 20:17,4
03/05/2022 20:10,4
03/05/2022 20:02,1
03/05/2022 19:55,1
03/05/2022 19:47,5
03/05/2022 19:45,2
03/05/2022 19:39,5
03/05/2022 19:33,5
03/05/2022 19:31,2
03/05/2022 19:26,3
03/05/2022 19:25,3
03/05/2022 19:15,4
03/05/2022 19:13,2
03/05/2022 19:13,2
03/05/2022 19:12,1
03/05/2022 19:12,3
03/05/2022 19:11,5
03/05/2022 19:06,1
03/05/2022 19:05,1
03/05/2022 19:04,5
03/05/2022 19:03,3
03/05/2022 19:00,2
03/05/2022 18:58,2
03/05/2022 18:57,1
03/05/2022 18:55,1
03/05/2022 18:54,1
03/05/2022 18:40,4
03/05/2022 18:37,5
03/05/2022 18:36,1
03/05/2022 18:36,1
03/05/2022 18:34,5
03/05/2022 18:31,2
03/05/2022 18:30,4
03/05/2022 18:29,5
03/05/2022 18:27,5
03/05/2022 18:14,4
03/05/2022 18:12,1
03/05/2022 17:56,5
03/05/2022 17:54,2
03/05/2022 17:54,1
03/05/2022 17:44,4
03/05/2022 17:37,4
03/05/2022 17:35,5
03/05/2022 17:18,2
03/05/2022 17:15,4
03/05/2022 17:13,2
03/05/2022 17:06,5
03/05/2022 17:05,1
03/05/2022 17:01,1
03/05/2022 17:01,5
03/05/2022 16:58,5
03/05/2022 16:58,5
03/05/2022 16:58,4
03/05/2022 16:56,2
03/05/2022 16:52,5
03/05/2022 16:47,1
03/05/2022 16:45,1
03/05/2022 16:39,5
03/05/2022 16:35,5
03/05/2022 16:30,1
03/05/2022 16:29,2
03/05/2022 16:24,2
03/05/2022 16:22,5
03/05/2022 16:22,5
03/05/2022 16:20,3
03/05/2022 16:17,5
03/05/2022 16:06,1
03/05/2022 16:05,2
03/05/2022 16:04,1
03/05/2022 15:59,1
03/05/2022 15:50,5
03/05/2022 15:49,5
03/05/2022 15:48,5
03/05/2022 15:47,5
03/05/2022 15:37,5
03/05/2022 15:37,1
03/05/2022 15:34,5
03/05/2022 15:32,4
03/05/2022 15:32,5
03/05/2022 15:29,5
03/05/2022 15:26,1
03/05/2022 15:20,5
03/05/2022 15:18,1
03/05/2022 15:17,1
03/05/2022 15:14,1
03/05/2022 15:13,5
03/05/2022 15:13,4
03/05/2022 15:06,1
03/05/2022 15:02,1
03/05/2022 14:56,2
03/05/2022 14:44,4
03/05/2022 14:39,5
03/05/2022 14:38,1
03/05/2022 14:30,4
03/05/2022 14:28,2
03/05/2022 14:26,5
03/05/2022 14:22,5
03/05/2022 14:21,4
03/05/2022 14:18,1
03/05/2022 14:16,4
03/05/2022 14:15,4
03/05/2022 14:06,5
03/05/2022 14:05,1
03/05/2022 14:04,1
03/05/2022 14:00,5
03/05/2022 13:58,2
03/05/2022 13:57,1
03/05/2022 13:57,5
03/05/2022 13:51,5
03/05/2022 13:41,1
03/05/2022 13:40,1
03/05/2022 13:36,5
03/05/2022 13:35,5
03/05/2022 13:32,2
03/05/2022 13:30,5
03/05/2022 13:17,3
03/05/2022 13:07,4
03/05/2022 13:05,1
03/05/2022 12:58,3
03/05/2022 12:56,3
03/05/2022 12:54,1
03/05/2022 12:52,4
03/05/2022 12:49,1
03/05/2022 12:47,1
03/05/2022 12:47,4
03/05/2022 12:45,3
03/05/2022 12:32,5
03/05/2022 12:29,1
03/05/2022 12:15,3
03/05/2022 12:14,4
03/05/2022 12:14,4
03/05/2022 12:13,1
03/05/2022 12:08,5
03/05/2022 12:04,1
03/05/2022 11:52,1
03/05/2022 11:46,1
03/05/2022 11:45,1
03/05/2022 11:44,1
03/05/2022 11:39,5
03/05/2022 11:38,1
03/05/2022 11:38,4
03/05/2022 11:36,1
03/05/2022 11:34,1
03/05/2022 11:33,3
03/05/2022 11:23,2
03/05/2022 11:17,5
03/05/2022 11:17,1
03/05/2022 11:10,1
03/05/2022 11:10,2
03/05/2022 11:05,4
03/05/2022 11:05,5
03/05/2022 11:05,2
03/05/2022 11:04,2
03/05/2022 11:03,5
03/05/2022 11:02,2
03/05/2022 11:02,5
03/05/2022 10:58,3
03/05/2022 10:57,2
03/05/2022 10:53,5
03/05/2022 10:41,4
03/05/2022 10:37,3
03/05/2022 10:25,5
03/05/2022 10:19,3
03/05/2022 10:17,1
03/05/2022 10:09,1
03/05/2022 09:59,4
03/05/2022 09:59,5
03/05/2022 09:50,5
03/05/2022 09:47,5
03/05/2022 09:35,3
03/05/2022 09:29,5
03/05/2022 09:21,4
03/05/2022 09:20,5
03/05/2022 09:18,2
03/05/2022 09:15,5
03/05/2022 09:13,4
03/05/2022 09:04,5
03/05/2022 09:02,2
03/05/2022 09:02,5
03/05/2022 08:56,5
03/05/2022 08:50,2
03/05/2022 08:48,5
03/05/2022 08:45,5
03/05/2022 08:44,3
03/05/2022 08:39,3
03/05/2022 08:37,1
03/05/2022 08:35,4
03/05/2022 08:09,3
03/05/2022 08:07,2
03/05/2022 08:05,5
03/05/2022 08:05,5
03/05/2022 08:05,5
03/05/2022 07:59,5
03/05/2022 07:55,5
03/05/2022 07:52,5
03/05/2022 07:45,1
03/05/2022 07:36,5
03/05/2022 07:33,3
03/05/2022 07:33,3
03/05/2022 07:26,5
03/05/2022 07:25,5
03/05/2022 07:23,1
03/05/2022 07:13,2
03/05/2022 07:09,3
03/05/2022 07:05,2
03/05/2022 06:54,5
03/05/2022 06:51,5
03/05/2022 06:48,3
03/05/2022 06:39,5
03/05/2022 06:37,1
03/05/2022 06:35,5
03/05/2022 06:33,5
03/05/2022 06:32,1
03/05/2022 06:31,5
03/05/2022 06:29,2
03/05/2022 06:26,2
03/05/2022 06:25,3
03/05/2022 06:16,4
03/05/2022 06:03,1
03/05/2022 06:00,5
03/05/2022 05:48,5
03/05/2022 05:47,5
03/05/2022 05:47,4
03/05/2022 05:44,1
03/05/2022 05:29,3
03/05/2022 05:28,1
03/05/2022 05:20,5
03/05/2022 05:19,5
03/05/2022 05:19,4
03/05/2022 05:09,4
03/05/2022 05:08,1
03/05/2022 05:07,5
03/05/2022 05:04,5
03/05/2022 05:01,4
03/05/2022 04:58,1
03/05/2022 04:56,4
03/05/2022 04:56,4
03/05/2022 04:55,5
03/05/2022 04:37,1
03/05/2022 04:31,5
03/05/2022 04:09,1
03/05/2022 04:08,5
03/05/2022 04:06,3
03/05/2022 04:03,5
03/05/2022 04:00,5
03/05/2022 03:59,4
03/05/2022 03:58,5
03/05/2022 03:48,5
03/05/2022 03:47,3
03/05/2022 03:46,5
03/05/2022 03:43,4
03/05/2022 03:36,5
03/05/2022 03:32,4
03/05/2022 03:31,5
03/05/2022 03:30,5
03/05/2022 03:27,5
03/05/2022 03:21,3
03/05/2022 03:15,3
03/05/2022 03:13,2
03/05/2022 03:05,4
03/05/2022 02:56,5
03/05/2022 02:42,5
03/05/2022 02:41,3
03/05/2022 02:30,5
03/05/2022 02:26,1
03/05/2022 02:21,5
03/05/2022 02:10,5
03/05/2022 02:10,5
03/05/2022 02:07,5
03/05/2022 02:07,4
03/05/2022 02:02,5
03/05/2022 01:57,5
03/05/2022 01:52,4
03/05/2022 01:30,5
03/05/2022 01:30,5
03/05/2022 01:26,3
03/05/2022 01:25,5
03/05/2022 01:23,2
03/05/2022 01:15,1
03/05/2022 01:11,4
03/05/2022 01:08,5
03/05/2022 01:05,2
03/05/2022 01:02,2
03/05/2022 00:50,1
03/05/2022 00:48,4
03/05/2022 00:46,5
03/05/2022 00:44,2
03/05/2022 00:44,5
03/05/2022 00:40,1
03/05/2022 00:39,5
03/05/2022 00:37,1
03/05/2022 00:35,5
03/05/2022 00:35,4
03/05/2022 00:29,5
03/05/2022 00:27,3
03/05/2022 00:26,1
03/05/2022 00:25,5
03/05/2022 00:24,1
03/05/2022 00:24,1
03/05/2022 00:21,2
03/05/2022 00:19,4
03/05/2022 00:17,5
03/05/2022 00:13,1
02/05/2022 23:56,3
02/05/2022 23:54,1
02/05/2022 23:47,1
02/05/2022 23:38,1
02/05/2022 23:36,5
02/05/2022 23:29,3
02/05/2022 23:28,5
02/05/2022 23:25,5
02/05/2022 23:24,2
02/05/2022 23:24,1
02/05/2022 23:22,1
02/05/2022 23:22,5
02/05/2022 23:20,4
02/05/2022 23:18,3
02/05/2022 23:06,5
02/05/2022 22:55,4
02/05/2022 22:50,5
02/05/2022 22:48,4
02/05/2022 22:47,5
02/05/2022 22:44,1
02/05/2022 22:36,5
02/05/2022 22:34,4
02/05/2022 22:30,5
02/05/2022 22:30,1
02/05/2022 22:28,3
02/05/2022 22:25,5
02/05/2022 22:24,1
02/05/2022 22:24,5
02/05/2022 22:22,2
02/05/2022 22:22,4
02/05/2022 22:22,1
02/05/2022 22:21,3
02/05/2022 22:14,2
02/05/2022 22:12,3
02/05/2022 22:10,5
02/05/2022 21:56,5
02/05/2022 21:54,4
02/05/2022 21:50,5
02/05/2022 21:50,5
02/05/2022 21:48,4
02/05/2022 21:47,5
02/05/2022 21:46,3
02/05/2022 21:43,1
02/05/2022 21:40,5
02/05/2022 21:36,5
02/05/2022 21:34,5
02/05/2022 21:24,1
02/05/2022 21:23,3
02/05/2022 21:19,5
02/05/2022 21:16,5
02/05/2022 21:16,4
02/05/2022 21:11,5
02/05/2022 21:10,3
02/05/2022 21:09,5
02/05/2022 21:06,5
02/05/2022 21:01,3
02/05/2022 20:59,1
02/05/2022 20:46,4
02/05/2022 20:39,5
02/05/2022 20:33,5
02/05/2022 20:31,2
02/05/2022 20:29,5
02/05/2022 20:27,5
02/05/2022 20:15,5
02/05/2022 20:14,3
02/05/2022 20:08,5
02/05/2022 20:04,3
02/05/2022 19:52,5
02/05/2022 19:47,5
02/05/2022 19:43,3
02/05/2022 19:42,5
02/05/2022 19:39,5
02/05/2022 19:34,1
02/05/2022 19:31,5
02/05/2022 19:28,1
02/05/2022 19:27,5
02/05/2022 19:24,5
02/05/2022 19:22,1
02/05/2022 19:19,4
02/05/2022 19:19,1
02/05/2022 19:15,5
02/05/2022 19:13,1
02/05/2022 19:11,4
02/05/2022 19:04,5
02/05/2022 18:57,4
02/05/2022 18:53,1
02/05/2022 18:53,5
02/05/2022 18:53,5
02/05/2022 18:46,1
02/05/2022 18:44,5
02/05/2022 18:40,5
02/05/2022 18:29,5
02/05/2022 18:27,1
02/05/2022 18:09,1
02/05/2022 18:09,5
02/05/2022 18:08,5
02/05/2022 18:07,4
02/05/2022 18:03,3
02/05/2022 18:01,5
02/05/2022 18:00,5
02/05/2022 17:52,5
02/05/2022 17:50,1
02/05/2022 17:50,5
02/05/2022 17:39,2
02/05/2022 17:39,5
02/05/2022 17:35,5
02/05/2022 17:26,5
02/05/2022 17:18,1
02/05/2022 17:11,5
02/05/2022 16:54,5
02/05/2022 16:53,1
02/05/2022 16:39,5
02/05/2022 16:36,1
02/05/2022 16:36,4
02/05/2022 16:35,2
02/05/2022 16:32,3
02/05/2022 16:31,5
02/05/2022 16:30,3
02/05/2022 16:24,1
02/05/2022 16:22,5
02/05/2022 16:11,4
02/05/2022 16:11,5
02/05/2022 16:04,5
02/05/2022 15:56,2
02/05/2022 15:56,1
02/05/2022 15:56,2
02/05/2022 15:55,1
02/05/2022 15:45,1
02/05/2022 15:41,5
02/05/2022 15:40,1
02/05/2022 15:36,5
02/05/2022 15:36,5
02/05/2022 15:35,2
02/05/2022 15:34,5
02/05/2022 15:33,2
02/05/2022 15:30,5
02/05/2022 15:22,5
02/05/2022 15:13,3
02/05/2022 15:08,3
02/05/2022 15:05,5
02/05/2022 15:03,3
02/05/2022 15:03,1
02/05/2022 14:54,2
02/05/2022 14:43,5
02/05/2022 14:29,4
02/05/2022 14:28,5
02/05/2022 14:27,5
02/05/2022 14:26,3
02/05/2022 14:20,2
02/05/2022 14:18,5
02/05/2022 14:08,5
02/05/2022 14:05,4
02/05/2022 14:03,5
02/05/2022 14:00,3
02/05/2022 13:59,1
02/05/2022 13:58,2
02/05/2022 13:55,2
02/05/2022 13:54,5
02/05/2022 13:53,3
02/05/2022 13:50,1
02/05/2022 13:48,2
02/05/2022 13:47,1
02/05/2022 13:47,4
02/05/2022 13:45,3
02/05/2022 13:45,5
02/05/2022 13:44,5
02/05/2022 13:44,5
02/05/2022 13:40,2
02/05/2022 13:26,5
02/05/2022 13:26,5
02/05/2022 13:15,2
02/05/2022 13:13,5
02/05/2022 13:08,5
02/05/2022 13:02,1
02/05/2022 12:56,1
02/05/2022 12:52,3
02/05/2022 12:47,5
02/05/2022 12:45,1
02/05/2022 12:45,4
02/05/2022 12:41,3
02/05/2022 12:38,5
02/05/2022 12:38,5
02/05/2022 12:27,5
02/05/2022 12:22,5
02/05/2022 12:21,4
02/05/2022 12:21,1
02/05/2022 12:17,5
02/05/2022 12:13,4
02/05/2022 12:03,2
02/05/2022 12:02,1
02/05/2022 11:58,1
02/05/2022 11:57,3
02/05/2022 11:56,5
02/05/2022 11:56,5
02/05/2022 11:55,1
02/05/2022 11:53,5
02/05/2022 11:39,1
02/05/2022 11:38,5
02/05/2022 11:35,5
02/05/2022 11:29,1
02/05/2022 11:19,2
02/05/2022 11:15,2
02/05/2022 11:12,1
02/05/2022 11:06,2
02/05/2022 11:06,5
02/05/2022 11:05,2
02/05/2022 10:59,4
02/05/2022 10:57,4
02/05/2022 10:55,5
02/05/2022 10:53,4
02/05/2022 10:50,1
02/05/2022 10:50,4
02/05/2022 10:47,4
02/05/2022 10:42,1
02/05/2022 10:39,1
02/05/2022 10:39,1
02/05/2022 10:32,1
02/05/2022 10:32,5
02/05/2022 10:30,2
02/05/2022 10:28,2
02/05/2022 10:22,4
02/05/2022 10:19,5
02/05/2022 10:15,4
02/05/2022 10:15,1
02/05/2022 10:09,1
02/05/2022 10:08,4
02/05/2022 10:06,1
02/05/2022 09:59,5
02/05/2022 09:57,2
02/05/2022 09:56,3
02/05/2022 09:53,5
02/05/2022 09:50,4
02/05/2022 09:43,5
02/05/2022 09:39,1
02/05/2022 09:38,1
02/05/2022 09:37,5
02/05/2022 09:31,5
02/05/2022 09:28,5
02/05/2022 09:28,1
02/05/2022 09:14,5
02/05/2022 09:04,1
02/05/2022 09:00,5
02/05/2022 08:56,4
02/05/2022 08:53,5
02/05/2022 08:46,1
02/05/2022 08:43,5
02/05/2022 08:19,1
02/05/2022 08:13,5
02/05/2022 08:08,4
02/05/2022 08:07,4
02/05/2022 08:06,2
02/05/2022 08:02,5
02/05/2022 08:02,5
02/05/2022 07:56,1
02/05/2022 07:51,5
02/05/2022 07:51,4
02/05/2022 07:40,5
02/05/2022 07:39,2
02/05/2022 07:35,5
02/05/2022 07:26,5
02/05/2022 07:18,1
02/05/2022 07:11,5
02/05/2022 07:07,1
02/05/2022 06:57,3
02/05/2022 06:56,2
02/05/2022 06:43,5
02/05/2022 06:42,5
02/05/2022 06:41,5
02/05/2022 06:36,5
02/05/2022 06:29,1
02/05/2022 06:17,1
02/05/2022 06:17,4
02/05/2022 06:02,5
02/05/2022 06:00,5
02/05/2022 05:57,1
02/05/2022 05:57,5
02/05/2022 05:55,3
02/05/2022 05:49,5
02/05/2022 05:49,5
02/05/2022 05:43,1
02/05/2022 05:37,2
02/05/2022 05:32,5
02/05/2022 05:31,5
02/05/2022 05:25,5
02/05/2022 05:20,1
02/05/2022 05:18,4
02/05/2022 05:16,5
02/05/2022 05:08,4
02/05/2022 05:07,5
02/05/2022 05:07,5
02/05/2022 05:01,5
02/05/2022 05:00,4
02/05/2022 05:00,5
02/05/2022 04:59,5
02/05/2022 04:56,4
02/05/2022 04:53,4
02/05/2022 04:51,1
02/05/2022 04:50,2
02/05/2022 04:45,3
02/05/2022 04:43,4
02/05/2022 04:42,2
02/05/2022 04:37,4
02/05/2022 04:36,5
02/05/2022 04:32,4
02/05/2022 04:30,5
02/05/2022 04:25,5
02/05/2022 04:20,3
02/05/2022 04:08,2
02/05/2022 04:02,5
02/05/2022 03:59,3
02/05/2022 03:47,3
02/05/2022 03:46,1
02/05/2022 03:36,5
02/05/2022 03:35,2
02/05/2022 03:35,5
02/05/2022 03:33,2
02/05/2022 03:32,1
02/05/2022 03:32,1
02/05/2022 03:27,5
02/05/2022 03:24,1
02/05/2022 03:19,5
02/05/2022 03:17,1
02/05/2022 03:17,5
02/05/2022 03:15,3
02/05/2022 03:12,5
02/05/2022 03:12,4
02/05/2022 02:55,2
02/05/2022 02:50,2
02/05/2022 02:42,5
02/05/2022 02:42,5
02/05/2022 02:40,1
02/05/2022 02:28,5
02/05/2022 02:21,5
02/05/2022 02:21,5
02/05/2022 02:11,5
02/05/2022 01:57,4
02/05/2022 01:53,5
02/05/2022 01:47,1
02/05/2022 01:45,5
02/05/2022 01:41,2
02/05/2022 01:40,2
02/05/2022 01:38,5
02/05/2022 01:35,2
02/05/2022 01:35,3
02/05/2022 01:28,2
02/05/2022 01:28,5
02/05/2022 01:22,1
02/05/2022 01:21,4
02/05/2022 01:21,4
02/05/2022 01:20,1
02/05/2022 01:19,2
02/05/2022 01:15,4
02/05/2022 01:12,5
02/05/2022 01:12,4
02/05/2022 00:53,2
02/05/2022 00:52,2
02/05/2022 00:50,1
02/05/2022 00:39,5
02/05/2022 00:37,3
02/05/2022 00:27,3
02/05/2022 00:21,1
02/05/2022 00:20,1
02/05/2022 00:19,3
02/05/2022 00:17,2
02/05/2022 00:13,5
02/05/2022 00:11,1
01/05/2022 23:57,1
01/05/2022 23:49,2
01/05/2022 23:44,5
01/05/2022 23:28,1
01/05/2022 23:23,4
01/05/2022 23:21,1
01/05/2022 23:14,5
01/05/2022 23:02,5
01/05/2022 23:01,5
01/05/2022 23:00,5
01/05/2022 22:59,5
01/05/2022 22:58,5
01/05/2022 22:50,3
01/05/2022 22:41,1
01/05/2022 22:37,5
01/05/2022 22:35,1
01/05/2022 22:34,5
01/05/2022 22:25,5
01/05/2022 22:17,2
01/05/2022 22:07,5
01/05/2022 22:03,1
01/05/2022 21:56,4
01/05/2022 21:55,3
01/05/2022 21:40,5
01/05/2022 21:35,5
01/05/2022 21:29,5
01/05/2022 21:22,2
01/05/2022 21:21,1
01/05/2022 21:16,3
01/05/2022 21:10,3
01/05/2022 21:05,4
01/05/2022 21:05,5
01/05/2022 21:04,5
01/05/2022 21:03,1
01/05/2022 21:00,4
01/05/2022 20:57,5
01/05/2022 20:54,1
01/05/2022 20:47,5
01/05/2022 20:34,1
01/05/2022 20:33,4
01/05/2022 20:29,5
01/05/2022 20:21,3
01/05/2022 20:00,5
01/05/2022 19:56,5
01/05/2022 19:55,1
01/05/2022 19:53,3
01/05/2022 19:52,1
01/05/2022 19:50,1
01/05/2022 19:42,5
01/05/2022 19:40,5
01/05/2022 19:30,4
01/05/2022 19:29,5
01/05/2022 19:25,1
01/05/2022 19:19,5
01/05/2022 19:16,5
01/05/2022 19:15,1
01/05/2022 19:08,3
01/05/2022 19:05,5
01/05/2022 19:05,3
01/05/2022 19:05,5
01/05/2022 19:03,5
01/05/2022 19:02,5
01/05/2022 18:55,1
01/05/2022 18:55,5
01/05/2022 18:46,5
01/05/2022 18:45,2
01/05/2022 18:45,5
01/05/2022 18:44,1
01/05/2022 18:43,5
01/05/2022 18:41,2
01/05/2022 18:38,5
01/05/2022 18:34,3
01/05/2022 18:32,2
01/05/2022 18:29,1
01/05/2022 18:20,5
01/05/2022 18:19,2
01/05/2022 18:19,3
01/05/2022 18:10,1
01/05/2022 18:09,5
01/05/2022 18:07,1
01/05/2022 18:04,5
01/05/2022 17:56,1
01/05/2022 17:50,5
01/05/2022 17:42,2
01/05/2022 17:42,1
01/05/2022 17:39,5
01/05/2022 17:39,4
01/05/2022 17:38,1
01/05/2022 17:30,5
01/05/2022 17:30,5
01/05/2022 17:26,5
01/05/2022 17:25,4
01/05/2022 17:24,3
01/05/2022 17:23,1
01/05/2022 17:19,2
01/05/2022 17:19,5
01/05/2022 17:15,1
01/05/2022 17:15,1
01/05/2022 17:12,2
01/05/2022 17:11,5
01/05/2022 17:09,2
01/05/2022 17:07,5
01/05/2022 17:03,1
01/05/2022 17:01,1
01/05/2022 17:01,2
01/05/2022 16:55,2
01/05/2022 16:53,1
01/05/2022 16:52,1
01/05/2022 16:48,4
01/05/2022 16:47,5
01/05/2022 16:38,3
01/05/2022 16:36,5
01/05/2022 16:32,5
01/05/2022 16:28,4
01/05/2022 16:25,4
01/05/2022 16:20,5
01/05/2022 16:17,5
01/05/2022 16:17,1
01/05/2022 16:16,5
01/05/2022 16:07,4
01/05/2022 16:05,5
01/05/2022 16:04,5
01/05/2022 16:03,5
01/05/2022 15:55,5
01/05/2022 15:54,4
01/05/2022 15:53,3
01/05/2022 15:52,1
01/05/2022 15:47,1
01/05/2022 15:39,5
01/05/2022 15:37,5
01/05/2022 15:35,4
01/05/2022 15:32,5
01/05/2022 15:16,5
01/05/2022 15:06,2
01/05/2022 15:05,1
01/05/2022 15:02,5
01/05/2022 15:02,4
01/05/2022 14:49,3
01/05/2022 14:48,1
01/05/2022 14:42,5
01/05/2022 14:42,1
01/05/2022 14:40,5
01/05/2022 14:40,5
01/05/2022 14:34,5
01/05/2022 14:33,4
01/05/2022 14:27,2
01/05/2022 14:26,5
01/05/2022 14:22,3
01/05/2022 14:16,5
01/05/2022 14:14,5
01/05/2022 14:14,4
01/05/2022 14:01,5
01/05/2022 14:00,5
01/05/2022 14:00,5
01/05/2022 13:57,5
01/05/2022 13:56,2
01/05/2022 13:54,3
01/05/2022 13:47,2
01/05/2022 13:39,5
01/05/2022 13:39,1
01/05/2022 13:34,3
01/05/2022 13:32,2
01/05/2022 13:30,5
01/05/2022 13:25,4
01/05/2022 13:18,5
01/05/2022 13:17,3
01/05/2022 13:15,5
01/05/2022 13:09,1
01/05/2022 13:08,1
01/05/2022 12:57,5
01/05/2022 12:55,4
01/05/2022 12:50,1
01/05/2022 12:48,2
01/05/2022 12:44,1
01/05/2022 12:42,5
01/05/2022 12:38,4
01/05/2022 12:38,2
01/05/2022 12:37,2
01/05/2022 12:19,1
01/05/2022 12:19,3
01/05/2022 12:18,1
01/05/2022 12:16,1
01/05/2022 12:13,4
01/05/2022 12:04,1
01/05/2022 11:59,5
01/05/2022 11:56,5
01/05/2022 11:55,2
01/05/2022 11:51,3
01/05/2022 11:47,1
01/05/2022 11:29,5
01/05/2022 11:27,5
01/05/2022 11:22,4
01/05/2022 11:07,2
01/05/2022 10:48,4
01/05/2022 10:47,5
01/05/2022 10:43,5
01/05/2022 10:39,5
01/05/2022 10:39,5
01/05/2022 10:27,1
01/05/2022 10:27,5
01/05/2022 10:25,5
01/05/2022 10:19,5
01/05/2022 10:11,5
01/05/2022 10:10,5
01/05/2022 10:10,5
01/05/2022 10:10,5
01/05/2022 10:07,5
01/05/2022 10:00,5
01/05/2022 09:56,5
01/05/2022 09:54,3
01/05/2022 09:53,4
01/05/2022 09:48,4
01/05/2022 09:44,1
01/05/2022 09:42,3
01/05/2022 09:37,1
01/05/2022 09:34,1
01/05/2022 08:59,1
01/05/2022 08:56,5
01/05/2022 08:54,3
01/05/2022 08:53,3
01/05/2022 08:48,5
01/05/2022 08:45,4
01/05/2022 08:42,1
01/05/2022 08:35,3
01/05/2022 08:30,2
01/05/2022 08:27,2
01/05/2022 08:26,4
01/05/2022 08:25,4
01/05/2022 08:19,2
01/05/2022 08:14,2
01/05/2022 08:12,1
01/05/2022 08:05,1
01/05/2022 08:03,4
01/05/2022 08:02,1
01/05/2022 08:01,2
01/05/2022 07:59,1
01/05/2022 07:59,1
01/05/2022 07:56,1
01/05/2022 07:52,1
01/05/2022 07:51,3
01/05/2022 07:50,5
01/05/2022 07:40,5
01/05/2022 07:31,1
01/05/2022 07:31,5
01/05/2022 07:30,1
01/05/2022 06:57,4
01/05/2022 06:54,4
01/05/2022 06:48,1
01/05/2022 06:46,1
01/05/2022 06:45,3
01/05/2022 06:43,5
01/05/2022 06:41,5
01/05/2022 06:39,3
01/05/2022 06:39,5
01/05/2022 06:33,5
01/05/2022 06:30,4
01/05/2022 06:23,2
01/05/2022 06:21,5
01/05/2022 06:08,1
01/05/2022 06:01,5
01/05/2022 05:58,2
01/05/2022 05:38,1
01/05/2022 05:35,5
01/05/2022 05:33,4
01/05/2022 05:27,4
01/05/2022 05:26,1
01/05/2022 05:24,5
01/05/2022 05:23,5
01/05/2022 05:19,3
01/05/2022 05:14,3
01/05/2022 05:13,5
01/05/2022 05:12,1
01/05/2022 05:09,5
01/05/2022 05:05,5
01/05/2022 05:03,1
01/05/2022 04:59,5
01/05/2022 04:56,4
01/05/2022 04:53,5
01/05/2022 04:48,5
01/05/2022 04:46,1
01/05/2022 04:45,1
01/05/2022 04:41,3
01/05/2022 04:41,4
01/05/2022 04:33,1
01/05/2022 04:23,5
01/05/2022 04:16,1
01/05/2022 04:13,1
01/05/2022 04:13,5
01/05/2022 04:13,5
01/05/2022 04:10,2
01/05/2022 04:03,5
01/05/2022 04:02,1
01/05/2022 03:58,1
01/05/2022 03:57,2
01/05/2022 03:50,4
01/05/2022 03:50,3
01/05/2022 03:44,5
01/05/2022 03:42,5
01/05/2022 03:35,5
01/05/2022 03:29,5
01/05/2022 03:20,5
01/05/2022 03:18,5
01/05/2022 03:14,4
01/05/2022 03:10,5
01/05/2022 03:06,1
01/05/2022 02:53,3
01/05/2022 02:40,5
01/05/2022 02:39,5
01/05/2022 02:33,5
01/05/2022 02:33,2
01/05/2022 02:24,5
01/05/2022 02:24,5
01/05/2022 02:24,2
01/05/2022 02:15,5
01/05/2022 02:05,5
01/05/2022 01:58,5
01/05/2022 01:52,5
01/05/2022 01:49,5
01/05/2022 01:48,5
01/05/2022 01:48,1
01/05/2022 01:47,5
01/05/2022 01:37,3
01/05/2022 01:33,5
01/05/2022 01:26,4
01/05/2022 01:21,1
01/05/2022 01:19,2
01/05/2022 01:18,4
01/05/2022 01:16,5
01/05/2022 01:15,1
01/05/2022 01:11,4
01/05/2022 01:06,1
01/05/2022 01:04,2
01/05/2022 01:01,5
01/05/2022 00:58,5
01/05/2022 00:57,5
01/05/2022 00:52,2
01/05/2022 00:51,5
01/05/2022 00:51,1
01/05/2022 00:46,4
01/05/2022 00:46,3
01/05/2022 00:45,3
01/05/2022 00:45,5
01/05/2022 00:38,1
01/05/2022 00:36,5
01/05/2022 00:36,5
01/05/2022 00:31,5
01/05/2022 00:30,1
01/05/2022 00:22,2
01/05/2022 00:20,2
01/05/2022 00:19,2
01/05/2022 00:19,2
01/05/2022 00:16,4
01/05/2022 00:14,2
01/05/2022 00:10,5
01/05/2022 00:08,4
01/05/2022 00:07,5
30/04/2022 23:56,5
30/04/2022 23:49,5
30/04/2022 23:47,3
30/04/2022 23:45,3
30/04/2022 23:36,5
30/04/2022 23:29,2
30/04/2022 23:24,5
30/04/2022 23:20,5
30/04/2022 22:56,5
30/04/2022 22:55,2
30/04/2022 22:54,5
30/04/2022 22:52,1
30/04/2022 22:50,4
30/04/2022 22:50,4
30/04/2022 22:46,5
30/04/2022 22:46,1
30/04/2022 22:43,5
30/04/2022 22:41,5
30/04/2022 22:37,1
30/04/2022 22:27,5
30/04/2022 22:24,5
30/04/2022 22:23,3
30/04/2022 22:21,1
30/04/2022 22:07,5
30/04/2022 22:02,1
30/04/2022 21:57,2
30/04/2022 21:52,3
30/04/2022 21:46,2
30/04/2022 21:46,1
30/04/2022 21:41,2
30/04/2022 21:39,3
30/04/2022 21:31,5
30/04/2022 21:28,3
30/04/2022 21:27,1
30/04/2022 21:25,1
30/04/2022 21:17,5
30/04/2022 21:14,4
30/04/2022 21:11,1
30/04/2022 21:11,3
30/04/2022 21:08,1
30/04/2022 21:06,5
30/04/2022 21:05,1
30/04/2022 20:58,4
30/04/2022 20:43,5
30/04/2022 20:38,5
30/04/2022 20:21,5
30/04/2022 20:21,5
30/04/2022 20:18,4
30/04/2022 19:57,1
30/04/2022 19:56,4
30/04/2022 19:52,3
30/04/2022 19:49,2
30/04/2022 19:49,4
30/04/2022 19:48,5
30/04/2022 19:39,5
30/04/2022 19:39,3
30/04/2022 19:38,2
30/04/2022 19:32,5
30/04/2022 19:22,5
30/04/2022 19:21,4
30/04/2022 19:16,5
30/04/2022 19:14,1
30/04/2022 19:09,4
30/04/2022 19:06,2
30/04/2022 18:56,4
30/04/2022 18:51,3
30/04/2022 18:51,5
30/04/2022 18:48,3
30/04/2022 18:45,5
30/04/2022 18:45,5
30/04/2022 18:37,5
30/04/2022 18:36,3
30/04/2022 18:35,1
30/04/2022 18:34,1
30/04/2022 18:26,5
30/04/2022 18:24,5
30/04/2022 18:24,4
30/04/2022 18:21,5
30/04/2022 18:15,5
30/04/2022 18:14,2
30/04/2022 18:11,4
30/04/2022 18:06,5
30/04/2022 18:06,1
30/04/2022 18:04,3
30/04/2022 17:58,5
30/04/2022 17:36,5
30/04/2022 17:33,5
30/04/2022 17:28,2
30/04/2022 17:23,1
30/04/2022 17:19,5
30/04/2022 17:13,3
30/04/2022 17:06,1
30/04/2022 17:02,3
30/04/2022 17:00,1
30/04/2022 16:59,5
30/04/2022 16:53,4
30/04/2022 16:50,3
30/04/2022 16:49,5
30/04/2022 16:47,5
30/04/2022 16:47,1
30/04/2022 16:46,5
30/04/2022 16:46,4
30/04/2022 16:45,1
30/04/2022 16:43,2
30/04/2022 16:42,5
30/04/2022 16:37,1
30/04/2022 16:30,5
30/04/2022 16:29,1
30/04/2022 16:27,3
30/04/2022 16:26,5
30/04/2022 16:17,5
30/04/2022 16:15,3
30/04/2022 16:14,2
30/04/2022 16:12,2
30/04/2022 16:10,5
30/04/2022 16:04,5
30/04/2022 16:03,5
30/04/2022 16:02,5
30/04/2022 15:57,1
30/04/2022 15:51,5
30/04/2022 15:46,3
30/04/2022 15:40,3
30/04/2022 15:33,5
30/04/2022 15:32,3
30/04/2022 15:31,1
30/04/2022 15:27,5
30/04/2022 15:22,5
30/04/2022 15:18,1
30/04/2022 15:15,4
30/04/2022 15:11,5
30/04/2022 15:08,1
30/04/2022 15:08,1
30/04/2022 15:02,5
30/04/2022 15:02,5
30/04/2022 15:01,5
30/04/2022 14:58,1
30/04/2022 14:47,4
30/04/2022 14:39,5
30/04/2022 14:30,1
30/04/2022 14:25,5
30/04/2022 14:22,1
30/04/2022 14:21,5
30/04/2022 14:15,2
30/04/2022 14:13,5
30/04/2022 14:12,3
30/04/2022 14:02,1
30/04/2022 13:58,5
30/04/2022 13:57,2
30/04/2022 13:49,5
30/04/2022 13:49,1
30/04/2022 13:37,1
30/04/2022 13:36,5
30/04/2022 13:33,3
30/04/2022 13:32,5
30/04/2022 13:27,5
30/04/2022 13:26,5
30/04/2022 13:25,1
30/04/2022 13:21,3
30/04/2022 13:20,5
30/04/2022 13:18,4
30/04/2022 13:17,5
30/04/2022 13:13,4
30/04/2022 13:08,5
30/04/2022 13:07,1
30/04/2022 13:07,2
30/04/2022 13:02,5
30/04/2022 12:57,1
30/04/2022 12:56,5
30/04/2022 12:55,5
30/04/2022 12:53,5
30/04/2022 12:52,5
30/04/2022 12:51,1
30/04/2022 12:50,4
30/04/2022 12:31,1
30/04/2022 12:23,1
30/04/2022 12:18,1
30/04/2022 12:15,5
30/04/2022 12:01,3
30/04/2022 12:01,5
30/04/2022 11:59,5
30/04/2022 11:59,5
30/04/2022 11:58,4
30/04/2022 11:56,4
30/04/2022 11:55,3
30/04/2022 11:55,1
30/04/2022 11:53,1
30/04/2022 11:44,5
30/04/2022 11:38,1
30/04/2022 11:38,1
30/04/2022 11:27,5
30/04/2022 11:22,4
30/04/2022 11:22,5
30/04/2022 11:22,3
30/04/2022 11:22,3
30/04/2022 11:09,3
30/04/2022 10:55,3
30/04/2022 10:54,5
30/04/2022 10:53,3
30/04/2022 10:47,4
30/04/2022 10:40,5
30/04/2022 10:39,4
30/04/2022 10:36,2
30/04/2022 10:31,5
30/04/2022 10:24,2
30/04/2022 10:19,2
30/04/2022 10:19,5
30/04/2022 10:14,2
30/04/2022 10:12,4
30/04/2022 10:10,5
30/04/2022 09:56,2
30/04/2022 09:50,2
30/04/2022 09:45,5
30/04/2022 09:38,2
30/04/2022 09:30,4
30/04/2022 09:28,1
30/04/2022 09:27,1
30/04/2022 09:26,5
30/04/2022 09:26,1
30/04/2022 09:23,5
30/04/2022 09:18,3
30/04/2022 09:09,1
30/04/2022 09:08,5
30/04/2022 09:06,5
30/04/2022 09:03,5
30/04/2022 08:59,5
30/04/2022 08:47,2
30/04/2022 08:46,1
30/04/2022 08:35,5
30/04/2022 08:29,2
30/04/2022 08:28,4
30/04/2022 08:24,5
30/04/2022 08:22,3
30/04/2022 08:20,1
30/04/2022 08:19,4
30/04/2022 08:13,5
30/04/2022 08:11,1
30/04/2022 08:05,3
30/04/2022 08:02,5
30/04/2022 07:53,2
30/04/2022 07:50,3
30/04/2022 07:48,5
30/04/2022 07:35,1
30/04/2022 07:32,3
30/04/2022 07:30,1
30/04/2022 07:20,5
30/04/2022 07:19,2
30/04/2022 07:11,4
30/04/2022 06:56,1
30/04/2022 06:55,5
30/04/2022 06:51,1
30/04/2022 06:45,5
30/04/2022 06:33,5
30/04/2022 06:33,2
30/04/2022 06:33,2
30/04/2022 06:26,5
30/04/2022 06:25,4
30/04/2022 06:20,4
30/04/2022 06:13,5
30/04/2022 06:12,3
30/04/2022 06:11,1
30/04/2022 06:05,4
30/04/2022 06:02,5
30/04/2022 05:53,4
30/04/2022 05:48,3
30/04/2022 05:47,1
30/04/2022 05:45,5
30/04/2022 05:44,2
30/04/2022 05:41,1
30/04/2022 05:39,3
30/04/2022 05:35,2
30/04/2022 05:29,2
30/04/2022 05:28,5
30/04/2022 05:20,3
30/04/2022 05:12,1
30/04/2022 05:11,5
30/04/2022 05:01,1
30/04/2022 05:00,5
30/04/2022 04:55,3
30/04/2022 04:49,3
30/04/2022 04:38,3
30/04/2022 04:37,4
30/04/2022 04:33,2
30/04/2022 04:31,5
30/04/2022 04:30,5
30/04/2022 04:26,2
30/04/2022 04:24,1
30/04/2022 04:15,3
30/04/2022 04:14,3
30/04/2022 04:10,5
30/04/2022 04:10,3
30/04/2022 03:45,5
30/04/2022 03:45,5
30/04/2022 03:43,5
30/04/2022 03:34,5
30/04/2022 03:32,5
30/04/2022 03:25,2
30/04/2022 03:22,4
30/04/2022 03:18,1
30/04/2022 03:11,1
30/04/2022 03:09,4
30/04/2022 03:08,4
30/04/2022 03:08,1
30/04/2022 03:05,1
30/04/2022 03:04,2
30/04/2022 03:03,1
30/04/2022 02:58,5
30/04/2022 02:55,2
30/04/2022 02:53,5
30/04/2022 02:52,5
30/04/2022 02:48,1
30/04/2022 02:34,5
30/04/2022 02:30,4
30/04/2022 02:27,5
30/04/2022 02:21,4
30/04/2022 02:02,3
30/04/2022 02:02,4
30/04/2022 01:52,3
30/04/2022 01:32,5
30/04/2022 01:27,2
30/04/2022 01:24,5
30/04/2022 01:16,5
30/04/2022 01:16,3
30/04/2022 01:13,5
30/04/2022 01:08,5
30/04/2022 00:58,5
30/04/2022 00:50,5
30/04/2022 00:42,5
30/04/2022 00:40,4
30/04/2022 00:38,1
30/04/2022 00:33,5
30/04/2022 00:27,5
30/04/2022 00:14,5
30/04/2022 00:13,4
30/04/2022 00:07,5
30/04/2022 00:05,5
29/04/2022 23:59,1
29/04/2022 23:58,5
29/04/2022 23:54,3
29/04/2022 23:39,5
29/04/2022 23:36,5
29/04/2022 23:34,3
29/04/2022 23:32,1
29/04/2022 23:29,2
29/04/2022 23:29,2
29/04/2022 23:29,5
29/04/2022 23:25,2
29/04/2022 23:19,3
29/04/2022 23:10,1
29/04/2022 23:09,5
29/04/2022 23:04,3
29/04/2022 23:03,4
29/04/2022 23:02,2
29/04/2022 22:49,1
29/04/2022 22:48,2
29/04/2022 22:46,2
29/04/2022 22:44,2
29/04/2022 22:37,4
29/04/2022 22:33,1
29/04/2022 22:31,3
29/04/2022 22:30,1
29/04/2022 22:18,4
29/04/2022 22:17,5
29/04/2022 22:15,1
29/04/2022 22:15,1
29/04/2022 22:13,1
29/04/2022 22:03,1
29/04/2022 22:02,1
29/04/2022 22:00,5
29/04/2022 21:53,5
29/04/2022 21:52,5
29/04/2022 21:51,5
29/04/2022 21:37,5
29/04/2022 21:34,4
29/04/2022 21:19,1
29/04/2022 21:11,3
29/04/2022 21:04,2
29/04/2022 20:55,5
29/04/2022 20:48,3
29/04/2022 20:43,1
29/04/2022 20:42,5
29/04/2022 20:41,1
29/04/2022 20:37,1
29/04/2022 20:30,1
29/04/2022 20:26,2
29/04/2022 20:25,1
29/04/2022 20:03,4
29/04/2022 20:01,5
29/04/2022 19:53,5
29/04/2022 19:48,5
29/04/2022 19:41,5
29/04/2022 19:40,1
29/04/2022 19:37,1
29/04/2022 19:37,1
29/04/2022 19:35,5
29/04/2022 19:28,1
29/04/2022 19:26,5
29/04/2022 19:25,3
29/04/2022 19:20,5
29/04/2022 19:03,5
29/04/2022 18:50,1
29/04/2022 18:48,5
29/04/2022 18:47,5
29/04/2022 18:42,1
29/04/2022 18:41,3
29/04/2022 18:40,3
29/04/2022 18:40,5
29/04/2022 18:33,1
29/04/2022 18:30,1
29/04/2022 18:28,3
29/04/2022 18:27,1
29/04/2022 18:17,5
29/04/2022 18:11,3
29/04/2022 18:08,2
29/04/2022 17:59,5
29/04/2022 17:57,4
29/04/2022 17:52,2
29/04/2022 17:42,4
29/04/2022 17:38,4
29/04/2022 17:31,5
29/04/2022 17:28,5
29/04/2022 17:26,1
29/04/2022 17:23,5
29/04/2022 17:19,2
29/04/2022 17:18,5
29/04/2022 17:11,3
29/04/2022 17:10,4
29/04/2022 17:07,3
29/04/2022 17:06,4
29/04/2022 17:04,2
29/04/2022 16:57,4
29/04/2022 16:56,1
29/04/2022 16:52,5
29/04/2022 16:51,5
29/04/2022 16:49,5
29/04/2022 16:48,5
29/04/2022 16:45,1
29/04/2022 16:45,4
29/04/2022 16:44,4
29/04/2022 16:44,5
29/04/2022 16:39,1
29/04/2022 16:33,5
29/04/2022 16:30,1
29/04/2022 16:28,1
29/04/2022 16:25,5
29/04/2022 16:24,1
29/04/2022 16:23,3
29/04/2022 16:13,1
29/04/2022 16:11,1
29/04/2022 16:07,4
29/04/2022 15:55,5
29/04/2022 15:51,4
29/04/2022 15:44,3
29/04/2022 15:42,1
29/04/2022 15:34,5
29/04/2022 15:26,5
29/04/2022 15:26,5
29/04/2022 15:25,5
29/04/2022 15:23,5
29/04/2022 15:16,5
29/04/2022 15:15,4
29/04/2022 15:14,3
29/04/2022 15:13,1
29/04/2022 15:11,5
29/04/2022 15:08,3
29/04/2022 15:07,5
29/04/2022 15:04,1
29/04/2022 14:56,3
29/04/2022 14:54,4
29/04/2022 14:41,5
29/04/2022 14:38,2
29/04/2022 14:38,1
29/04/2022 14:32,1
29/04/2022 14:31,2
29/04/2022 14:28,2
29/04/2022 14:24,1
29/04/2022 14:24,2
29/04/2022 14:24,5
29/04/2022 14:23,5
29/04/2022 14:21,2
29/04/2022 14:19,5
29/04/2022 14:16,1
29/04/2022 14:08,1
29/04/2022 14:04,4
29/04/2022 14:02,4
29/04/2022 14:02,4
29/04/2022 14:01,5
29/04/2022 13:58,5
29/04/2022 13:51,1
29/04/2022 13:47,1
29/04/2022 13:44,5
29/04/2022 13:40,3
29/04/2022 13:38,5
29/04/2022 13:38,5
29/04/2022 13:37,1
29/04/2022 13:34,2
29/04/2022 13:30,5
29/04/2022 13:25,5
29/04/2022 13:14,2
29/04/2022 13:01,1
29/04/2022 13:01,1
29/04/2022 12:59,5
29/04/2022 12:56,1
29/04/2022 12:55,1
29/04/2022 12:52,4
29/04/2022 12:46,5
29/04/2022 12:42,1
29/04/2022 12:42,2
29/04/2022 12:41,1
29/04/2022 12:36,5
29/04/2022 12:33,2
29/04/2022 12:24,1
29/04/2022 12:24,4
29/04/2022 12:17,5
29/04/2022 12:16,5
29/04/2022 12:13,2
29/04/2022 12:13,5
29/04/2022 12:02,1
29/04/2022 11:54,5
29/04/2022 11:50,4
29/04/2022 11:50,4
29/04/2022 11:50,4
29/04/2022 11:48,2
29/04/2022 11:45,4
29/04/2022 11:45,2
29/04/2022 11:41,5
29/04/2022 11:39,1
29/04/2022 11:30,5
29/04/2022 11:18,5
29/04/2022 11:09,4
29/04/2022 11:04,1
29/04/2022 11:03,3
29/04/2022 11:00,4
29/04/2022 10:53,1
29/04/2022 10:49,4
29/04/2022 10:44,4
29/04/2022 10:43,1
29/04/2022 10:41,2
29/04/2022 10:24,1
29/04/2022 10:22,2
29/04/2022 10:15,3
29/04/2022 10:00,5
29/04/2022 09:53,5
29/04/2022 09:53,5
29/04/2022 09:24,4
29/04/2022 09:24,1
29/04/2022 09:19,5
29/04/2022 09:05,4
29/04/2022 09:02,5
29/04/2022 08:59,5
29/04/2022 08:54,4
29/04/2022 08:54,2
29/04/2022 08:49,5
29/04/2022 08:49,3
29/04/2022 08:45,2
29/04/2022 08:33,1
29/04/2022 08:32,5
29/04/2022 08:28,1
29/04/2022 08:28,2
29/04/2022 08:26,4
29/04/2022 08:25,5
29/04/2022 08:12,3
29/04/2022 08:07,1
29/04/2022 07:51,5
29/04/2022 07:48,3
29/04/2022 07:44,1
29/04/2022 07:23,4
29/04/2022 07:15,1
29/04/2022 07:02,1
29/04/2022 07:01,5
29/04/2022 06:46,5
29/04/2022 06:39,3
29/04/2022 06:39,5
29/04/2022 06:36,5
29/04/2022 06:35,1
29/04/2022 06:27,3
29/04/2022 06:25,4
29/04/2022 06:24,1
29/04/2022 06:15,2
29/04/2022 06:12,1
29/04/2022 06:10,1
29/04/2022 06:02,4
29/04/2022 05:47,4
29/04/2022 05:34,4
29/04/2022 05:33,3
29/04/2022 05:32,5
29/04/2022 05:29,4
29/04/2022 05:16,1
29/04/2022 04:57,4
29/04/2022 04:55,3
29/04/2022 04:55,1
29/04/2022 04:47,2
29/04/2022 04:42,5
29/04/2022 04:40,4
29/04/2022 04:25,5
29/04/2022 04:20,2
29/04/2022 04:19,4
29/04/2022 04:16,2
29/04/2022 04:09,5
29/04/2022 04:04,5
29/04/2022 04:02,3
29/04/2022 03:59,5
29/04/2022 03:58,1
29/04/2022 03:49,5
29/04/2022 03:48,4
29/04/2022 03:40,4
29/04/2022 03:37,5
29/04/2022 03:32,4
29/04/2022 03:17,5
29/04/2022 03:17,1
29/04/2022 02:59,5
29/04/2022 02:53,5
29/04/2022 02:52,4
29/04/2022 02:34,3
29/04/2022 02:33,4
29/04/2022 02:26,5
29/04/2022 02:25,1
29/04/2022 02:18,1
29/04/2022 02:18,3
29/04/2022 02:15,1
29/04/2022 02:10,2
29/04/2022 02:07,5
29/04/2022 02:00,3
29/04/2022 01:51,5
29/04/2022 01:49,2
29/04/2022 01:44,1
29/04/2022 01:41,2
29/04/2022 01:32,5
29/04/2022 01:26,4
29/04/2022 01:26,5
29/04/2022 01:25,1
29/04/2022 01:17,1
29/04/2022 01:14,3
29/04/2022 01:09,2
29/04/2022 01:02,5
29/04/2022 00:53,2
29/04/2022 00:53,5
29/04/2022 00:45,4
29/04/2022 00:43,1
29/04/2022 00:42,4
29/04/2022 00:29,1
29/04/2022 00:24,1
28/04/2022 23:52,2
28/04/2022 23:47,4
28/04/2022 23:27,5
28/04/2022 23:24,2
28/04/2022 23:17,3
28/04/2022 22:53,1
28/04/2022 22:42,1
28/04/2022 22:41,1
28/04/2022 22:41,5
28/04/2022 22:40,1
28/04/2022 22:40,1
28/04/2022 22:37,5
28/04/2022 22:30,3
28/04/2022 22:00,5
28/04/2022 21:50,5
28/04/2022 21:49,3
28/04/2022 21:46,5
28/04/2022 21:46,2
28/04/2022 21:34,2
28/04/2022 21:27,1
28/04/2022 21:26,1
28/04/2022 21:23,1
28/04/2022 21:22,5
28/04/2022 21:12,5
28/04/2022 21:10,5
28/04/2022 21:05,5
28/04/2022 21:01,2
28/04/2022 20:59,4
28/04/2022 20:57,1
28/04/2022 20:54,5
28/04/2022 20:50,5
28/04/2022 20:48,5
28/04/2022 20:40,1
28/04/2022 20:40,1
28/04/2022 20:36,5
28/04/2022 20:33,5
28/04/2022 20:32,3
28/04/2022 20:32,4
28/04/2022 20:29,3
28/04/2022 20:26,1
28/04/2022 20:21,4
28/04/2022 20:19,4
28/04/2022 20:15,3
28/04/2022 20:12,5
28/04/2022 20:12,5
28/04/2022 20:10,1
28/04/2022 20:09,2
28/04/2022 20:05,1
28/04/2022 20:04,5
28/04/2022 19:57,1
28/04/2022 19:55,5
28/04/2022 19:55,3
28/04/2022 19:47,1
28/04/2022 19:46,2
28/04/2022 19:34,5
28/04/2022 19:32,5
28/04/2022 19:30,3
28/04/2022 19:30,4
28/04/2022 19:28,1
28/04/2022 19:26,5
28/04/2022 19:26,1
28/04/2022 19:25,5
28/04/2022 19:23,2
28/04/2022 19:23,5
28/04/2022 19:19,5
28/04/2022 19:19,5
28/04/2022 19:18,1
28/04/2022 19:18,1
28/04/2022 19:16,1
28/04/2022 19:15,5
28/04/2022 19:14,5
28/04/2022 19:10,5
28/04/2022 19:02,2
28/04/2022 18:57,1
28/04/2022 18:54,5
28/04/2022 18:54,4
28/04/2022 18:52,5
28/04/2022 18:52,5
28/04/2022 18:50,1
28/04/2022 18:47,2
28/04/2022 18:44,3
28/04/2022 18:42,5
28/04/2022 18:36,2
28/04/2022 18:36,3
28/04/2022 18:34,5
28/04/2022 18:31,5
28/04/2022 18:30,5
28/04/2022 18:28,4
28/04/2022 18:27,5
28/04/2022 18:19,5
28/04/2022 18:15,5
28/04/2022 18:15,1
28/04/2022 18:13,3
28/04/2022 18:13,1
28/04/2022 18:10,5
28/04/2022 18:09,1
28/04/2022 18:03,5
28/04/2022 18:02,1
28/04/2022 18:02,3
28/04/2022 18:00,5
28/04/2022 17:57,4
28/04/2022 17:52,5
28/04/2022 17:48,5
28/04/2022 17:48,5
28/04/2022 17:48,4
28/04/2022 17:42,5
28/04/2022 17:36,1
28/04/2022 17:35,1
28/04/2022 17:35,3
28/04/2022 17:35,5
28/04/2022 17:29,5
28/04/2022 17:28,5
28/04/2022 17:25,4
28/04/2022 17:25,5
28/04/2022 17:20,1
28/04/2022 17:10,5
28/04/2022 17:09,5
28/04/2022 17:07,4
28/04/2022 17:05,5
28/04/2022 17:05,1
28/04/2022 17:01,4
28/04/2022 16:58,5
28/04/2022 16:58,1
28/04/2022 16:57,3
28/04/2022 16:56,5
28/04/2022 16:54,1
28/04/2022 16:54,5
28/04/2022 16:53,5
28/04/2022 16:52,5
28/04/2022 16:52,4
28/04/2022 16:50,3
28/04/2022 16:48,4
28/04/2022 16:43,5
28/04/2022 16:43,5
28/04/2022 16:42,1
28/04/2022 16:41,5
28/04/2022 16:40,3
28/04/2022 16:37,5
28/04/2022 16:36,2
28/04/2022 16:33,3
28/04/2022 16:32,5
28/04/2022 16:31,2
28/04/2022 16:28,3
28/04/2022 16:28,3
28/04/2022 16:27,2
28/04/2022 16:25,1
28/04/2022 16:18,5
28/04/2022 16:17,1
28/04/2022 16:17,5
28/04/2022 16:16,5
28/04/2022 16:13,1
28/04/2022 16:13,5
28/04/2022 16:12,2
28/04/2022 16:09,5
28/04/2022 16:07,1
28/04/2022 16:02,5
28/04/2022 15:59,5
28/04/2022 15:58,3
28/04/2022 15:56,4
28/04/2022 15:55,5
28/04/2022 15:50,5
28/04/2022 15:49,5
28/04/2022 15:48,5
28/04/2022 15:46,5
28/04/2022 15:46,5
28/04/2022 15:31,4
28/04/2022 15:30,5
28/04/2022 15:29,5
28/04/2022 15:29,5
28/04/2022 15:28,5
28/04/2022 15:27,5
28/04/2022 15:26,4
28/04/2022 15:24,2
28/04/2022 15:22,1
28/04/2022 15:20,2
28/04/2022 15:15,5
28/04/2022 15:14,5
28/04/2022 15:11,1
28/04/2022 15:09,2
28/04/2022 15:08,2
28/04/2022 15:07,5
28/04/2022 14:57,1
28/04/2022 14:56,5
28/04/2022 14:51,5
28/04/2022 14:47,1
28/04/2022 14:43,1
28/04/2022 14:39,5
28/04/2022 14:36,5
28/04/2022 14:36,5
28/04/2022 14:33,5
28/04/2022 14:30,2
28/04/2022 14:27,4
28/04/2022 14:26,5
28/04/2022 14:25,5
28/04/2022 14:23,4
28/04/2022 14:23,3
28/04/2022 14:21,2
28/04/2022 14:19,5
28/04/2022 14:17,2
28/04/2022 14:13,5
28/04/2022 14:09,3
28/04/2022 14:08,5
28/04/2022 14:07,3
28/04/2022 14:00,5
28/04/2022 13:58,4
28/04/2022 13:57,4
28/04/2022 13:57,3
28/04/2022 13:49,4
28/04/2022 13:48,5
28/04/2022 13:43,1
28/04/2022 13:36,3
28/04/2022 13:34,5
28/04/2022 13:30,2
28/04/2022 13:27,5
28/04/2022 13:23,3
28/04/2022 13:22,1
28/04/2022 13:22,1
28/04/2022 13:19,5
28/04/2022 13:18,2
28/04/2022 13:16,3
28/04/2022 13:15,5
28/04/2022 13:13,1
28/04/2022 13:12,3
28/04/2022 13:12,5
28/04/2022 13:00,2
28/04/2022 12:59,1
28/04/2022 12:56,4
28/04/2022 12:55,1
28/04/2022 12:42,1
28/04/2022 12:41,4
28/04/2022 12:41,1
28/04/2022 12:36,5
28/04/2022 12:35,5
28/04/2022 12:34,5
28/04/2022 12:32,5
28/04/2022 12:29,4
28/04/2022 12:28,5
28/04/2022 12:26,1
28/04/2022 12:25,1
28/04/2022 12:23,5
28/04/2022 12:18,5
28/04/2022 12:16,5
28/04/2022 12:02,5
28/04/2022 11:55,5
28/04/2022 11:55,5
28/04/2022 11:55,2
28/04/2022 11:55,4
28/04/2022 11:55,5
28/04/2022 11:52,4
28/04/2022 11:52,5
28/04/2022 11:48,1
28/04/2022 11:41,5
28/04/2022 11:41,3
28/04/2022 11:39,4
28/04/2022 11:33,3
28/04/2022 11:32,3
28/04/2022 11:31,4
28/04/2022 11:16,5
28/04/2022 11:13,5
28/04/2022 11:13,5
28/04/2022 10:56,5
28/04/2022 10:46,1
28/04/2022 10:46,4
28/04/2022 10:40,5
28/04/2022 10:32,4
28/04/2022 10:30,5
28/04/2022 10:28,5
28/04/2022 10:23,5
28/04/2022 10:21,5
28/04/2022 10:21,1
28/04/2022 10:18,5
28/04/2022 10:14,3
28/04/2022 10:13,3
28/04/2022 10:03,5
28/04/2022 09:59,5
28/04/2022 09:59,5
28/04/2022 09:55,2
28/04/2022 09:55,1
28/04/2022 09:51,3
28/04/2022 09:43,5
28/04/2022 09:40,5
28/04/2022 09:37,3
28/04/2022 09:32,5
28/04/2022 09:29,5
28/04/2022 09:28,1
28/04/2022 09:20,5
28/04/2022 09:16,5
28/04/2022 09:13,5
28/04/2022 09:12,5
28/04/2022 09:07,2
28/04/2022 09:04,5
28/04/2022 09:04,1
28/04/2022 09:01,1
28/04/2022 08:56,1
28/04/2022 08:52,3
28/04/2022 08:45,5
28/04/2022 08:45,1
28/04/2022 08:40,2
28/04/2022 08:31,5
28/04/2022 08:30,2
28/04/2022 08:30,3
28/04/2022 08:28,5
28/04/2022 08:26,5
28/04/2022 08:25,4
28/04/2022 08:16,1
28/04/2022 08:14,5
28/04/2022 08:13,4
28/04/2022 08:11,5
28/04/2022 08:09,1
28/04/2022 08:07,1
28/04/2022 08:00,5
28/04/2022 07:55,5
28/04/2022 07:53,5
28/04/2022 07:53,5
28/04/2022 07:49,5
28/04/2022 07:45,5
28/04/2022 07:41,4
28/04/2022 07:41,2
28/04/2022 07:38,2
28/04/2022 07:38,5
28/04/2022 07:35,1
28/04/2022 07:30,5
28/04/2022 07:28,5
28/04/2022 07:22,3
28/04/2022 07:12,2
28/04/2022 06:58,5
28/04/2022 06:56,5
28/04/2022 06:55,5
28/04/2022 06:48,4
28/04/2022 06:48,5
28/04/2022 06:43,2
28/04/2022 06:42,5
28/04/2022 06:41,5
28/04/2022 06:32,3
28/04/2022 06:29,1
28/04/2022 06:21,2
28/04/2022 06:21,1
28/04/2022 06:19,5
28/04/2022 06:12,5
28/04/2022 06:11,3
28/04/2022 06:00,1
28/04/2022 05:54,5
28/04/2022 05:51,5
28/04/2022 05:46,2
28/04/2022 05:45,4
28/04/2022 05:42,3
28/04/2022 05:40,1
28/04/2022 05:38,2
28/04/2022 05:37,5
28/04/2022 05:30,3
28/04/2022 05:17,5
28/04/2022 05:16,2
28/04/2022 05:14,5
28/04/2022 04:55,1
28/04/2022 04:52,5
28/04/2022 04:46,5
28/04/2022 04:44,5
28/04/2022 04:41,4
28/04/2022 04:40,3
28/04/2022 04:33,4
28/04/2022 04:33,5
28/04/2022 04:32,2
28/04/2022 04:32,2
28/04/2022 04:24,5
28/04/2022 04:23,5
28/04/2022 04:19,3
28/04/2022 04:11,1
28/04/2022 04:07,5
28/04/2022 04:03,4
28/04/2022 04:01,5
28/04/2022 03:55,3
28/04/2022 03:54,1
28/04/2022 03:51,5
28/04/2022 03:50,1
28/04/2022 03:45,5
28/04/2022 03:44,5
28/04/2022 03:42,5
28/04/2022 03:37,3
28/04/2022 03:29,5
28/04/2022 03:26,5
28/04/2022 03:26,1
28/04/2022 03:26,4
28/04/2022 03:19,1
28/04/2022 03:17,4
28/04/2022 03:16,1
28/04/2022 03:10,4
28/04/2022 03:06,3
28/04/2022 03:05,4
28/04/2022 03:01,1
28/04/2022 03:00,5
28/04/2022 02:58,4
28/04/2022 02:54,5
28/04/2022 02:52,5
28/04/2022 02:51,2
28/04/2022 02:47,4
28/04/2022 02:41,1
28/04/2022 02:41,5
28/04/2022 02:31,5
28/04/2022 02:21,4
28/04/2022 02:16,2
28/04/2022 02:15,1
28/04/2022 02:14,5
28/04/2022 02:09,4
28/04/2022 02:09,1
28/04/2022 01:55,5
28/04/2022 01:53,4
28/04/2022 01:52,5
28/04/2022 01:48,1
28/04/2022 01:46,1
28/04/2022 01:43,1
28/04/2022 01:41,4
28/04/2022 01:38,3
28/04/2022 01:37,5
28/04/2022 01:33,1
28/04/2022 01:24,3
28/04/2022 01:23,5
28/04/2022 01:22,3
28/04/2022 01:21,5
28/04/2022 01:06,3
28/04/2022 01:04,2
28/04/2022 01:03,1
28/04/2022 00:59,5
28/04/2022 00:57,5
28/04/2022 00:54,3
28/04/2022 00:50,3
28/04/2022 00:49,1
28/04/2022 00:48,5
28/04/2022 00:44,1
28/04/2022 00:33,5
28/04/2022 00:31,3
28/04/2022 00:30,5
28/04/2022 00:28,4
28/04/2022 00:25,4
28/04/2022 00:12,1
28/04/2022 00:09,4
28/04/2022 00:09,5
28/04/2022 00:02,1
27/04/2022 23:49,1
27/04/2022 23:41,1
27/04/2022 23:38,1
27/04/2022 23:35,2
27/04/2022 23:34,1
27/04/2022 23:26,1
27/04/2022 23:24,1
27/04/2022 23:22,1
27/04/2022 23:17,5
27/04/2022 23:15,1
27/04/2022 23:14,5
27/04/2022 23:11,2
27/04/2022 23:07,5
27/04/2022 23:06,5
27/04/2022 23:06,3
27/04/2022 23:04,1
27/04/2022 23:02,2
27/04/2022 22:57,5
27/04/2022 22:57,2
27/04/2022 22:54,5
27/04/2022 22:54,1
27/04/2022 22:51,5
27/04/2022 22:48,5
27/04/2022 22:45,5
27/04/2022 22:39,5
27/04/2022 22:39,5
27/04/2022 22:36,5
27/04/2022 22:36,2
27/04/2022 22:31,5
27/04/2022 22:30,5
27/04/2022 22:20,1
27/04/2022 22:18,2
27/04/2022 22:11,1
27/04/2022 22:08,5
27/04/2022 22:07,2
27/04/2022 22:04,5
27/04/2022 21:59,2
27/04/2022 21:56,1
27/04/2022 21:54,5
27/04/2022 21:51,2
27/04/2022 21:47,5
27/04/2022 21:45,5
27/04/2022 21:39,1
27/04/2022 21:37,5
27/04/2022 21:24,5
27/04/2022 21:24,4
27/04/2022 21:19,1
27/04/2022 21:13,5
27/04/2022 21:12,1
27/04/2022 21:12,1
27/04/2022 21:07,5
27/04/2022 21:03,4
27/04/2022 21:02,5
27/04/2022 21:01,5
27/04/2022 20:58,5
27/04/2022 20:56,5
27/04/2022 20:54,1
27/04/2022 20:50,5
27/04/2022 20:49,4
27/04/2022 20:46,1
27/04/2022 20:46,3
27/04/2022 20:44,4
27/04/2022 20:44,5
27/04/2022 20:44,2
27/04/2022 20:44,1
27/04/2022 20:30,1
27/04/2022 20:27,1
27/04/2022 20:26,5
27/04/2022 20:25,1
27/04/2022 20:21,1
27/04/2022 20:11,1
27/04/2022 20:09,4
27/04/2022 20:09,1
27/04/2022 20:02,5
27/04/2022 19:58,4
27/04/2022 19:53,1
27/04/2022 19:48,1
27/04/2022 19:47,3
27/04/2022 19:40,2
27/04/2022 19:34,3
27/04/2022 19:34,5
27/04/2022 19:25,5
27/04/2022 19:16,5
27/04/2022 19:14,5
27/04/2022 19:08,2
27/04/2022 19:05,5
27/04/2022 18:58,4
27/04/2022 18:57,2
27/04/2022 18:57,5
27/04/2022 18:54,5
27/04/2022 18:52,2
27/04/2022 18:52,5
27/04/2022 18:44,5
27/04/2022 18:38,2
27/04/2022 18:36,5
27/04/2022 18:36,5
27/04/2022 18:29,5
27/04/2022 18:28,2
27/04/2022 18:24,5
27/04/2022 18:22,1
27/04/2022 18:17,4
27/04/2022 18:16,5
27/04/2022 18:16,4
27/04/2022 18:15,2
27/04/2022 18:15,5
27/04/2022 18:08,5
27/04/2022 18:02,5
27/04/2022 18:02,5
27/04/2022 18:01,3
27/04/2022 18:01,5
27/04/2022 17:58,1
27/04/2022 17:52,1
27/04/2022 17:49,5
27/04/2022 17:48,5
27/04/2022 17:45,2
27/04/2022 17:43,5
27/04/2022 17:43,4
27/04/2022 17:40,5
27/04/2022 17:38,2
27/04/2022 17:37,5
27/04/2022 17:35,5
27/04/2022 17:32,5
27/04/2022 17:32,5
27/04/2022 17:29,4
27/04/2022 17:25,5
27/04/2022 17:24,2
27/04/2022 17:19,5
27/04/2022 17:19,5
27/04/2022 17:18,1
27/04/2022 17:13,1
27/04/2022 17:13,5
27/04/2022 17:12,5
27/04/2022 17:09,3
27/04/2022 17:07,5
27/04/2022 17:05,2
27/04/2022 17:04,5
27/04/2022 17:02,5
27/04/2022 16:59,2
27/04/2022 16:56,4
27/04/2022 16:51,5
27/04/2022 16:45,2
27/04/2022 16:40,2
27/04/2022 16:40,1
27/04/2022 16:39,1
27/04/2022 16:38,5
27/04/2022 16:32,3
27/04/2022 16:27,1
27/04/2022 16:27,5
27/04/2022 16:27,2
27/04/2022 16:19,5
27/04/2022 16:13,5
27/04/2022 16:11,3
27/04/2022 16:07,5
27/04/2022 16:06,1
27/04/2022 16:04,1
27/04/2022 16:01,1
27/04/2022 15:58,3
27/04/2022 15:57,5
27/04/2022 15:56,1
27/04/2022 15:51,2
27/04/2022 15:50,2
27/04/2022 15:49,1
27/04/2022 15:47,5
27/04/2022 15:46,5
27/04/2022 15:45,2
27/04/2022 15:44,5
27/04/2022 15:39,5
27/04/2022 15:39,2
27/04/2022 15:37,5
27/04/2022 15:33,3
27/04/2022 15:32,5
27/04/2022 15:31,2
27/04/2022 15:30,1
27/04/2022 15:30,5
27/04/2022 15:26,5
27/04/2022 15:22,5
27/04/2022 15:19,5
27/04/2022 15:19,4
27/04/2022 15:18,5
27/04/2022 15:16,5
27/04/2022 15:15,2
27/04/2022 15:14,1
27/04/2022 15:13,5
27/04/2022 15:05,1
27/04/2022 15:03,2
27/04/2022 14:57,5
27/04/2022 14:50,5
27/04/2022 14:48,5
27/04/2022 14:48,5
27/04/2022 14:47,1
27/04/2022 14:41,3
27/04/2022 14:41,5
27/04/2022 14:41,2
27/04/2022 14:38,1
27/04/2022 14:38,1
27/04/2022 14:35,1
27/04/2022 14:32,5
27/04/2022 14:31,5
27/04/2022 14:23,5
27/04/2022 14:17,1
27/04/2022 14:17,5
27/04/2022 14:15,2
27/04/2022 14:13,5
27/04/2022 14:06,5
27/04/2022 14:03,5
27/04/2022 14:03,5
27/04/2022 14:01,5
27/04/2022 14:00,2
27/04/2022 13:57,1
27/04/2022 13:57,4
27/04/2022 13:56,3
27/04/2022 13:56,5
27/04/2022 13:53,3
27/04/2022 13:51,4
27/04/2022 13:51,5
27/04/2022 13:50,5
27/04/2022 13:50,1
27/04/2022 13:47,5
27/04/2022 13:45,1
27/04/2022 13:44,1
27/04/2022 13:42,4
27/04/2022 13:40,5
27/04/2022 13:34,5
27/04/2022 13:33,5
27/04/2022 13:32,1
27/04/2022 13:29,5
27/04/2022 13:27,1
27/04/2022 13:27,5
27/04/2022 13:26,3
27/04/2022 13:25,4
27/04/2022 13:24,4
27/04/2022 13:15,1
27/04/2022 13:15,5
27/04/2022 13:15,4
27/04/2022 13:13,5
27/04/2022 13:08,1
27/04/2022 12:51,1
27/04/2022 12:47,1
27/04/2022 12:39,5
27/04/2022 12:32,5
27/04/2022 12:30,2
27/04/2022 12:26,5
27/04/2022 12:26,2
27/04/2022 12:18,5
27/04/2022 12:15,5
27/04/2022 12:14,5
27/04/2022 12:13,4
27/04/2022 12:12,2
27/04/2022 12:11,5
27/04/2022 12:08,1
27/04/2022 12:05,1
27/04/2022 12:04,5
27/04/2022 12:02,5
27/04/2022 11:48,1
27/04/2022 11:46,5
27/04/2022 11:46,4
27/04/2022 11:44,5
27/04/2022 11:44,4
27/04/2022 11:42,2
27/04/2022 11:36,1
27/04/2022 11:35,5
27/04/2022 11:33,5
27/04/2022 11:33,5
27/04/2022 11:32,5
27/04/2022 11:27,5
27/04/2022 11:22,3
27/04/2022 11:09,1
27/04/2022 11:00,5
27/04/2022 10:59,5
27/04/2022 10:59,5
27/04/2022 10:58,2
27/04/2022 10:52,5
27/04/2022 10:46,3
27/04/2022 10:45,4
27/04/2022 10:41,5
27/04/2022 10:32,5
27/04/2022 10:31,4
27/04/2022 10:30,5
27/04/2022 10:20,1
27/04/2022 10:15,2
27/04/2022 10:09,3
27/04/2022 10:02,2
27/04/2022 10:01,5
27/04/2022 10:01,3
27/04/2022 09:59,5
27/04/2022 09:58,1
27/04/2022 09:57,1
27/04/2022 09:51,2
27/04/2022 09:50,1
27/04/2022 09:37,3
27/04/2022 09:36,5
27/04/2022 09:30,1
27/04/2022 09:28,4
27/04/2022 09:27,1
27/04/2022 09:18,5
27/04/2022 09:16,5
27/04/2022 09:15,1
27/04/2022 09:15,5
27/04/2022 09:14,5
27/04/2022 09:08,1
27/04/2022 09:06,5
27/04/2022 09:06,3
27/04/2022 09:03,1
27/04/2022 08:59,5
27/04/2022 08:57,4
27/04/2022 08:50,5
27/04/2022 08:46,5
27/04/2022 08:41,4
27/04/2022 08:34,5
27/04/2022 08:29,1
27/04/2022 08:22,1
27/04/2022 08:14,5
27/04/2022 08:11,3
27/04/2022 07:56,2
27/04/2022 07:51,4
27/04/2022 07:50,5
27/04/2022 07:41,1
27/04/2022 07:39,2
27/04/2022 07:38,4
27/04/2022 07:36,5
27/04/2022 07:35,5
27/04/2022 07:34,1
27/04/2022 07:24,5
27/04/2022 07:21,1
27/04/2022 07:19,5
27/04/2022 07:18,5
27/04/2022 07:16,5
27/04/2022 07:14,1
27/04/2022 07:13,1
27/04/2022 07:07,1
27/04/2022 07:06,5
27/04/2022 07:05,5
27/04/2022 07:04,1
27/04/2022 07:04,4
27/04/2022 07:00,1
27/04/2022 06:57,5
27/04/2022 06:47,2
27/04/2022 06:46,1
27/04/2022 06:46,5
27/04/2022 06:40,5
27/04/2022 06:38,5
27/04/2022 06:38,5
27/04/2022 06:35,2
27/04/2022 06:34,4
27/04/2022 06:29,2
27/04/2022 06:27,1
27/04/2022 06:20,1
27/04/2022 06:18,4
27/04/2022 06:15,1
27/04/2022 06:14,5
27/04/2022 06:08,4
27/04/2022 06:06,5
27/04/2022 06:04,3
27/04/2022 06:01,5
27/04/2022 05:59,5
27/04/2022 05:59,5
27/04/2022 05:58,5
27/04/2022 05:53,4
27/04/2022 05:51,2
27/04/2022 05:39,5
27/04/2022 05:37,4
27/04/2022 05:33,5
27/04/2022 05:32,5
27/04/2022 05:28,2
27/04/2022 05:23,3
27/04/2022 05:21,1
27/04/2022 05:17,1
27/04/2022 05:12,5
27/04/2022 05:10,1
27/04/2022 05:08,5
27/04/2022 05:05,5
27/04/2022 05:00,4
27/04/2022 04:58,5
27/04/2022 04:54,1
27/04/2022 04:54,2
27/04/2022 04:50,1
27/04/2022 04:48,4
27/04/2022 04:45,5
27/04/2022 04:44,4
27/04/2022 04:34,1
27/04/2022 04:30,1
27/04/2022 04:28,5
27/04/2022 04:26,3
27/04/2022 04:24,5
27/04/2022 04:23,5
27/04/2022 04:21,2
27/04/2022 04:20,3
27/04/2022 04:20,5
27/04/2022 04:11,1
27/04/2022 04:09,5
27/04/2022 04:04,1
27/04/2022 04:04,1
27/04/2022 04:03,5
27/04/2022 03:59,3
27/04/2022 03:55,5
27/04/2022 03:54,5
27/04/2022 03:53,1
27/04/2022 03:53,2
27/04/2022 03:51,1
27/04/2022 03:46,1
27/04/2022 03:46,3
27/04/2022 03:39,5
27/04/2022 03:38,5
27/04/2022 03:36,5
27/04/2022 03:29,4
27/04/2022 03:28,2
27/04/2022 03:26,4
27/04/2022 03:26,5
27/04/2022 03:25,5
27/04/2022 03:24,5
27/04/2022 03:23,5
27/04/2022 03:21,3
27/04/2022 03:14,5
27/04/2022 03:14,1
27/04/2022 03:14,5
27/04/2022 03:09,1
27/04/2022 03:08,5
27/04/2022 02:57,1
27/04/2022 02:53,5
27/04/2022 02:53,1
27/04/2022 02:48,3
27/04/2022 02:40,5
27/04/2022 02:33,5
27/04/2022 02:25,5
27/04/2022 02:24,1
27/04/2022 02:20,2
27/04/2022 02:20,3
27/04/2022 02:15,2
27/04/2022 02:10,5
27/04/2022 02:00,4
27/04/2022 01:58,5
27/04/2022 01:52,3
27/04/2022 01:51,1
27/04/2022 01:50,4
27/04/2022 01:44,5
27/04/2022 01:41,2
27/04/2022 01:35,1
27/04/2022 01:35,3
27/04/2022 01:28,1
27/04/2022 01:27,1
27/04/2022 01:26,1
27/04/2022 01:26,5
27/04/2022 01:16,5
27/04/2022 01:11,1
27/04/2022 01:05,1
27/04/2022 01:02,4
27/04/2022 00:58,5
27/04/2022 00:56,4
27/04/2022 00:45,4
27/04/2022 00:43,1
27/04/2022 00:43,5
27/04/2022 00:38,5
27/04/2022 00:38,2
27/04/2022 00:35,2
27/04/2022 00:35,1
27/04/2022 00:33,1
27/04/2022 00:32,5
27/04/2022 00:27,5
27/04/2022 00:26,1
27/04/2022 00:16,5
27/04/2022 00:13,5
27/04/2022 00:13,3
27/04/2022 00:11,5
27/04/2022 00:10,5
27/04/2022 00:05,1
27/04/2022 00:05,4
27/04/2022 00:05,1
27/04/2022 00:04,4
27/04/2022 00:03,2
27/04/2022 00:01,1
26/04/2022 23:58,1
26/04/2022 23:57,3
26/04/2022 23:54,2
26/04/2022 23:52,1
26/04/2022 23:51,1
26/04/2022 23:51,1
26/04/2022 23:49,3
26/04/2022 23:48,2
26/04/2022 23:48,5
26/04/2022 23:46,5
26/04/2022 23:37,5
26/04/2022 23:31,1
26/04/2022 23:29,5
26/04/2022 23:22,5
26/04/2022 23:19,2
26/04/2022 23:17,5
26/04/2022 23:10,1
26/04/2022 23:08,5
26/04/2022 23:06,3
26/04/2022 23:04,5
26/04/2022 23:04,1
26/04/2022 23:01,3
26/04/2022 23:00,3
26/04/2022 22:56,1
26/04/2022 22:56,4
26/04/2022 22:50,1
26/04/2022 22:48,4
26/04/2022 22:47,1
26/04/2022 22:40,3
26/04/2022 22:27,1
26/04/2022 22:24,3
26/04/2022 22:22,5
26/04/2022 22:21,4
26/04/2022 22:17,5
26/04/2022 22:16,2
26/04/2022 22:12,3
26/04/2022 22:08,5
26/04/2022 22:05,2
26/04/2022 22:00,5
26/04/2022 21:58,3
26/04/2022 21:57,1
26/04/2022 21:51,5
26/04/2022 21:48,5
26/04/2022 21:48,1
26/04/2022 21:46,3
26/04/2022 21:28,5
26/04/2022 21:28,1
26/04/2022 21:26,4
26/04/2022 21:21,5
26/04/2022 21:21,1
26/04/2022 21:20,1
26/04/2022 21:18,4
26/04/2022 21:12,5
26/04/2022 21:02,1
26/04/2022 20:51,3
26/04/2022 20:50,1
26/04/2022 20:48,5
26/04/2022 20:40,1
26/04/2022 20:39,4
26/04/2022 20:36,5
26/04/2022 20:32,2
26/04/2022 20:29,2
26/04/2022 20:26,5
26/04/2022 20:25,5
26/04/2022 20:21,1
26/04/2022 20:21,1
26/04/2022 20:21,1
26/04/2022 20:16,3
26/04/2022 20:11,1
26/04/2022 20:09,5
26/04/2022 20:06,2
26/04/2022 20:03,5
26/04/2022 19:53,1
26/04/2022 19:52,5
26/04/2022 19:51,5
26/04/2022 19:47,1
26/04/2022 19:46,1
26/04/2022 19:44,1
26/04/2022 19:35,2
26/04/2022 19:33,5
26/04/2022 19:33,5
26/04/2022 19:30,3
26/04/2022 19:29,1
26/04/2022 19:25,5
26/04/2022 19:24,3
26/04/2022 19:23,1
26/04/2022 19:22,1
26/04/2022 19:21,2
26/04/2022 19:19,5
26/04/2022 19:16,4
26/04/2022 19:11,1
26/04/2022 19:07,2
26/04/2022 19:04,1
26/04/2022 19:01,1
26/04/2022 18:57,1
26/04/2022 18:56,5
26/04/2022 18:55,5
26/04/2022 18:53,4
26/04/2022 18:53,5
26/04/2022 18:48,5
26/04/2022 18:47,5
26/04/2022 18:46,3
26/04/2022 18:40,5
26/04/2022 18:36,3
26/04/2022 18:31,1
26/04/2022 18:27,5
26/04/2022 18:16,5
26/04/2022 18:11,4
26/04/2022 18:11,1
26/04/2022 18:07,1
26/04/2022 18:06,4
26/04/2022 18:06,1
26/04/2022 18:04,4
26/04/2022 18:03,2
26/04/2022 18:00,5
26/04/2022 17:56,5
26/04/2022 17:55,1
26/04/2022 17:52,3
26/04/2022 17:50,1
26/04/2022 17:44,3
26/04/2022 17:40,5
26/04/2022 17:40,5
26/04/2022 17:34,1
26/04/2022 17:28,5
26/04/2022 17:21,1
26/04/2022 17:17,2
26/04/2022 17:15,5
26/04/2022 17:13,4
26/04/2022 17:13,5
26/04/2022 17:04,5
26/04/2022 17:03,2
26/04/2022 17:00,5
26/04/2022 16:49,1
26/04/2022 16:47,1
26/04/2022 16:45,5
26/04/2022 16:43,4
26/04/2022 16:42,1
26/04/2022 16:39,5
26/04/2022 16:38,5
26/04/2022 16:38,4
26/04/2022 16:37,5
26/04/2022 16:35,2
26/04/2022 16:34,3
26/04/2022 16:33,1
26/04/2022 16:31,1
26/04/2022 16:30,1
26/04/2022 16:23,1
26/04/2022 16:14,5
26/04/2022 16:13,4
26/04/2022 16:12,5
26/04/2022 16:10,4
26/04/2022 16:08,1
26/04/2022 16:07,2
26/04/2022 16:06,5
26/04/2022 16:06,5
26/04/2022 16:04,2
26/04/2022 15:59,5
26/04/2022 15:57,5
26/04/2022 15:56,5
26/04/2022 15:55,1
26/04/2022 15:51,1
26/04/2022 15:48,5
26/04/2022 15:45,3
26/04/2022 15:42,1
26/04/2022 15:38,5
26/04/2022 15:35,5
26/04/2022 15:34,1
26/04/2022 15:33,2
26/04/2022 15:33,5
26/04/2022 15:31,1
26/04/2022 15:30,3
26/04/2022 15:28,1
26/04/2022 15:27,4
26/04/2022 15:26,1
26/04/2022 15:26,4
26/04/2022 15:26,1
26/04/2022 15:24,1
26/04/2022 15:24,4
26/04/2022 15:22,5
26/04/2022 15:19,3
26/04/2022 15:18,1
26/04/2022 15:17,2
26/04/2022 15:14,1
26/04/2022 15:06,1
26/04/2022 15:05,1
26/04/2022 15:04,1
26/04/2022 14:57,1
26/04/2022 14:57,5
26/04/2022 14:55,2
26/04/2022 14:55,4
26/04/2022 14:54,5
26/04/2022 14:53,3
26/04/2022 14:53,3
26/04/2022 14:49,3
26/04/2022 14:49,1
26/04/2022 14:48,3
26/04/2022 14:45,5
26/04/2022 14:44,2
26/04/2022 14:43,1
26/04/2022 14:43,2
26/04/2022 14:40,3
26/04/2022 14:40,1
26/04/2022 14:39,1
26/04/2022 14:37,5
26/04/2022 14:35,1
26/04/2022 14:35,5
26/04/2022 14:34,1
26/04/2022 14:31,4
26/04/2022 14:31,1
26/04/2022 14:29,1
26/04/2022 14:27,5
26/04/2022 14:27,3
26/04/2022 14:23,5
26/04/2022 14:22,1
26/04/2022 14:20,1
26/04/2022 14:16,1
26/04/2022 14:14,1
26/04/2022 14:13,1
26/04/2022 14:09,5
26/04/2022 14:07,5
26/04/2022 14:07,1
26/04/2022 14:05,5
26/04/2022 14:05,5
26/04/2022 14:05,1
26/04/2022 14:04,1
26/04/2022 14:04,1
26/04/2022 14:01,1
26/04/2022 14:00,1
26/04/2022 13:59,5
26/04/2022 13:58,1
26/04/2022 13:57,2
26/04/2022 13:55,4
26/04/2022 13:53,1
26/04/2022 13:53,5
26/04/2022 13:52,5
26/04/2022 13:51,1
26/04/2022 13:51,1
26/04/2022 13:50,1
26/04/2022 13:50,1
26/04/2022 13:49,5
26/04/2022 13:47,1
26/04/2022 13:46,1
26/04/2022 13:45,1
26/04/2022 13:43,5
26/04/2022 13:39,5
26/04/2022 13:34,5
26/04/2022 13:33,1
26/04/2022 13:33,1
26/04/2022 13:32,1
26/04/2022 13:30,1
26/04/2022 13:28,1
26/04/2022 13:23,1
26/04/2022 13:22,1
26/04/2022 13:20,5
26/04/2022 13:19,1
26/04/2022 13:16,1
26/04/2022 13:15,5
26/04/2022 13:15,4
26/04/2022 13:14,1
26/04/2022 13:14,1
26/04/2022 13:13,1
26/04/2022 13:11,1
26/04/2022 13:10,5
26/04/2022 13:10,1
26/04/2022 13:08,1
26/04/2022 13:06,1
26/04/2022 13:05,1
26/04/2022 13:04,1
26/04/2022 13:04,1
26/04/2022 13:03,1
26/04/2022 13:03,1
26/04/2022 13:02,1
26/04/2022 13:02,1
26/04/2022 13:01,1
26/04/2022 13:01,4
26/04/2022 13:01,1
26/04/2022 13:01,5
26/04/2022 12:59,5
26/04/2022 12:59,1
26/04/2022 12:58,5
26/04/2022 12:56,1
26/04/2022 12:55,1
26/04/2022 12:55,5
26/04/2022 12:54,1
26/04/2022 12:54,2
26/04/2022 12:54,1
26/04/2022 12:53,1
26/04/2022 12:53,1
26/04/2022 12:52,1
26/04/2022 12:52,1
26/04/2022 12:51,1
26/04/2022 12:48,1
26/04/2022 12:48,1
26/04/2022 12:45,5
26/04/2022 12:45,5
26/04/2022 12:34,1
26/04/2022 12:31,5
26/04/2022 12:29,5
26/04/2022 12:27,4
26/04/2022 12:18,1
26/04/2022 12:16,5
26/04/2022 12:13,1
26/04/2022 12:12,5
26/04/2022 12:11,4
26/04/2022 12:06,1
26/04/2022 12:05,5
26/04/2022 11:58,1
26/04/2022 11:55,1
26/04/2022 11:52,5
26/04/2022 11:51,5
26/04/2022 11:50,5
26/04/2022 11:36,1
26/04/2022 11:36,5
26/04/2022 11:28,5
26/04/2022 11:23,2
26/04/2022 11:21,1
26/04/2022 11:20,3
26/04/2022 11:13,1
26/04/2022 11:12,1
26/04/2022 11:05,2
26/04/2022 11:04,5
26/04/2022 11:03,1
26/04/2022 11:01,5
26/04/2022 10:58,1
26/04/2022 10:49,5
26/04/2022 10:42,1
26/04/2022 10:40,5
26/04/2022 10:35,3
26/04/2022 10:33,5
26/04/2022 10:32,3
26/04/2022 10:30,5
26/04/2022 10:24,4
26/04/2022 10:22,5
26/04/2022 10:19,1
26/04/2022 10:17,1
26/04/2022 10:15,1
26/04/2022 10:14,2
26/04/2022 10:04,1
26/04/2022 09:57,1
26/04/2022 09:55,3
26/04/2022 09:49,5
26/04/2022 09:46,1
26/04/2022 09:41,2
26/04/2022 09:40,5
26/04/2022 09:36,5
26/04/2022 09:32,3
26/04/2022 09:17,5
26/04/2022 09:17,3
26/04/2022 09:15,5
26/04/2022 09:13,2
26/04/2022 09:02,2
26/04/2022 08:59,5
26/04/2022 08:59,5
26/04/2022 08:54,1
26/04/2022 08:52,1
26/04/2022 08:49,1
26/04/2022 08:45,2
26/04/2022 08:36,5
26/04/2022 08:35,4
26/04/2022 08:27,5
26/04/2022 08:17,1
26/04/2022 08:14,2
26/04/2022 08:14,2
26/04/2022 08:08,1
26/04/2022 08:05,3
26/04/2022 08:05,5
26/04/2022 08:02,3
26/04/2022 07:59,1
26/04/2022 07:58,1
26/04/2022 07:58,1
26/04/2022 07:41,4
26/04/2022 07:38,4
26/04/2022 07:34,5
26/04/2022 07:26,4
26/04/2022 07:25,1
26/04/2022 07:20,2
26/04/2022 07:17,4
26/04/2022 07:11,1
26/04/2022 07:06,2
26/04/2022 07:05,1
26/04/2022 06:59,5
26/04/2022 06:52,3
26/04/2022 06:50,3
26/04/2022 06:50,4
26/04/2022 06:44,5
26/04/2022 06:44,1
26/04/2022 06:38,5
26/04/2022 06:35,4
26/04/2022 06:33,2
26/04/2022 06:33,4
26/04/2022 06:29,5
26/04/2022 06:28,2
26/04/2022 06:23,1
26/04/2022 06:22,1
26/04/2022 06:18,1
26/04/2022 06:17,5
26/04/2022 06:17,5
26/04/2022 06:08,5
26/04/2022 06:07,5
26/04/2022 06:02,1
26/04/2022 05:59,2
26/04/2022 05:57,1
26/04/2022 05:42,5
26/04/2022 05:42,4
26/04/2022 05:30,2
26/04/2022 05:15,5
26/04/2022 05:11,1
26/04/2022 04:50,5
26/04/2022 04:31,5
26/04/2022 04:30,5
26/04/2022 04:29,5
26/04/2022 04:09,5
26/04/2022 04:05,5
26/04/2022 04:01,5
26/04/2022 03:57,3
26/04/2022 03:49,5
26/04/2022 03:48,5
26/04/2022 03:47,1
26/04/2022 03:31,5
26/04/2022 03:29,3
26/04/2022 03:29,5
26/04/2022 03:22,2
26/04/2022 03:15,5
26/04/2022 03:11,2
26/04/2022 03:09,5
26/04/2022 03:08,5
26/04/2022 03:03,5
26/04/2022 03:02,5
26/04/2022 03:02,1
26/04/2022 03:00,2
26/04/2022 02:50,5
26/04/2022 02:47,2
26/04/2022 02:46,3
26/04/2022 02:42,2
26/04/2022 02:42,5
26/04/2022 02:34,3
26/04/2022 02:33,2
26/04/2022 02:31,4
26/04/2022 02:28,5
26/04/2022 02:26,1
26/04/2022 02:26,2
26/04/2022 02:25,4
26/04/2022 02:21,1
26/04/2022 02:13,4
26/04/2022 02:11,1
26/04/2022 02:04,5
26/04/2022 01:57,5
26/04/2022 01:49,4
26/04/2022 01:39,5
26/04/2022 01:37,3
26/04/2022 01:36,1
26/04/2022 01:34,2
26/04/2022 01:34,5
26/04/2022 01:31,5
26/04/2022 01:11,5
26/04/2022 01:08,1
26/04/2022 01:07,1
26/04/2022 01:05,4
26/04/2022 01:03,5
26/04/2022 01:02,2
26/04/2022 00:59,5
26/04/2022 00:52,1
26/04/2022 00:51,3
26/04/2022 00:48,5
26/04/2022 00:45,1
26/04/2022 00:44,4
26/04/2022 00:42,2
26/04/2022 00:38,2
26/04/2022 00:36,1
26/04/2022 00:31,4
26/04/2022 00:30,1
26/04/2022 00:26,4
26/04/2022 00:25,1
26/04/2022 00:19,1
26/04/2022 00:17,1
26/04/2022 00:13,5
26/04/2022 00:10,5
26/04/2022 00:10,4
26/04/2022 00:08,5
26/04/2022 00:08,1
25/04/2022 23:47,5
25/04/2022 23:46,5
25/04/2022 23:37,1
25/04/2022 23:27,5
25/04/2022 23:26,1
25/04/2022 23:24,2
25/04/2022 23:21,1
25/04/2022 23:15,1
25/04/2022 23:12,1
25/04/2022 23:07,4
25/04/2022 23:01,4
25/04/2022 22:58,2
25/04/2022 22:56,5
25/04/2022 22:49,5
25/04/2022 22:48,5
25/04/2022 22:38,5
25/04/2022 22:35,1
25/04/2022 22:31,1
25/04/2022 22:13,1
25/04/2022 22:09,3
25/04/2022 22:01,2
25/04/2022 21:54,5
25/04/2022 21:52,2
25/04/2022 21:44,3
25/04/2022 21:40,5
25/04/2022 21:36,4
25/04/2022 21:36,2
25/04/2022 21:33,4
25/04/2022 21:32,5
25/04/2022 21:26,4
25/04/2022 21:25,2
25/04/2022 21:23,5
25/04/2022 21:22,5
25/04/2022 21:17,4
25/04/2022 21:13,2
25/04/2022 21:10,5
25/04/2022 21:05,3
25/04/2022 21:04,1
25/04/2022 21:04,1
25/04/2022 21:04,2
25/04/2022 20:59,5
25/04/2022 20:56,3
25/04/2022 20:55,1
25/04/2022 20:54,5
25/04/2022 20:50,2
25/04/2022 20:46,5
25/04/2022 20:46,3
25/04/2022 20:44,4
25/04/2022 20:42,1
25/04/2022 20:40,5
25/04/2022 20:39,5
25/04/2022 20:27,5
25/04/2022 20:20,1
25/04/2022 20:16,5
25/04/2022 20:02,4
25/04/2022 19:54,3
25/04/2022 19:53,5
25/04/2022 19:47,1
25/04/2022 19:46,4
25/04/2022 19:31,1
25/04/2022 19:23,1
25/04/2022 19:20,5
25/04/2022 19:20,1
25/04/2022 19:18,2
25/04/2022 19:17,5
25/04/2022 19:15,5
25/04/2022 19:06,4
25/04/2022 19:04,5
25/04/2022 19:02,5
25/04/2022 18:51,4
25/04/2022 18:49,1
25/04/2022 18:49,3
25/04/2022 18:42,5
25/04/2022 18:34,2
25/04/2022 18:31,1
25/04/2022 18:25,5
25/04/2022 18:21,1
25/04/2022 18:21,2
25/04/2022 18:21,5
25/04/2022 18:20,4
25/04/2022 18:19,1
25/04/2022 18:12,5
25/04/2022 18:11,1
25/04/2022 18:08,1
25/04/2022 18:07,3
25/04/2022 18:03,5
25/04/2022 17:59,5
25/04/2022 17:53,5
25/04/2022 17:52,5
25/04/2022 17:51,5
25/04/2022 17:51,1
25/04/2022 17:51,4
25/04/2022 17:48,4
25/04/2022 17:47,3
25/04/2022 17:45,3
25/04/2022 17:45,2
25/04/2022 17:41,2
25/04/2022 17:40,1
25/04/2022 17:39,5
25/04/2022 17:35,5
25/04/2022 17:28,5
25/04/2022 17:28,1
25/04/2022 17:26,5
25/04/2022 17:25,1
25/04/2022 17:22,2
25/04/2022 17:20,5
25/04/2022 17:15,1
25/04/2022 17:10,1
25/04/2022 17:09,2
25/04/2022 17:07,1
25/04/2022 17:06,4
25/04/2022 16:57,4
25/04/2022 16:53,5
25/04/2022 16:50,4
25/04/2022 16:50,5
25/04/2022 16:48,5
25/04/2022 16:47,2
25/04/2022 16:43,1
25/04/2022 16:35,4
25/04/2022 16:33,1
25/04/2022 16:32,5
25/04/2022 16:32,1
25/04/2022 16:30,3
25/04/2022 16:25,4
25/04/2022 16:21,3
25/04/2022 16:19,5
25/04/2022 16:18,2
25/04/2022 16:15,5
25/04/2022 16:14,5
25/04/2022 16:13,5
25/04/2022 16:08,2
25/04/2022 16:03,2
25/04/2022 15:59,5
25/04/2022 15:57,3
25/04/2022 15:57,5
25/04/2022 15:51,2
25/04/2022 15:47,3
25/04/2022 15:47,1
25/04/2022 15:46,1
25/04/2022 15:42,1
25/04/2022 15:40,1
25/04/2022 15:38,5
25/04/2022 15:36,5
25/04/2022 15:21,1
25/04/2022 15:19,5
25/04/2022 15:11,1
25/04/2022 15:05,5
25/04/2022 15:03,5
25/04/2022 15:03,4
25/04/2022 15:03,1
25/04/2022 15:02,5
25/04/2022 15:00,2
25/04/2022 14:58,5
25/04/2022 14:57,5
25/04/2022 14:54,2
25/04/2022 14:54,4
25/04/2022 14:48,5
25/04/2022 14:45,4
25/04/2022 14:44,5
25/04/2022 14:42,4
25/04/2022 14:41,5
25/04/2022 14:39,1
25/04/2022 14:37,1
25/04/2022 14:37,4
25/04/2022 14:28,5
25/04/2022 14:28,2
25/04/2022 14:26,1
25/04/2022 14:24,3
25/04/2022 14:23,4
25/04/2022 14:20,1
25/04/2022 14:20,4
25/04/2022 14:18,5
25/04/2022 14:16,2
25/04/2022 14:12,2
25/04/2022 14:11,1
25/04/2022 14:06,1
25/04/2022 14:05,5
25/04/2022 13:59,3
25/04/2022 13:54,1
25/04/2022 13:54,5
25/04/2022 13:48,5
25/04/2022 13:46,1
25/04/2022 13:40,1
25/04/2022 13:39,5
25/04/2022 13:38,5
25/04/2022 13:25,2
25/04/2022 13:25,5
25/04/2022 13:21,3
25/04/2022 13:17,1
25/04/2022 13:12,5
25/04/2022 13:10,1
25/04/2022 13:08,1
25/04/2022 12:53,2
25/04/2022 12:51,5
25/04/2022 12:48,5
25/04/2022 12:47,5
25/04/2022 12:44,4
25/04/2022 12:43,3
25/04/2022 12:42,5
25/04/2022 12:39,2
25/04/2022 12:36,5
25/04/2022 12:32,2
25/04/2022 12:32,5
25/04/2022 12:32,5
25/04/2022 12:30,3
25/04/2022 12:30,1
25/04/2022 12:29,3
25/04/2022 12:29,2
25/04/2022 12:29,4
25/04/2022 12:24,5
25/04/2022 12:21,5
25/04/2022 12:20,3
25/04/2022 12:13,4
25/04/2022 12:13,3
25/04/2022 12:12,1
25/04/2022 12:08,5
25/04/2022 12:05,5
25/04/2022 12:01,2
25/04/2022 11:57,3
25/04/2022 11:57,2
25/04/2022 11:52,5
25/04/2022 11:49,1
25/04/2022 11:49,2
25/04/2022 11:48,5
25/04/2022 11:47,5
25/04/2022 11:47,5
25/04/2022 11:46,4
25/04/2022 11:46,5
25/04/2022 11:44,1
25/04/2022 11:43,5
25/04/2022 11:34,5
25/04/2022 11:32,5
25/04/2022 11:29,5
25/04/2022 11:25,1
25/04/2022 11:21,5
25/04/2022 11:18,1
25/04/2022 11:17,4
25/04/2022 11:15,2
25/04/2022 11:09,5
25/04/2022 11:06,4
25/04/2022 11:03,4
25/04/2022 11:01,4
25/04/2022 10:48,5
25/04/2022 10:39,1
25/04/2022 10:39,5
25/04/2022 10:39,1
25/04/2022 10:32,2
25/04/2022 10:26,2
25/04/2022 10:24,4
25/04/2022 10:15,5
25/04/2022 10:14,5
25/04/2022 10:13,1
25/04/2022 10:13,3
25/04/2022 10:10,1
25/04/2022 10:09,1
25/04/2022 10:05,5
25/04/2022 09:47,5
25/04/2022 09:42,3
25/04/2022 09:39,5
25/04/2022 09:35,1
25/04/2022 09:32,5
25/04/2022 08:52,2
25/04/2022 08:47,5
25/04/2022 08:31,1
25/04/2022 08:16,4
25/04/2022 08:15,5
25/04/2022 08:10,4
25/04/2022 08:10,2
25/04/2022 08:03,1
25/04/2022 08:00,5
25/04/2022 08:00,5
25/04/2022 07:50,1
25/04/2022 07:49,2
25/04/2022 07:31,1
25/04/2022 07:28,3
25/04/2022 07:19,1
25/04/2022 07:17,3
25/04/2022 07:17,1
25/04/2022 07:16,5
25/04/2022 07:13,1
25/04/2022 07:10,5
25/04/2022 07:03,1
25/04/2022 07:02,4
25/04/2022 06:54,5
25/04/2022 06:52,1
25/04/2022 06:47,5
25/04/2022 06:45,2
25/04/2022 06:24,4
25/04/2022 06:22,5
25/04/2022 06:17,5
25/04/2022 06:16,1
25/04/2022 06:11,5
25/04/2022 06:11,5
25/04/2022 06:05,4
25/04/2022 06:02,5
25/04/2022 05:59,4
25/04/2022 05:53,5
25/04/2022 05:50,1
25/04/2022 05:48,5
25/04/2022 05:47,3
25/04/2022 05:46,1
25/04/2022 05:42,4
25/04/2022 05:41,4
25/04/2022 05:36,4
25/04/2022 05:34,5
25/04/2022 05:32,1
25/04/2022 05:30,2
25/04/2022 05:28,5
25/04/2022 05:22,2
25/04/2022 05:20,2
25/04/2022 05:10,5
25/04/2022 05:04,5
25/04/2022 05:01,4
25/04/2022 04:57,2
25/04/2022 04:57,5
25/04/2022 04:50,5
25/04/2022 04:48,5
25/04/2022 04:47,1
25/04/2022 04:45,5
25/04/2022 04:44,5
25/04/2022 04:43,5
25/04/2022 04:42,5
25/04/2022 04:32,1
25/04/2022 04:30,1
25/04/2022 04:29,4
25/04/2022 04:26,1
25/04/2022 04:25,1
25/04/2022 04:23,1
25/04/2022 04:20,3
25/04/2022 04:16,4
25/04/2022 04:13,5
25/04/2022 04:07,3
25/04/2022 04:04,4
25/04/2022 04:03,4
25/04/2022 04:00,5
25/04/2022 04:00,5
25/04/2022 03:54,1
25/04/2022 03:52,5
25/04/2022 03:43,3
25/04/2022 03:40,2
25/04/2022 03:37,5
25/04/2022 03:36,1
25/04/2022 03:31,5
25/04/2022 03:24,4
25/04/2022 03:18,4
25/04/2022 03:10,2
25/04/2022 03:08,5
25/04/2022 03:06,1
25/04/2022 03:00,1
25/04/2022 02:54,1
25/04/2022 02:53,1
25/04/2022 02:44,1
25/04/2022 02:39,5
25/04/2022 02:36,5
25/04/2022 02:34,2
25/04/2022 02:33,5
25/04/2022 02:29,1
25/04/2022 02:27,3
25/04/2022 02:16,1
25/04/2022 02:15,5
25/04/2022 02:11,3
25/04/2022 02:02,3
25/04/2022 01:57,3
25/04/2022 01:42,3
25/04/2022 01:38,2
25/04/2022 01:37,5
25/04/2022 01:34,5
25/04/2022 01:32,5
25/04/2022 01:20,1
25/04/2022 01:08,5
25/04/2022 01:07,1
25/04/2022 00:58,4
25/04/2022 00:53,1
25/04/2022 00:52,3
25/04/2022 00:49,4
25/04/2022 00:48,5
25/04/2022 00:42,5
25/04/2022 00:41,5
25/04/2022 00:37,1
25/04/2022 00:24,1
25/04/2022 00:20,2
25/04/2022 00:17,5
25/04/2022 00:16,1
25/04/2022 00:15,5
25/04/2022 00:11,3
25/04/2022 00:11,5
25/04/2022 00:10,4
25/04/2022 00:10,5
25/04/2022 00:09,1
25/04/2022 00:08,5
25/04/2022 00:03,1
24/04/2022 23:56,5
24/04/2022 23:54,5
24/04/2022 23:42,5
24/04/2022 23:41,5
24/04/2022 23:40,5
24/04/2022 23:40,5
24/04/2022 23:32,1
24/04/2022 23:29,1
24/04/2022 23:27,4
24/04/2022 23:26,3
24/04/2022 23:24,5
24/04/2022 23:19,2
24/04/2022 23:18,1
24/04/2022 23:18,1
24/04/2022 23:16,1
24/04/2022 23:15,5
24/04/2022 23:13,1
24/04/2022 23:13,5
24/04/2022 23:10,5
24/04/2022 23:03,5
24/04/2022 23:03,1
24/04/2022 22:57,5
24/04/2022 22:55,1
24/04/2022 22:54,1
24/04/2022 22:47,1
24/04/2022 22:46,5
24/04/2022 22:45,1
24/04/2022 22:43,2
24/04/2022 22:39,2
24/04/2022 22:35,1
24/04/2022 22:31,5
24/04/2022 22:30,1
24/04/2022 22:28,5
24/04/2022 22:23,5
24/04/2022 22:22,5
24/04/2022 22:21,1
24/04/2022 22:17,5
24/04/2022 22:16,2
24/04/2022 22:16,2
24/04/2022 22:15,2
24/04/2022 22:10,1
24/04/2022 22:06,1
24/04/2022 22:04,3
24/04/2022 21:57,5
24/04/2022 21:57,5
24/04/2022 21:50,4
24/04/2022 21:48,5
24/04/2022 21:46,5
24/04/2022 21:42,4
24/04/2022 21:39,1
24/04/2022 21:39,2
24/04/2022 21:35,1
24/04/2022 21:34,3
24/04/2022 21:33,2
24/04/2022 21:32,1
24/04/2022 21:30,3
24/04/2022 21:28,5
24/04/2022 21:23,3
24/04/2022 21:22,5
24/04/2022 21:19,1
24/04/2022 21:14,3
24/04/2022 21:12,4
24/04/2022 21:06,5
24/04/2022 21:01,5
24/04/2022 20:57,3
24/04/2022 20:56,5
24/04/2022 20:54,5
24/04/2022 20:49,2
24/04/2022 20:47,5
24/04/2022 20:39,5
24/04/2022 20:36,2
24/04/2022 20:35,5
24/04/2022 20:22,5
24/04/2022 20:21,4
24/04/2022 20:12,5
24/04/2022 20:09,3
24/04/2022 20:02,5
24/04/2022 19:58,5
24/04/2022 19:58,1
24/04/2022 19:48,4
24/04/2022 19:48,2
24/04/2022 19:37,4
24/04/2022 19:35,5
24/04/2022 19:35,5
24/04/2022 19:28,4
24/04/2022 19:27,1
24/04/2022 19:21,1
24/04/2022 19:13,1
24/04/2022 19:10,1
24/04/2022 19:04,4
24/04/2022 18:59,5
24/04/2022 18:58,4
24/04/2022 18:56,5
24/04/2022 18:55,1
24/04/2022 18:53,4
24/04/2022 18:45,1
24/04/2022 18:44,5
24/04/2022 18:44,5
24/04/2022 18:36,5
24/04/2022 18:35,3
24/04/2022 18:32,1
24/04/2022 18:30,5
24/04/2022 18:30,3
24/04/2022 18:29,5
24/04/2022 18:29,5
24/04/2022 18:29,2
24/04/2022 18:26,3
24/04/2022 18:25,5
24/04/2022 18:21,3
24/04/2022 18:19,3
24/04/2022 18:15,5
24/04/2022 18:10,5
24/04/2022 18:10,5
24/04/2022 18:04,5
24/04/2022 17:57,5
24/04/2022 17:53,5
24/04/2022 17:50,5
24/04/2022 17:47,3
24/04/2022 17:44,5
24/04/2022 17:43,5
24/04/2022 17:43,5
24/04/2022 17:40,1
24/04/2022 17:39,1
24/04/2022 17:39,5
24/04/2022 17:38,1
24/04/2022 17:36,4
24/04/2022 17:20,1
24/04/2022 17:19,5
24/04/2022 17:12,5
24/04/2022 17:07,1
24/04/2022 17:06,1
24/04/2022 17:05,1
24/04/2022 17:04,5
24/04/2022 17:03,4
24/04/2022 17:00,5
24/04/2022 16:56,5
24/04/2022 16:54,1
24/04/2022 16:53,2
24/04/2022 16:53,4
24/04/2022 16:49,1
24/04/2022 16:49,2
24/04/2022 16:46,4
24/04/2022 16:45,1
24/04/2022 16:44,4
24/04/2022 16:42,3
24/04/2022 16:40,1
24/04/2022 16:39,5
24/04/2022 16:30,1
24/04/2022 16:29,4
24/04/2022 16:29,1
24/04/2022 16:26,5
24/04/2022 16:24,2
24/04/2022 16:22,1
24/04/2022 16:21,1
24/04/2022 16:19,5
24/04/2022 16:15,1
24/04/2022 16:04,5
24/04/2022 16:04,1
24/04/2022 16:01,1
24/04/2022 15:59,1
24/04/2022 15:54,4
24/04/2022 15:48,3
24/04/2022 15:44,2
24/04/2022 15:41,5
24/04/2022 15:40,5
24/04/2022 15:32,5
24/04/2022 15:28,2
24/04/2022 15:24,3
24/04/2022 15:19,1
24/04/2022 15:19,5
24/04/2022 15:19,2
24/04/2022 15:11,2
24/04/2022 15:10,1
24/04/2022 15:10,3
24/04/2022 14:59,4
24/04/2022 14:59,4
24/04/2022 14:58,5
24/04/2022 14:57,2
24/04/2022 14:55,5
24/04/2022 14:54,4
24/04/2022 14:48,4
24/04/2022 14:48,4
24/04/2022 14:47,5
24/04/2022 14:45,4
24/04/2022 14:45,5
24/04/2022 14:44,5
24/04/2022 14:43,5
24/04/2022 14:34,2
24/04/2022 14:28,1
24/04/2022 14:24,5
24/04/2022 14:24,5
24/04/2022 14:20,1
24/04/2022 14:18,5
24/04/2022 14:18,5
24/04/2022 14:13,1
24/04/2022 14:11,5
24/04/2022 14:09,1
24/04/2022 14:09,1
24/04/2022 14:00,1
24/04/2022 13:58,3
24/04/2022 13:52,4
24/04/2022 13:51,4
24/04/2022 13:49,4
24/04/2022 13:48,1
24/04/2022 13:47,2
24/04/2022 13:47,5
24/04/2022 13:42,3
24/04/2022 13:41,4
24/04/2022 13:39,4
24/04/2022 13:35,5
24/04/2022 13:34,5
24/04/2022 13:30,2
24/04/2022 13:28,1
24/04/2022 13:28,5
24/04/2022 13:28,5
24/04/2022 13:20,3
24/04/2022 13:19,4
24/04/2022 13:16,4
24/04/2022 13:16,3
24/04/2022 13:12,5
24/04/2022 13:12,3
24/04/2022 13:09,1
24/04/2022 13:05,3
24/04/2022 13:02,3
24/04/2022 12:38,5
24/04/2022 12:37,1
24/04/2022 12:32,5
24/04/2022 12:31,3
24/04/2022 12:26,5
24/04/2022 12:24,2
24/04/2022 12:20,1
24/04/2022 12:17,1
24/04/2022 12:17,5
24/04/2022 12:16,2
24/04/2022 12:16,1
24/04/2022 12:15,3
24/04/2022 12:11,5
24/04/2022 12:06,1
24/04/2022 12:05,5
24/04/2022 12:04,5
24/04/2022 12:04,4
24/04/2022 12:01,5
24/04/2022 12:01,2
24/04/2022 12:00,5
24/04/2022 11:59,5
24/04/2022 11:56,5
24/04/2022 11:52,5
24/04/2022 11:51,3
24/04/2022 11:46,2
24/04/2022 11:40,1
24/04/2022 11:40,1
24/04/2022 11:39,5
24/04/2022 11:26,5
24/04/2022 11:22,5
24/04/2022 11:19,5
24/04/2022 11:19,5
24/04/2022 11:13,3
24/04/2022 11:05,1
24/04/2022 11:04,3
24/04/2022 11:02,1
24/04/2022 11:02,3
24/04/2022 11:01,5
24/04/2022 10:59,1
24/04/2022 10:59,1
24/04/2022 10:55,5
24/04/2022 10:50,1
24/04/2022 10:45,1
24/04/2022 10:44,5
24/04/2022 10:39,3
24/04/2022 10:34,1
24/04/2022 10:33,5
24/04/2022 10:31,2
24/04/2022 10:23,1
24/04/2022 10:08,3
24/04/2022 09:58,2
24/04/2022 09:54,1
24/04/2022 09:53,4
24/04/2022 09:49,5
24/04/2022 09:49,2
24/04/2022 09:47,1
24/04/2022 09:34,4
24/04/2022 09:33,5
24/04/2022 09:28,3
24/04/2022 09:23,5
24/04/2022 09:20,3
24/04/2022 09:05,5
24/04/2022 09:02,5
24/04/2022 09:00,2
24/04/2022 08:58,5
24/04/2022 08:58,1
24/04/2022 08:31,2
24/04/2022 08:30,5
24/04/2022 08:26,5
24/04/2022 08:17,1
24/04/2022 08:12,2
24/04/2022 08:06,4
24/04/2022 08:01,4
24/04/2022 07:55,5
24/04/2022 07:44,2
24/04/2022 07:25,2
24/04/2022 07:18,3
24/04/2022 07:15,5
24/04/2022 07:15,3
24/04/2022 07:14,5
24/04/2022 07:12,1
24/04/2022 07:00,1
24/04/2022 06:58,1
24/04/2022 06:54,2
24/04/2022 06:45,5
24/04/2022 06:40,1
24/04/2022 06:38,1
24/04/2022 06:36,4
24/04/2022 06:35,2
24/04/2022 06:33,5
24/04/2022 06:30,1
24/04/2022 06:29,5
24/04/2022 06:29,3
24/04/2022 06:29,1
24/04/2022 06:09,1
24/04/2022 06:02,5
24/04/2022 06:01,3
24/04/2022 05:35,1
24/04/2022 05:32,5
24/04/2022 05:31,2
24/04/2022 05:31,1
24/04/2022 05:25,3
24/04/2022 05:22,4
24/04/2022 05:20,4
24/04/2022 05:15,5
24/04/2022 05:12,5
24/04/2022 05:04,1
24/04/2022 05:00,5
24/04/2022 04:56,2
24/04/2022 04:50,5
24/04/2022 04:47,1
24/04/2022 04:45,5
24/04/2022 04:41,5
24/04/2022 04:39,5
24/04/2022 04:36,2
24/04/2022 04:34,1
24/04/2022 04:33,5
24/04/2022 04:29,1
24/04/2022 04:26,4
24/04/2022 04:24,5
24/04/2022 04:20,3
24/04/2022 04:13,5
24/04/2022 04:11,2
24/04/2022 04:08,4
24/04/2022 04:02,4
24/04/2022 04:00,4
24/04/2022 04:00,1
24/04/2022 04:00,2
24/04/2022 03:51,2
24/04/2022 03:50,5
24/04/2022 03:46,3
24/04/2022 03:39,1
24/04/2022 03:33,1
24/04/2022 03:30,2
24/04/2022 03:30,5
24/04/2022 03:18,3
24/04/2022 03:14,3
24/04/2022 03:06,1
24/04/2022 03:04,5
24/04/2022 02:58,1
24/04/2022 02:55,4
24/04/2022 02:55,5
24/04/2022 02:48,1
24/04/2022 02:44,1
24/04/2022 02:44,5
24/04/2022 02:42,5
24/04/2022 02:33,5
24/04/2022 02:26,1
24/04/2022 02:25,1
24/04/2022 02:19,4
24/04/2022 02:17,4
24/04/2022 02:16,5
24/04/2022 02:16,5
24/04/2022 02:15,3
24/04/2022 02:13,5
24/04/2022 02:12,3
24/04/2022 02:09,5
24/04/2022 01:58,4
24/04/2022 01:55,3
24/04/2022 01:54,5
24/04/2022 01:53,5
24/04/2022 01:52,1
24/04/2022 01:50,2
24/04/2022 01:36,5
24/04/2022 01:36,3
24/04/2022 01:35,4
24/04/2022 01:34,5
24/04/2022 01:32,4
24/04/2022 01:29,5
24/04/2022 01:16,5
24/04/2022 01:14,5
24/04/2022 01:13,4
24/04/2022 01:12,5
24/04/2022 01:06,3
24/04/2022 01:05,4
24/04/2022 00:59,4
24/04/2022 00:53,5
24/04/2022 00:51,5
24/04/2022 00:47,3
24/04/2022 00:39,5
24/04/2022 00:32,5
24/04/2022 00:23,2
24/04/2022 00:22,5
24/04/2022 00:18,5
24/04/2022 00:15,4
24/04/2022 00:09,5
24/04/2022 00:03,5
24/04/2022 00:00,5
23/04/2022 23:54,3
23/04/2022 23:50,5
23/04/2022 23:46,5
23/04/2022 23:43,2
23/04/2022 23:40,5
23/04/2022 23:35,1
23/04/2022 23:35,5
23/04/2022 23:31,5
23/04/2022 23:28,3
23/04/2022 23:25,5
23/04/2022 23:24,5
23/04/2022 23:20,3
23/04/2022 23:19,1
23/04/2022 23:19,1
23/04/2022 23:14,4
23/04/2022 23:13,1
23/04/2022 23:10,1
23/04/2022 23:10,4
23/04/2022 23:00,5
23/04/2022 22:58,1
23/04/2022 22:58,1
23/04/2022 22:56,5
23/04/2022 22:53,2
23/04/2022 22:50,1
23/04/2022 22:46,3
23/04/2022 22:38,3
23/04/2022 22:33,5
23/04/2022 22:32,5
23/04/2022 22:31,5
23/04/2022 22:28,1
23/04/2022 22:27,2
23/04/2022 22:24,2
23/04/2022 22:24,4
23/04/2022 22:23,5
23/04/2022 22:20,5
23/04/2022 22:18,5
23/04/2022 22:11,5
23/04/2022 22:10,5
23/04/2022 22:08,5
23/04/2022 22:07,5
23/04/2022 22:01,1
23/04/2022 22:00,3
23/04/2022 21:55,5
23/04/2022 21:54,4
23/04/2022 21:52,5
23/04/2022 21:51,3
23/04/2022 21:39,3
23/04/2022 21:38,5
23/04/2022 21:37,3
23/04/2022 21:34,3
23/04/2022 21:34,4
23/04/2022 21:33,5
23/04/2022 21:31,4
23/04/2022 21:30,2
23/04/2022 21:29,1
23/04/2022 21:24,1
23/04/2022 21:23,1
23/04/2022 21:21,2
23/04/2022 21:14,5
23/04/2022 21:12,5
23/04/2022 21:10,3
23/04/2022 21:07,1
23/04/2022 21:03,5
23/04/2022 20:59,2
23/04/2022 20:55,1
23/04/2022 20:52,5
23/04/2022 20:48,5
23/04/2022 20:38,5
23/04/2022 20:31,5
23/04/2022 20:27,1
23/04/2022 20:27,5
23/04/2022 20:26,5
23/04/2022 20:26,4
23/04/2022 20:26,2
23/04/2022 20:23,5
23/04/2022 20:17,1
23/04/2022 20:17,2
23/04/2022 20:17,2
23/04/2022 20:14,4
23/04/2022 20:12,4
23/04/2022 20:09,1
23/04/2022 20:07,5
23/04/2022 20:06,5
23/04/2022 20:05,1
23/04/2022 20:04,1
23/04/2022 20:03,3
23/04/2022 19:51,5
23/04/2022 19:49,1
23/04/2022 19:45,5
23/04/2022 19:42,1
23/04/2022 19:41,5
23/04/2022 19:40,3
23/04/2022 19:38,2
23/04/2022 19:31,5
23/04/2022 19:25,5
23/04/2022 19:24,1
23/04/2022 19:23,2
23/04/2022 19:22,5
23/04/2022 19:21,5
23/04/2022 19:17,3
23/04/2022 19:17,5
23/04/2022 19:17,4
23/04/2022 19:17,1
23/04/2022 19:11,1
23/04/2022 19:09,5
23/04/2022 19:09,4
23/04/2022 19:03,4
23/04/2022 19:01,5
23/04/2022 18:54,5
23/04/2022 18:54,5
23/04/2022 18:53,1
23/04/2022 18:52,2
23/04/2022 18:52,3
23/04/2022 18:49,3
23/04/2022 18:47,4
23/04/2022 18:44,5
23/04/2022 18:44,1
23/04/2022 18:43,5
23/04/2022 18:40,1
23/04/2022 18:34,5
23/04/2022 18:32,5
23/04/2022 18:31,5
23/04/2022 18:30,3
23/04/2022 18:25,5
23/04/2022 18:25,5
23/04/2022 18:24,3
23/04/2022 18:14,5
23/04/2022 18:14,5
23/04/2022 18:14,5
23/04/2022 18:11,4
23/04/2022 18:07,4
23/04/2022 17:49,2
23/04/2022 17:44,5
23/04/2022 17:42,2
23/04/2022 17:41,1
23/04/2022 17:41,3
23/04/2022 17:40,5
23/04/2022 17:39,1
23/04/2022 17:36,5
23/04/2022 17:35,1
23/04/2022 17:33,1
23/04/2022 17:32,4
23/04/2022 17:32,5
23/04/2022 17:31,5
23/04/2022 17:27,2
23/04/2022 17:25,5
23/04/2022 17:24,2
23/04/2022 17:18,1
23/04/2022 17:17,5
23/04/2022 17:16,5
23/04/2022 17:07,5
23/04/2022 17:06,1
23/04/2022 17:06,5
23/04/2022 16:59,1
23/04/2022 16:45,2
23/04/2022 16:43,5
23/04/2022 16:42,3
23/04/2022 16:40,5
23/04/2022 16:33,2
23/04/2022 16:29,4
23/04/2022 16:28,3
23/04/2022 16:26,1
23/04/2022 16:26,5
23/04/2022 16:24,1
23/04/2022 16:21,4
23/04/2022 16:20,3
23/04/2022 16:19,5
23/04/2022 16:16,2
23/04/2022 16:12,5
23/04/2022 16:11,3
23/04/2022 16:09,3
23/04/2022 16:06,5
23/04/2022 16:04,5
23/04/2022 16:03,5
23/04/2022 15:52,5
23/04/2022 15:43,5
23/04/2022 15:40,5
23/04/2022 15:39,2
23/04/2022 15:39,5
23/04/2022 15:35,5
23/04/2022 15:33,1
23/04/2022 15:33,5
23/04/2022 15:32,3
23/04/2022 15:32,5
23/04/2022 15:28,1
23/04/2022 15:23,5
23/04/2022 15:18,1
23/04/2022 15:16,2
23/04/2022 15:16,2
23/04/2022 15:13,2
23/04/2022 15:13,5
23/04/2022 15:11,1
23/04/2022 15:10,4
23/04/2022 15:07,5
23/04/2022 15:06,5
23/04/2022 15:05,5
23/04/2022 15:05,4
23/04/2022 15:05,5
23/04/2022 15:04,3
23/04/2022 14:58,4
23/04/2022 14:57,3
23/04/2022 14:55,5
23/04/2022 14:54,5
23/04/2022 14:41,2
23/04/2022 14:37,1
23/04/2022 14:36,1
23/04/2022 14:34,5
23/04/2022 14:31,4
23/04/2022 14:27,1
23/04/2022 14:26,5
23/04/2022 14:23,1
23/04/2022 14:22,5
23/04/2022 14:19,4
23/04/2022 14:16,3
23/04/2022 14:09,1
23/04/2022 14:07,5
23/04/2022 14:06,5
23/04/2022 14:05,5
23/04/2022 14:03,4
23/04/2022 14:01,3
23/04/2022 14:00,2
23/04/2022 13:57,5
23/04/2022 13:54,5
23/04/2022 13:51,5
23/04/2022 13:50,5
23/04/2022 13:50,1
23/04/2022 13:49,1
23/04/2022 13:46,1
23/04/2022 13:38,3
23/04/2022 13:30,5
23/04/2022 13:26,5
23/04/2022 13:22,5
23/04/2022 13:19,5
23/04/2022 13:16,2
23/04/2022 13:15,4
23/04/2022 13:13,3
23/04/2022 13:08,5
23/04/2022 13:08,5
23/04/2022 13:06,5
23/04/2022 13:06,4
23/04/2022 12:56,1
23/04/2022 12:55,2
23/04/2022 12:51,3
23/04/2022 12:48,3
23/04/2022 12:46,1
23/04/2022 12:45,2
23/04/2022 12:36,1
23/04/2022 12:32,5
23/04/2022 12:32,2
23/04/2022 12:32,5
23/04/2022 12:30,3
23/04/2022 12:26,4
23/04/2022 12:23,5
23/04/2022 12:23,4
23/04/2022 12:13,5
23/04/2022 12:06,1
23/04/2022 12:05,5
23/04/2022 11:58,1
23/04/2022 11:58,1
23/04/2022 11:50,2
23/04/2022 11:39,1
23/04/2022 11:37,5
23/04/2022 11:33,1
23/04/2022 11:30,3
23/04/2022 11:24,1
23/04/2022 11:15,4
23/04/2022 11:09,2
23/04/2022 11:08,1
23/04/2022 11:07,5
23/04/2022 11:05,1
23/04/2022 10:59,3
23/04/2022 10:58,3
23/04/2022 10:58,1
23/04/2022 10:57,2
23/04/2022 10:54,5
23/04/2022 10:51,4
23/04/2022 10:47,4
23/04/2022 10:46,5
23/04/2022 10:39,1
23/04/2022 10:39,1
23/04/2022 10:33,5
23/04/2022 10:33,4
23/04/2022 10:29,5
23/04/2022 10:23,4
23/04/2022 10:18,5
23/04/2022 10:15,2
23/04/2022 10:12,4
23/04/2022 10:11,5
23/04/2022 10:10,5
23/04/2022 10:01,1
23/04/2022 09:58,3
23/04/2022 09:51,5
23/04/2022 09:39,4
23/04/2022 09:37,3
23/04/2022 09:37,4
23/04/2022 09:27,3
23/04/2022 09:17,1
23/04/2022 09:15,1
23/04/2022 09:02,5
23/04/2022 08:59,5
23/04/2022 08:57,5
23/04/2022 08:57,5
23/04/2022 08:56,5
23/04/2022 08:53,1
23/04/2022 08:49,4
23/04/2022 08:49,1
23/04/2022 08:47,2
23/04/2022 08:40,5
23/04/2022 08:34,1
23/04/2022 08:31,1
23/04/2022 08:31,5
23/04/2022 08:26,5
23/04/2022 08:21,5
23/04/2022 08:21,5
23/04/2022 08:20,3
23/04/2022 08:17,4
23/04/2022 08:13,4
23/04/2022 08:06,1
23/04/2022 07:59,5
23/04/2022 07:57,1
23/04/2022 07:47,5
23/04/2022 07:43,3
23/04/2022 07:39,1
23/04/2022 07:38,2
23/04/2022 07:35,3
23/04/2022 07:31,5
23/04/2022 07:29,3
23/04/2022 07:22,5
23/04/2022 07:17,5
23/04/2022 07:16,2
23/04/2022 07:16,2
23/04/2022 07:09,1
23/04/2022 07:08,5
23/04/2022 07:06,3
23/04/2022 07:02,1
23/04/2022 06:58,3
23/04/2022 06:54,5
23/04/2022 06:53,1
23/04/2022 06:53,3
23/04/2022 06:49,5
23/04/2022 06:41,1
23/04/2022 06:38,1
23/04/2022 06:32,4
23/04/2022 06:27,2
23/04/2022 06:26,5
23/04/2022 06:22,1
23/04/2022 06:21,5
23/04/2022 06:21,2
23/04/2022 06:21,5
23/04/2022 06:20,5
23/04/2022 06:19,1
23/04/2022 06:15,1
23/04/2022 06:13,5
23/04/2022 06:10,3
23/04/2022 06:09,5
23/04/2022 06:06,5
23/04/2022 06:03,5
23/04/2022 06:03,3
23/04/2022 05:58,5
23/04/2022 05:57,2
23/04/2022 05:55,4
23/04/2022 05:54,2
23/04/2022 05:49,4
23/04/2022 05:43,1
23/04/2022 05:37,2
23/04/2022 05:29,3
23/04/2022 05:28,5
23/04/2022 05:21,2
23/04/2022 05:11,5
23/04/2022 05:07,5
23/04/2022 05:01,5
23/04/2022 04:59,2
23/04/2022 04:59,1
23/04/2022 04:42,5
23/04/2022 04:31,5
23/04/2022 04:26,1
23/04/2022 04:23,2
23/04/2022 04:21,4
23/04/2022 04:18,5
23/04/2022 04:09,1
23/04/2022 04:07,4
23/04/2022 04:06,1
23/04/2022 04:06,5
23/04/2022 03:59,1
23/04/2022 03:58,1
23/04/2022 03:56,5
23/04/2022 03:52,1
23/04/2022 03:49,5
23/04/2022 03:49,5
23/04/2022 03:41,5
23/04/2022 03:37,2
23/04/2022 03:33,5
23/04/2022 03:32,5
23/04/2022 03:31,2
23/04/2022 03:27,1
23/04/2022 03:26,3
23/04/2022 03:25,1
23/04/2022 03:18,5
23/04/2022 03:15,2
23/04/2022 02:59,1
23/04/2022 02:58,4
23/04/2022 02:52,5
23/04/2022 02:49,2
23/04/2022 02:48,5
23/04/2022 02:46,1
23/04/2022 02:42,2
23/04/2022 02:40,5
23/04/2022 02:38,5
23/04/2022 02:36,4
23/04/2022 02:32,5
23/04/2022 02:31,1
23/04/2022 02:26,1
23/04/2022 02:24,1
23/04/2022 02:18,4
23/04/2022 02:18,4
23/04/2022 02:18,1
23/04/2022 02:14,1
23/04/2022 02:13,1
23/04/2022 02:10,1
23/04/2022 02:05,1
23/04/2022 02:04,5
23/04/2022 02:02,5
23/04/2022 02:01,5
23/04/2022 02:00,5
23/04/2022 02:00,3
23/04/2022 01:59,1
23/04/2022 01:56,3
23/04/2022 01:56,1
23/04/2022 01:48,5
23/04/2022 01:48,1
23/04/2022 01:47,5
23/04/2022 01:46,5
23/04/2022 01:45,5
23/04/2022 01:36,5
23/04/2022 01:36,3
23/04/2022 01:33,3
23/04/2022 01:31,5
23/04/2022 01:21,5
23/04/2022 01:20,3
23/04/2022 01:19,2
23/04/2022 01:19,4
23/04/2022 01:17,5
23/04/2022 01:17,1
23/04/2022 01:17,5
23/04/2022 01:12,2
23/04/2022 01:04,5
23/04/2022 01:04,5
23/04/2022 01:01,5
23/04/2022 01:00,5
23/04/2022 00:58,1
23/04/2022 00:57,5
23/04/2022 00:53,1
23/04/2022 00:48,5
23/04/2022 00:45,3
23/04/2022 00:38,5
23/04/2022 00:36,2
23/04/2022 00:31,1
23/04/2022 00:29,1
23/04/2022 00:28,1
23/04/2022 00:24,3
23/04/2022 00:20,5
23/04/2022 00:17,1
23/04/2022 00:17,4
23/04/2022 00:16,1
23/04/2022 00:10,5
22/04/2022 23:53,3
22/04/2022 23:51,1
22/04/2022 23:49,2
22/04/2022 23:48,1
22/04/2022 23:45,4
22/04/2022 23:44,1
22/04/2022 23:40,1
22/04/2022 23:37,2
22/04/2022 23:33,2
22/04/2022 23:29,2
22/04/2022 23:19,5
22/04/2022 23:17,5
22/04/2022 23:17,5
22/04/2022 23:15,1
22/04/2022 23:14,1
22/04/2022 23:02,1
22/04/2022 23:00,1
22/04/2022 22:57,3
22/04/2022 22:56,1
22/04/2022 22:50,1
22/04/2022 22:48,1
22/04/2022 22:48,1
22/04/2022 22:41,5
22/04/2022 22:36,5
22/04/2022 22:32,5
22/04/2022 22:31,1
22/04/2022 22:27,2
22/04/2022 22:26,5
22/04/2022 22:22,5
22/04/2022 22:14,3
22/04/2022 22:09,3
22/04/2022 22:07,4
22/04/2022 22:06,1
22/04/2022 22:05,4
22/04/2022 22:05,4
22/04/2022 22:04,1
22/04/2022 22:03,4
22/04/2022 22:00,4
22/04/2022 22:00,5
22/04/2022 21:44,1
22/04/2022 21:42,3
22/04/2022 21:42,1
22/04/2022 21:41,5
22/04/2022 21:38,2
22/04/2022 21:33,5
22/04/2022 21:32,1
22/04/2022 21:21,1
22/04/2022 21:20,1
22/04/2022 21:18,5
22/04/2022 21:17,1
22/04/2022 21:17,5
22/04/2022 21:17,5
22/04/2022 21:13,5
22/04/2022 21:10,5
22/04/2022 21:09,5
22/04/2022 21:02,5
22/04/2022 21:02,5
22/04/2022 20:59,4
22/04/2022 20:55,5
22/04/2022 20:50,3
22/04/2022 20:42,2
22/04/2022 20:42,3
22/04/2022 20:40,5
22/04/2022 20:36,1
22/04/2022 20:35,1
22/04/2022 20:34,1
22/04/2022 20:30,5
22/04/2022 20:22,1
22/04/2022 20:09,5
22/04/2022 20:07,1
22/04/2022 20:07,5
22/04/2022 20:06,1
22/04/2022 20:04,2
22/04/2022 20:00,5
22/04/2022 19:59,3
22/04/2022 19:59,2
22/04/2022 19:58,2
22/04/2022 19:46,5
22/04/2022 19:45,5
22/04/2022 19:39,2
22/04/2022 19:37,1
22/04/2022 19:28,4
22/04/2022 19:26,2
22/04/2022 19:24,3
22/04/2022 19:24,5
22/04/2022 19:22,1
22/04/2022 19:22,3
22/04/2022 19:21,5
22/04/2022 19:15,4
22/04/2022 19:14,3
22/04/2022 19:13,5
22/04/2022 19:05,3
22/04/2022 19:03,5
22/04/2022 19:02,4
22/04/2022 19:01,2
22/04/2022 18:54,1
22/04/2022 18:53,5
22/04/2022 18:51,2
22/04/2022 18:49,2
22/04/2022 18:40,1
22/04/2022 18:39,3
22/04/2022 18:33,2
22/04/2022 18:30,3
22/04/2022 18:29,2
22/04/2022 18:25,2
22/04/2022 18:23,1
22/04/2022 18:20,1
22/04/2022 18:16,2
22/04/2022 18:15,2
22/04/2022 18:14,1
22/04/2022 18:11,4
22/04/2022 18:10,1
22/04/2022 18:09,1
22/04/2022 18:08,3
22/04/2022 18:01,1
22/04/2022 17:53,1
22/04/2022 17:49,2
22/04/2022 17:49,1
22/04/2022 17:42,4
22/04/2022 17:41,3
22/04/2022 17:41,3
22/04/2022 17:36,1
22/04/2022 17:34,4
22/04/2022 17:33,5
22/04/2022 17:33,5
22/04/2022 17:32,3
22/04/2022 17:19,2
22/04/2022 17:19,5
22/04/2022 17:18,5
22/04/2022 17:13,3
22/04/2022 17:12,1
22/04/2022 17:07,5
22/04/2022 17:04,5
22/04/2022 17:01,3
22/04/2022 17:00,4
22/04/2022 17:00,1
22/04/2022 16:59,5
22/04/2022 16:58,4
22/04/2022 16:57,1
22/04/2022 16:54,5
22/04/2022 16:53,5
22/04/2022 16:53,4
22/04/2022 16:50,2
22/04/2022 16:49,5
22/04/2022 16:46,5
22/04/2022 16:41,5
22/04/2022 16:41,5
22/04/2022 16:41,2
22/04/2022 16:41,2
22/04/2022 16:39,1
22/04/2022 16:34,4
22/04/2022 16:30,2
22/04/2022 16:27,4
22/04/2022 16:26,2
22/04/2022 16:24,5
22/04/2022 16:24,5
22/04/2022 16:21,1
22/04/2022 16:19,2
22/04/2022 16:16,1
22/04/2022 16:09,2
22/04/2022 16:09,5
22/04/2022 16:06,5
22/04/2022 16:05,5
22/04/2022 16:03,3
22/04/2022 16:03,1
22/04/2022 16:00,1
22/04/2022 15:55,2
22/04/2022 15:55,1
22/04/2022 15:54,5
22/04/2022 15:50,1
22/04/2022 15:49,2
22/04/2022 15:46,2
22/04/2022 15:40,2
22/04/2022 15:35,1
22/04/2022 15:33,5
22/04/2022 15:27,1
22/04/2022 15:26,1
22/04/2022 15:22,5
22/04/2022 15:14,1
22/04/2022 15:11,4
22/04/2022 15:11,5
22/04/2022 15:11,1
22/04/2022 15:09,1
22/04/2022 15:02,3
22/04/2022 14:56,3
22/04/2022 14:55,1
22/04/2022 14:50,5
22/04/2022 14:47,1
22/04/2022 14:46,5
22/04/2022 14:44,2
22/04/2022 14:43,5
22/04/2022 14:40,5
22/04/2022 14:35,4
22/04/2022 14:28,1
22/04/2022 14:28,3
22/04/2022 14:27,1
22/04/2022 14:26,1
22/04/2022 14:24,5
22/04/2022 14:19,1
22/04/2022 14:19,4
22/04/2022 14:19,5
22/04/2022 14:15,3
22/04/2022 14:07,5
22/04/2022 14:06,3
22/04/2022 14:04,5
22/04/2022 14:04,5
22/04/2022 14:04,3
22/04/2022 13:58,5
22/04/2022 13:57,1
22/04/2022 13:46,5
22/04/2022 13:41,3
22/04/2022 13:36,5
22/04/2022 13:33,5
22/04/2022 13:31,5
22/04/2022 13:28,5
22/04/2022 13:22,5
22/04/2022 13:18,3
22/04/2022 13:16,3
22/04/2022 13:15,4
22/04/2022 13:15,1
22/04/2022 13:11,2
22/04/2022 13:09,3
22/04/2022 13:07,4
22/04/2022 13:07,2
22/04/2022 13:05,5
22/04/2022 12:57,3
22/04/2022 12:56,3
22/04/2022 12:52,1
22/04/2022 12:45,2
22/04/2022 12:45,2
22/04/2022 12:43,2
22/04/2022 12:42,4
22/04/2022 12:41,5
22/04/2022 12:40,1
22/04/2022 12:39,3
22/04/2022 12:39,1
22/04/2022 12:38,4
22/04/2022 12:36,5
22/04/2022 12:34,5
22/04/2022 12:31,4
22/04/2022 12:30,5
22/04/2022 12:27,4
22/04/2022 12:26,5
22/04/2022 12:25,5
22/04/2022 12:23,5
22/04/2022 12:23,4
22/04/2022 12:22,5
22/04/2022 12:19,1
22/04/2022 12:17,2
22/04/2022 12:17,3
22/04/2022 12:15,3
22/04/2022 12:15,2
22/04/2022 12:15,5
22/04/2022 12:12,2
22/04/2022 12:11,1
22/04/2022 12:06,5
22/04/2022 12:03,1
22/04/2022 12:03,4
22/04/2022 12:02,1
22/04/2022 11:54,2
22/04/2022 11:53,1
22/04/2022 11:53,4
22/04/2022 11:47,2
22/04/2022 11:41,3
22/04/2022 11:38,2
22/04/2022 11:32,5
22/04/2022 11:29,4
22/04/2022 11:21,1
22/04/2022 11:18,5
22/04/2022 11:18,1
22/04/2022 11:18,2
22/04/2022 11:15,4
22/04/2022 11:13,5
22/04/2022 11:10,1
22/04/2022 11:10,5
22/04/2022 11:09,1
22/04/2022 11:08,5
22/04/2022 11:07,5
22/04/2022 11:06,1
22/04/2022 11:00,5
22/04/2022 10:49,5
22/04/2022 10:47,1
22/04/2022 10:46,3
22/04/2022 10:38,2
22/04/2022 10:31,2
22/04/2022 10:30,2
22/04/2022 10:29,1
22/04/2022 10:25,1
22/04/2022 10:20,5
22/04/2022 10:18,1
22/04/2022 10:11,5
22/04/2022 09:59,1
22/04/2022 09:59,5
22/04/2022 09:58,3
22/04/2022 09:57,5
22/04/2022 09:42,5
22/04/2022 09:36,1
22/04/2022 09:31,1
22/04/2022 09:29,1
22/04/2022 09:21,5
22/04/2022 09:18,5
22/04/2022 09:16,3
22/04/2022 09:15,5
22/04/2022 09:14,1
22/04/2022 08:48,3
22/04/2022 08:38,2
22/04/2022 08:31,4
22/04/2022 08:31,5
22/04/2022 08:28,3
22/04/2022 08:27,4
22/04/2022 08:25,4
22/04/2022 08:20,1
22/04/2022 08:18,1
22/04/2022 08:14,2
22/04/2022 08:01,2
22/04/2022 07:59,3
22/04/2022 07:54,1
22/04/2022 07:54,1
22/04/2022 07:47,1
22/04/2022 07:44,1
22/04/2022 07:30,2
22/04/2022 07:29,5
22/04/2022 07:27,1
22/04/2022 07:25,4
22/04/2022 07:17,4
22/04/2022 07:14,1
22/04/2022 07:03,5
22/04/2022 06:58,2
22/04/2022 06:48,1
22/04/2022 06:48,5
22/04/2022 06:46,1
22/04/2022 06:37,5
22/04/2022 06:36,1
22/04/2022 06:36,3
22/04/2022 06:35,3
22/04/2022 06:35,2
22/04/2022 06:34,1
22/04/2022 06:34,3
22/04/2022 06:21,3
22/04/2022 06:21,3
22/04/2022 06:20,1
22/04/2022 06:18,2
22/04/2022 06:13,5
22/04/2022 06:11,5
22/04/2022 06:10,1
22/04/2022 06:09,3
22/04/2022 06:05,4
22/04/2022 06:04,1
22/04/2022 06:03,1
22/04/2022 06:01,1
22/04/2022 06:01,1
22/04/2022 06:01,5
22/04/2022 05:57,1
22/04/2022 05:53,5
22/04/2022 05:52,4
22/04/2022 05:51,1
22/04/2022 05:46,4
22/04/2022 05:44,5
22/04/2022 05:41,1
22/04/2022 05:40,5
22/04/2022 05:34,3
22/04/2022 05:26,3
22/04/2022 05:22,1
22/04/2022 05:15,5
22/04/2022 05:10,2
22/04/2022 05:07,4
22/04/2022 05:02,4
22/04/2022 05:02,1
22/04/2022 05:02,1
22/04/2022 05:01,3
22/04/2022 04:56,3
22/04/2022 04:54,1
22/04/2022 04:49,1
22/04/2022 04:47,2
22/04/2022 04:45,3
22/04/2022 04:42,5
22/04/2022 04:41,5
22/04/2022 04:39,5
22/04/2022 04:37,3
22/04/2022 04:32,5
22/04/2022 04:27,3
22/04/2022 04:21,5
22/04/2022 04:20,1
22/04/2022 04:13,5
22/04/2022 04:07,3
22/04/2022 03:55,2
22/04/2022 03:53,1
22/04/2022 03:53,5
22/04/2022 03:52,1
22/04/2022 03:45,1
22/04/2022 03:43,2
22/04/2022 03:42,3
22/04/2022 03:39,5
22/04/2022 03:39,5
22/04/2022 03:38,1
22/04/2022 03:37,1
22/04/2022 03:34,3
22/04/2022 03:31,1
22/04/2022 03:30,5
22/04/2022 03:28,1
22/04/2022 03:23,1
22/04/2022 03:19,5
22/04/2022 03:15,3
22/04/2022 03:15,1
22/04/2022 03:04,1
22/04/2022 03:03,2
22/04/2022 02:58,1
22/04/2022 02:57,2
22/04/2022 02:49,1
22/04/2022 02:48,5
22/04/2022 02:47,4
22/04/2022 02:40,2
22/04/2022 02:40,1
22/04/2022 02:38,5
22/04/2022 02:32,5
22/04/2022 02:31,1
22/04/2022 02:29,2
22/04/2022 02:29,2
22/04/2022 02:24,3
22/04/2022 02:23,3
22/04/2022 02:22,5
22/04/2022 02:21,5
22/04/2022 02:17,3
22/04/2022 02:10,4
22/04/2022 02:10,2
22/04/2022 02:05,1
22/04/2022 02:04,5
22/04/2022 02:02,2
22/04/2022 02:02,5
22/04/2022 02:02,1
22/04/2022 01:57,1
22/04/2022 01:56,5
22/04/2022 01:55,5
22/04/2022 01:48,3
22/04/2022 01:43,1
22/04/2022 01:42,1
22/04/2022 01:41,5
22/04/2022 01:39,1
22/04/2022 01:39,5
22/04/2022 01:37,1
22/04/2022 01:34,4
22/04/2022 01:34,4
22/04/2022 01:30,5
22/04/2022 01:23,5
22/04/2022 01:21,2
22/04/2022 01:21,2
22/04/2022 01:20,1
22/04/2022 01:17,5
22/04/2022 01:12,1
22/04/2022 01:07,5
22/04/2022 01:03,5
22/04/2022 01:01,4
22/04/2022 00:53,3
22/04/2022 00:52,1
22/04/2022 00:49,1
22/04/2022 00:48,5
22/04/2022 00:45,3
22/04/2022 00:45,1
22/04/2022 00:42,5
22/04/2022 00:41,3
22/04/2022 00:26,1
22/04/2022 00:20,5
22/04/2022 00:19,1
22/04/2022 00:01,1
21/04/2022 23:56,1
21/04/2022 23:55,4
21/04/2022 23:55,3
21/04/2022 23:49,1
21/04/2022 23:48,1
21/04/2022 23:42,4
21/04/2022 23:37,5
21/04/2022 23:37,5
21/04/2022 23:37,1
21/04/2022 23:37,2
21/04/2022 23:30,1
21/04/2022 23:30,2
21/04/2022 23:28,4
21/04/2022 23:26,5
21/04/2022 23:23,1
21/04/2022 23:20,2
21/04/2022 23:14,1
21/04/2022 23:13,1
21/04/2022 23:12,5
21/04/2022 23:08,4
21/04/2022 23:02,1
21/04/2022 23:01,2
21/04/2022 22:57,1
21/04/2022 22:56,3
21/04/2022 22:52,3
21/04/2022 22:51,4
21/04/2022 22:48,5
21/04/2022 22:48,2
21/04/2022 22:41,2
21/04/2022 22:41,5
21/04/2022 22:40,1
21/04/2022 22:38,1
21/04/2022 22:33,1
21/04/2022 22:33,2
21/04/2022 22:31,5
21/04/2022 22:21,1
21/04/2022 22:19,2
21/04/2022 22:15,1
21/04/2022 22:14,5
21/04/2022 22:13,1
21/04/2022 22:13,2
21/04/2022 22:10,1
21/04/2022 22:10,1
21/04/2022 22:09,1
21/04/2022 22:08,5
21/04/2022 22:07,1
21/04/2022 22:06,1
21/04/2022 22:02,1
21/04/2022 22:02,1
21/04/2022 21:59,5
21/04/2022 21:55,5
21/04/2022 21:55,1
21/04/2022 21:53,5
21/04/2022 21:53,1
21/04/2022 21:53,1
21/04/2022 21:52,5
21/04/2022 21:52,2
21/04/2022 21:52,1
21/04/2022 21:50,5
21/04/2022 21:48,1
21/04/2022 21:39,1
21/04/2022 21:37,2
21/04/2022 21:35,2
21/04/2022 21:34,1
21/04/2022 21:29,5
21/04/2022 21:24,5
21/04/2022 21:22,2
21/04/2022 21:19,1
21/04/2022 21:16,1
21/04/2022 21:16,5
21/04/2022 21:15,4
21/04/2022 21:13,1
21/04/2022 21:11,5
21/04/2022 21:08,5
21/04/2022 21:06,5
21/04/2022 21:04,1
21/04/2022 20:57,1
21/04/2022 20:55,5
21/04/2022 20:52,2
21/04/2022 20:45,5
21/04/2022 20:45,2
21/04/2022 20:43,4
21/04/2022 20:42,2
21/04/2022 20:41,5
21/04/2022 20:39,5
21/04/2022 20:33,2
21/04/2022 20:28,5
21/04/2022 20:24,1
21/04/2022 20:15,1
21/04/2022 20:10,5
21/04/2022 20:03,4
21/04/2022 20:01,3
21/04/2022 19:59,5
21/04/2022 19:56,1
21/04/2022 19:54,5
21/04/2022 19:53,1
21/04/2022 19:51,1
21/04/2022 19:50,3
21/04/2022 19:50,4
21/04/2022 19:49,4
21/04/2022 19:47,1
21/04/2022 19:46,1
21/04/2022 19:46,1
21/04/2022 19:45,4
21/04/2022 19:41,5
21/04/2022 19:36,5
21/04/2022 19:32,3
21/04/2022 19:30,1
21/04/2022 19:26,3
21/04/2022 19:26,1
21/04/2022 19:20,4
21/04/2022 19:19,2
21/04/2022 19:18,5
21/04/2022 19:16,2
21/04/2022 19:11,5
21/04/2022 19:06,1
21/04/2022 19:05,4
21/04/2022 19:05,5
21/04/2022 19:05,3
21/04/2022 19:02,5
21/04/2022 18:58,5
21/04/2022 18:52,5
21/04/2022 18:50,5
21/04/2022 18:48,4
21/04/2022 18:44,2
21/04/2022 18:43,1
21/04/2022 18:43,1
21/04/2022 18:42,1
21/04/2022 18:41,5
21/04/2022 18:41,5
21/04/2022 18:41,2
21/04/2022 18:38,2
21/04/2022 18:38,5
21/04/2022 18:37,2
21/04/2022 18:35,4
21/04/2022 18:29,1
21/04/2022 18:28,3
21/04/2022 18:25,5
21/04/2022 18:24,2
21/04/2022 18:24,1
21/04/2022 18:23,5
21/04/2022 18:19,3
21/04/2022 18:12,1
21/04/2022 18:09,1
21/04/2022 18:08,1
21/04/2022 18:04,1
21/04/2022 18:04,1
21/04/2022 17:57,1
21/04/2022 17:57,2
21/04/2022 17:57,1
21/04/2022 17:52,3
21/04/2022 17:51,4
21/04/2022 17:48,3
21/04/2022 17:47,1
21/04/2022 17:47,1
21/04/2022 17:42,1
21/04/2022 17:40,4
21/04/2022 17:40,1
21/04/2022 17:39,2
21/04/2022 17:38,1
21/04/2022 17:34,1
21/04/2022 17:32,4
21/04/2022 17:26,2
21/04/2022 17:26,5
21/04/2022 17:26,2
21/04/2022 17:23,5
21/04/2022 17:19,3
21/04/2022 17:19,5
21/04/2022 17:19,3
21/04/2022 17:17,3
21/04/2022 17:16,5
21/04/2022 17:10,4
21/04/2022 17:08,1
21/04/2022 17:07,5
21/04/2022 17:07,3
21/04/2022 17:07,2
21/04/2022 17:07,2
21/04/2022 17:05,5
21/04/2022 17:05,1
21/04/2022 17:03,3
21/04/2022 17:02,3
21/04/2022 17:02,5
21/04/2022 17:01,4
21/04/2022 16:58,2
21/04/2022 16:57,1
21/04/2022 16:54,5
21/04/2022 16:51,5
21/04/2022 16:50,2
21/04/2022 16:49,1
21/04/2022 16:45,1
21/04/2022 16:42,5
21/04/2022 16:42,5
21/04/2022 16:39,3
21/04/2022 16:39,2
21/04/2022 16:35,3
21/04/2022 16:33,1
21/04/2022 16:33,1
21/04/2022 16:33,5
21/04/2022 16:31,5
21/04/2022 16:29,1
21/04/2022 16:25,1
21/04/2022 16:25,4
21/04/2022 16:23,1
21/04/2022 16:22,1
21/04/2022 16:21,2
21/04/2022 16:21,5
21/04/2022 16:19,1
21/04/2022 16:18,1
21/04/2022 16:16,5
21/04/2022 16:14,2
21/04/2022 16:12,5
21/04/2022 16:10,4
21/04/2022 16:09,5
21/04/2022 16:06,1
21/04/2022 16:05,2
21/04/2022 16:05,5
21/04/2022 16:03,2
21/04/2022 16:00,1
21/04/2022 15:59,1
21/04/2022 15:56,4
21/04/2022 15:55,5
21/04/2022 15:55,5
21/04/2022 15:53,3
21/04/2022 15:52,1
21/04/2022 15:49,5
21/04/2022 15:48,2
21/04/2022 15:46,5
21/04/2022 15:44,1
21/04/2022 15:41,1
21/04/2022 15:37,2
21/04/2022 15:36,3
21/04/2022 15:32,1
21/04/2022 15:32,2
21/04/2022 15:29,5
21/04/2022 15:27,2
21/04/2022 15:25,5
21/04/2022 15:23,5
21/04/2022 15:21,2
21/04/2022 15:16,2
21/04/2022 15:15,4
21/04/2022 15:14,1
21/04/2022 15:13,1
21/04/2022 15:11,5
21/04/2022 15:10,5
21/04/2022 15:04,1
21/04/2022 15:00,4
21/04/2022 14:59,1
21/04/2022 14:59,3
21/04/2022 14:54,3
21/04/2022 14:52,4
21/04/2022 14:52,5
21/04/2022 14:51,2
21/04/2022 14:51,1
21/04/2022 14:47,4
21/04/2022 14:45,5
21/04/2022 14:44,5
21/04/2022 14:43,2
21/04/2022 14:42,4
21/04/2022 14:38,1
21/04/2022 14:38,1
21/04/2022 14:34,1
21/04/2022 14:33,4
21/04/2022 14:32,1
21/04/2022 14:31,3
21/04/2022 14:30,3
21/04/2022 14:30,2
21/04/2022 14:28,3
21/04/2022 14:25,1
21/04/2022 14:25,1
21/04/2022 14:24,5
21/04/2022 14:24,5
21/04/2022 14:21,5
21/04/2022 14:20,3
21/04/2022 14:18,3
21/04/2022 14:16,5
21/04/2022 14:12,5
21/04/2022 14:11,3
21/04/2022 14:11,2
21/04/2022 14:09,5
21/04/2022 14:08,4
21/04/2022 14:07,1
21/04/2022 14:06,5
21/04/2022 14:05,3
21/04/2022 14:04,1
21/04/2022 14:04,5
21/04/2022 14:04,3
21/04/2022 13:56,4
21/04/2022 13:54,3
21/04/2022 13:54,2
21/04/2022 13:53,4
21/04/2022 13:48,5
21/04/2022 13:46,1
21/04/2022 13:46,4
21/04/2022 13:44,5
21/04/2022 13:43,1
21/04/2022 13:43,1
21/04/2022 13:42,1
21/04/2022 13:40,5
21/04/2022 13:40,1
21/04/2022 13:39,1
21/04/2022 13:35,1
21/04/2022 13:35,1
21/04/2022 13:34,3
21/04/2022 13:34,2
21/04/2022 13:33,2
21/04/2022 13:32,5
21/04/2022 13:32,5
21/04/2022 13:30,1
21/04/2022 13:29,2
21/04/2022 13:26,1
21/04/2022 13:25,4
21/04/2022 13:23,4
21/04/2022 13:22,3
21/04/2022 13:19,5
21/04/2022 13:19,1
21/04/2022 13:18,1
21/04/2022 13:17,1
21/04/2022 13:14,1
21/04/2022 13:13,3
21/04/2022 13:11,1
21/04/2022 13:08,2
21/04/2022 13:04,3
21/04/2022 13:02,1
21/04/2022 13:01,5
21/04/2022 12:58,4
21/04/2022 12:57,1
21/04/2022 12:56,5
21/04/2022 12:56,1
21/04/2022 12:55,4
21/04/2022 12:55,1
21/04/2022 12:49,4
21/04/2022 12:46,5
21/04/2022 12:43,1
21/04/2022 12:43,4
21/04/2022 12:40,3
21/04/2022 12:39,3
21/04/2022 12:38,3
21/04/2022 12:36,5
21/04/2022 12:36,1
21/04/2022 12:30,4
21/04/2022 12:29,5
21/04/2022 12:29,1
21/04/2022 12:26,2
21/04/2022 12:26,1
21/04/2022 12:26,1
21/04/2022 12:26,1
21/04/2022 12:25,4
21/04/2022 12:23,3
21/04/2022 12:22,1
21/04/2022 12:19,1
21/04/2022 12:18,2
21/04/2022 12:16,5
21/04/2022 12:16,5
21/04/2022 12:15,3
21/04/2022 12:14,1
21/04/2022 12:10,2
21/04/2022 12:07,3
21/04/2022 12:07,1
21/04/2022 12:06,5
21/04/2022 12:03,2
21/04/2022 12:03,5
21/04/2022 11:55,1
21/04/2022 11:50,5
21/04/2022 11:46,5
21/04/2022 11:45,3
21/04/2022 11:42,5
21/04/2022 11:41,3
21/04/2022 11:39,1
21/04/2022 11:38,2
21/04/2022 11:28,3
21/04/2022 11:19,2
21/04/2022 11:19,3
21/04/2022 11:19,4
21/04/2022 11:19,1
21/04/2022 11:15,1
21/04/2022 11:11,5
21/04/2022 11:09,2
21/04/2022 11:08,1
21/04/2022 11:03,5
21/04/2022 10:59,2
21/04/2022 10:58,4
21/04/2022 10:58,3
21/04/2022 10:57,1
21/04/2022 10:50,1
21/04/2022 10:48,1
21/04/2022 10:45,3
21/04/2022 10:45,5
21/04/2022 10:41,1
21/04/2022 10:41,5
21/04/2022 10:39,3
21/04/2022 10:34,1
21/04/2022 10:33,5
21/04/2022 10:30,5
21/04/2022 10:29,4
21/04/2022 10:28,2
21/04/2022 10:26,3
21/04/2022 10:22,4
21/04/2022 10:22,1
21/04/2022 10:17,1
21/04/2022 10:15,4
21/04/2022 10:14,3
21/04/2022 10:14,5
21/04/2022 10:11,1
21/04/2022 10:04,3
21/04/2022 10:04,1
21/04/2022 10:04,3
21/04/2022 10:03,1
21/04/2022 09:55,4
21/04/2022 09:54,1
21/04/2022 09:54,5
21/04/2022 09:53,1
21/04/2022 09:45,1
21/04/2022 09:40,5
21/04/2022 09:40,1
21/04/2022 09:36,5
21/04/2022 09:31,5
21/04/2022 09:29,3
21/04/2022 09:28,1
21/04/2022 09:28,3
21/04/2022 09:25,3
21/04/2022 09:22,5
21/04/2022 09:18,3
21/04/2022 09:17,1
21/04/2022 09:16,1
21/04/2022 09:15,3
21/04/2022 09:13,2
21/04/2022 09:12,2
21/04/2022 09:08,5
21/04/2022 09:06,1
21/04/2022 09:05,4
21/04/2022 09:03,5
21/04/2022 09:02,1
21/04/2022 08:58,5
21/04/2022 08:53,2
21/04/2022 08:51,3
21/04/2022 08:49,3
21/04/2022 08:41,3
21/04/2022 08:40,3
21/04/2022 08:38,2
21/04/2022 08:38,3
21/04/2022 08:37,4
21/04/2022 08:35,5
21/04/2022 08:35,2
21/04/2022 08:34,4
21/04/2022 08:33,1
21/04/2022 08:22,1
21/04/2022 08:19,3
21/04/2022 08:18,5
21/04/2022 08:16,3
21/04/2022 08:14,2
21/04/2022 08:14,5
21/04/2022 08:13,2
21/04/2022 08:12,3
21/04/2022 08:11,1
21/04/2022 08:09,5
21/04/2022 08:08,3
21/04/2022 08:06,1
21/04/2022 08:06,4
21/04/2022 08:06,1
21/04/2022 07:59,1
21/04/2022 07:58,4
21/04/2022 07:54,1
21/04/2022 07:53,5
21/04/2022 07:53,1
21/04/2022 07:52,2
21/04/2022 07:52,4
21/04/2022 07:51,1
21/04/2022 07:51,1
21/04/2022 07:51,1
21/04/2022 07:51,5
21/04/2022 07:49,5
21/04/2022 07:48,2
21/04/2022 07:48,1
21/04/2022 07:47,1
21/04/2022 07:46,3
21/04/2022 07:44,5
21/04/2022 07:42,1
21/04/2022 07:41,2
21/04/2022 07:39,3
21/04/2022 07:39,1
21/04/2022 07:37,2
21/04/2022 07:36,5
21/04/2022 07:36,4
21/04/2022 07:35,5
21/04/2022 07:29,1
21/04/2022 07:28,1
21/04/2022 07:24,2
21/04/2022 07:23,5
21/04/2022 07:20,4
21/04/2022 07:19,5
21/04/2022 07:19,1
21/04/2022 07:15,1
21/04/2022 07:14,1
21/04/2022 07:12,1
21/04/2022 07:10,4
21/04/2022 07:03,3
21/04/2022 07:03,1
21/04/2022 07:03,1
21/04/2022 07:00,1
21/04/2022 07:00,2
21/04/2022 06:59,5
21/04/2022 06:55,1
21/04/2022 06:55,1
21/04/2022 06:55,1
21/04/2022 06:54,4
21/04/2022 06:50,1
21/04/2022 06:46,4
21/04/2022 06:39,2
21/04/2022 06:37,4
21/04/2022 06:35,3
21/04/2022 06:35,5
21/04/2022 06:34,2
21/04/2022 06:32,2
21/04/2022 06:26,2
21/04/2022 06:19,1
21/04/2022 06:14,1
21/04/2022 06:14,5
21/04/2022 06:12,2
21/04/2022 06:11,2
21/04/2022 06:07,4
21/04/2022 06:05,5
21/04/2022 06:02,1
21/04/2022 05:56,3
21/04/2022 05:56,5
21/04/2022 05:51,1
21/04/2022 05:50,1
21/04/2022 05:46,3
21/04/2022 05:43,1
21/04/2022 05:41,4
21/04/2022 05:41,2
21/04/2022 05:39,1
21/04/2022 05:36,3
21/04/2022 05:35,4
21/04/2022 05:32,4
21/04/2022 05:31,1
21/04/2022 05:30,5
21/04/2022 05:30,1
21/04/2022 05:30,3
21/04/2022 05:29,2
21/04/2022 05:28,1
21/04/2022 05:26,5
21/04/2022 05:25,3
21/04/2022 05:24,5
21/04/2022 05:23,1
21/04/2022 05:21,2
21/04/2022 05:21,5
21/04/2022 05:18,2
21/04/2022 05:16,1
21/04/2022 05:16,1
21/04/2022 05:15,1
21/04/2022 05:13,1
21/04/2022 05:10,3
21/04/2022 05:05,1
21/04/2022 05:05,3
21/04/2022 05:03,1
21/04/2022 05:02,2
21/04/2022 05:01,5
21/04/2022 04:55,4
21/04/2022 04:55,1
21/04/2022 04:53,2
21/04/2022 04:51,1
21/04/2022 04:50,2
21/04/2022 04:50,5
21/04/2022 04:49,1
21/04/2022 04:48,1
21/04/2022 04:46,1
21/04/2022 04:46,1
21/04/2022 04:42,5
21/04/2022 04:42,5
21/04/2022 04:40,1
21/04/2022 04:38,4
21/04/2022 04:37,3
21/04/2022 04:36,1
21/04/2022 04:28,1
21/04/2022 04:27,1
21/04/2022 04:23,5
21/04/2022 04:20,5
21/04/2022 04:19,2
21/04/2022 04:18,4
21/04/2022 04:17,5
21/04/2022 04:17,3
21/04/2022 04:15,1
21/04/2022 04:14,1
21/04/2022 04:13,5
21/04/2022 04:06,2
21/04/2022 04:03,5
21/04/2022 04:02,2
21/04/2022 03:56,3
21/04/2022 03:53,5
21/04/2022 03:52,5
21/04/2022 03:48,3
21/04/2022 03:46,1
21/04/2022 03:41,5
21/04/2022 03:39,5
21/04/2022 03:39,1
21/04/2022 03:37,2
21/04/2022 03:36,4
21/04/2022 03:33,5
21/04/2022 03:33,1
21/04/2022 03:31,1
21/04/2022 03:29,5
21/04/2022 03:28,3
21/04/2022 03:25,1
21/04/2022 03:24,1
21/04/2022 03:22,4
21/04/2022 03:20,1
21/04/2022 03:20,5
21/04/2022 03:15,2
21/04/2022 03:14,1
21/04/2022 03:11,1
21/04/2022 03:08,3
21/04/2022 03:07,5
21/04/2022 03:03,3
21/04/2022 03:03,5
21/04/2022 02:59,5
21/04/2022 02:56,3
21/04/2022 02:52,3
21/04/2022 02:49,5
21/04/2022 02:49,5
21/04/2022 02:47,3
21/04/2022 02:45,1
21/04/2022 02:45,1
21/04/2022 02:42,5
21/04/2022 02:42,5
21/04/2022 02:41,4
21/04/2022 02:38,1
21/04/2022 02:37,3
21/04/2022 02:35,5
21/04/2022 02:35,2
21/04/2022 02:28,5
21/04/2022 02:19,2
21/04/2022 02:15,2
21/04/2022 02:10,5
21/04/2022 02:09,1
21/04/2022 02:01,1
21/04/2022 02:00,4
21/04/2022 01:56,1
21/04/2022 01:55,4
21/04/2022 01:55,3
21/04/2022 01:54,5
21/04/2022 01:53,1
21/04/2022 01:52,2
21/04/2022 01:51,1
21/04/2022 01:50,5
21/04/2022 01:50,1
21/04/2022 01:45,3
21/04/2022 01:41,2
21/04/2022 01:39,1
21/04/2022 01:39,2
21/04/2022 01:38,5
21/04/2022 01:36,4
21/04/2022 01:30,4
21/04/2022 01:29,4
21/04/2022 01:25,4
21/04/2022 01:22,3
21/04/2022 01:21,5
21/04/2022 01:20,4
21/04/2022 01:19,5
21/04/2022 01:19,5
21/04/2022 01:19,2
21/04/2022 01:19,2
21/04/2022 01:16,2
21/04/2022 01:14,1
21/04/2022 01:11,5
21/04/2022 01:10,1
21/04/2022 01:07,5
21/04/2022 01:06,2
21/04/2022 01:01,5
21/04/2022 00:59,5
21/04/2022 00:59,5
21/04/2022 00:55,4
21/04/2022 00:54,1
21/04/2022 00:54,3
21/04/2022 00:53,1
21/04/2022 00:51,2
21/04/2022 00:46,1
21/04/2022 00:46,2
21/04/2022 00:43,1
21/04/2022 00:42,1
21/04/2022 00:41,1
21/04/2022 00:39,5
21/04/2022 00:38,3
21/04/2022 00:37,5
21/04/2022 00:37,1
21/04/2022 00:36,1
21/04/2022 00:34,1
21/04/2022 00:33,2
21/04/2022 00:30,2
21/04/2022 00:28,4
21/04/2022 00:26,1
21/04/2022 00:20,2
21/04/2022 00:15,5
21/04/2022 00:11,1
21/04/2022 00:10,1
21/04/2022 00:05,4
21/04/2022 00:02,3
20/04/2022 23:58,1
20/04/2022 23:57,5
20/04/2022 23:57,5
20/04/2022 23:55,5
20/04/2022 23:54,4
20/04/2022 23:45,3
20/04/2022 23:44,1
20/04/2022 23:42,5
20/04/2022 23:41,3
20/04/2022 23:38,3
20/04/2022 23:36,1
20/04/2022 23:33,1
20/04/2022 23:33,1
20/04/2022 23:30,4
20/04/2022 23:29,1
20/04/2022 23:28,1
20/04/2022 23:28,2
20/04/2022 23:27,1
20/04/2022 23:26,3
20/04/2022 23:25,5
20/04/2022 23:19,1
20/04/2022 23:17,5
20/04/2022 23:17,1
20/04/2022 23:16,1
20/04/2022 23:15,1
20/04/2022 23:13,1
20/04/2022 23:12,3
20/04/2022 23:11,1
20/04/2022 23:10,5
20/04/2022 23:10,1
20/04/2022 23:07,5
20/04/2022 23:05,3
20/04/2022 23:03,1
20/04/2022 23:00,1
20/04/2022 22:58,3
20/04/2022 22:54,4
20/04/2022 22:53,3
20/04/2022 22:49,1
20/04/2022 22:48,1
20/04/2022 22:46,5
20/04/2022 22:46,3
20/04/2022 22:45,3
20/04/2022 22:45,1
20/04/2022 22:44,4
20/04/2022 22:40,1
20/04/2022 22:36,1
20/04/2022 22:36,4
20/04/2022 22:32,4
20/04/2022 22:25,2
20/04/2022 22:25,1
20/04/2022 22:22,5
20/04/2022 22:22,3
20/04/2022 22:21,1
20/04/2022 22:19,1
20/04/2022 22:18,3
20/04/2022 22:18,1
20/04/2022 22:16,1
20/04/2022 22:15,5
20/04/2022 22:13,3
20/04/2022 22:12,1
20/04/2022 22:11,3
20/04/2022 22:11,2
20/04/2022 22:11,3
20/04/2022 22:09,5
20/04/2022 22:08,4
20/04/2022 22:07,3
20/04/2022 22:07,1
20/04/2022 22:06,5
20/04/2022 22:06,1
20/04/2022 22:05,3
20/04/2022 22:03,1
20/04/2022 22:01,2
20/04/2022 22:00,3
20/04/2022 21:59,5
20/04/2022 21:57,1
20/04/2022 21:55,3
20/04/2022 21:51,2
20/04/2022 21:49,4
20/04/2022 21:49,1
20/04/2022 21:49,1
20/04/2022 21:47,2
20/04/2022 21:46,5
20/04/2022 21:45,1
20/04/2022 21:45,5
20/04/2022 21:43,1
20/04/2022 21:43,5
20/04/2022 21:42,1
20/04/2022 21:41,3
20/04/2022 21:41,1
20/04/2022 21:41,3
20/04/2022 21:38,1
20/04/2022 21:37,3
20/04/2022 21:35,3
20/04/2022 21:35,5
20/04/2022 21:32,5
20/04/2022 21:31,2
20/04/2022 21:31,4
20/04/2022 21:29,5
20/04/2022 21:29,3
20/04/2022 21:29,4
20/04/2022 21:27,5
20/04/2022 21:25,1
20/04/2022 21:24,1
20/04/2022 21:24,1
20/04/2022 21:23,2
20/04/2022 21:23,5
20/04/2022 21:19,1
20/04/2022 21:18,1
20/04/2022 21:14,2
20/04/2022 21:12,1
20/04/2022 21:10,4
20/04/2022 21:08,1
20/04/2022 21:05,3
20/04/2022 21:05,5
20/04/2022 21:04,1
20/04/2022 21:04,3
20/04/2022 21:03,1
20/04/2022 21:03,1
20/04/2022 21:02,2
20/04/2022 21:01,1
20/04/2022 20:58,5
20/04/2022 20:57,4
20/04/2022 20:56,3
20/04/2022 20:55,4
20/04/2022 20:54,1
20/04/2022 20:52,2
20/04/2022 20:49,3
20/04/2022 20:47,3
20/04/2022 20:46,1
20/04/2022 20:45,2
20/04/2022 20:43,2
20/04/2022 20:42,1
20/04/2022 20:42,1
20/04/2022 20:42,3
20/04/2022 20:42,2
20/04/2022 20:39,2
20/04/2022 20:39,4
20/04/2022 20:38,1
20/04/2022 20:38,4
20/04/2022 20:37,1
20/04/2022 20:36,1
20/04/2022 20:35,1
20/04/2022 20:34,1
20/04/2022 20:33,1
20/04/2022 20:33,1
20/04/2022 20:29,1
20/04/2022 20:28,2
20/04/2022 20:26,3
20/04/2022 20:24,1
20/04/2022 20:17,1
20/04/2022 20:17,3
20/04/2022 20:12,2
20/04/2022 20:12,3
20/04/2022 20:09,1
20/04/2022 20:09,1
20/04/2022 20:07,5
20/04/2022 20:05,3
20/04/2022 20:05,3
20/04/2022 20:05,4
20/04/2022 20:04,5
20/04/2022 20:02,1
20/04/2022 20:01,1
20/04/2022 20:01,2
20/04/2022 19:59,1
20/04/2022 19:58,3
20/04/2022 19:55,4
20/04/2022 19:55,3
20/04/2022 19:51,5
20/04/2022 19:51,5
20/04/2022 19:47,1
20/04/2022 19:47,1
20/04/2022 19:45,1
20/04/2022 19:44,3
20/04/2022 19:44,1
20/04/2022 19:42,5
20/04/2022 19:40,1
20/04/2022 19:38,2
20/04/2022 19:38,5
20/04/2022 19:37,2
20/04/2022 19:33,3
20/04/2022 19:32,5
20/04/2022 19:30,5
20/04/2022 19:29,1
20/04/2022 19:29,2
20/04/2022 19:27,1
20/04/2022 19:27,5
20/04/2022 19:26,3
20/04/2022 19:26,5
20/04/2022 19:23,1
20/04/2022 19:22,2
20/04/2022 19:21,5
20/04/2022 19:20,1
20/04/2022 19:20,1
20/04/2022 19:19,1
20/04/2022 19:18,4
20/04/2022 19:18,1
20/04/2022 19:14,4
20/04/2022 19:12,1
20/04/2022 19:10,1
20/04/2022 19:09,1
20/04/2022 19:08,4
20/04/2022 19:06,3
20/04/2022 19:05,1
20/04/2022 19:05,4
20/04/2022 19:04,4
20/04/2022 19:02,1
20/04/2022 19:02,3
20/04/2022 19:01,1
20/04/2022 19:01,1
20/04/2022 19:00,2
20/04/2022 18:56,5
20/04/2022 18:56,5
20/04/2022 18:54,2
20/04/2022 18:54,1
20/04/2022 18:53,1
20/04/2022 18:52,1
20/04/2022 18:52,4
20/04/2022 18:52,4
20/04/2022 18:51,1
20/04/2022 18:49,5
20/04/2022 18:48,1
20/04/2022 18:48,3
20/04/2022 18:47,4
20/04/2022 18:45,1
20/04/2022 18:45,1
20/04/2022 18:44,1
20/04/2022 18:43,3
20/04/2022 18:40,5
20/04/2022 18:40,3
20/04/2022 18:39,5
20/04/2022 18:38,5
20/04/2022 18:37,2
20/04/2022 18:36,5
20/04/2022 18:34,3
20/04/2022 18:33,5
20/04/2022 18:32,1
20/04/2022 18:30,1
20/04/2022 18:29,1
20/04/2022 18:28,2
20/04/2022 18:28,5
20/04/2022 18:24,1
20/04/2022 18:24,4
20/04/2022 18:22,3
20/04/2022 18:21,5
20/04/2022 18:18,5
20/04/2022 18:16,4
20/04/2022 18:15,2
20/04/2022 18:13,5
20/04/2022 18:12,1
20/04/2022 18:09,1
20/04/2022 18:08,3
20/04/2022 18:07,1
20/04/2022 18:05,2
20/04/2022 18:04,1
20/04/2022 17:57,5
20/04/2022 17:55,2
20/04/2022 17:55,4
20/04/2022 17:54,2
20/04/2022 17:53,1
20/04/2022 17:48,2
20/04/2022 17:46,2
20/04/2022 17:45,2
20/04/2022 17:41,5
20/04/2022 17:40,2
20/04/2022 17:35,3
20/04/2022 17:34,4
20/04/2022 17:33,5
20/04/2022 17:28,5
20/04/2022 17:27,3
20/04/2022 17:26,1
20/04/2022 17:25,2
20/04/2022 17:24,3
20/04/2022 17:23,4
20/04/2022 17:22,4
20/04/2022 17:21,2
20/04/2022 17:20,4
20/04/2022 17:16,4
20/04/2022 17:11,5
20/04/2022 17:10,2
20/04/2022 17:09,1
20/04/2022 17:07,1
20/04/2022 17:06,1
20/04/2022 17:04,3
20/04/2022 17:03,1
20/04/2022 16:59,4
20/04/2022 16:58,2
20/04/2022 16:58,4
20/04/2022 16:58,4
20/04/2022 16:57,3
20/04/2022 16:56,1
20/04/2022 16:54,5
20/04/2022 16:53,3
20/04/2022 16:52,5
20/04/2022 16:51,4
20/04/2022 16:50,5
20/04/2022 16:49,5
20/04/2022 16:48,5
20/04/2022 16:46,2
20/04/2022 16:46,1
20/04/2022 16:46,4
20/04/2022 16:44,1
20/04/2022 16:44,5
20/04/2022 16:43,4
20/04/2022 16:42,1
20/04/2022 16:40,1
20/04/2022 16:36,3
20/04/2022 16:34,1
20/04/2022 16:30,5
20/04/2022 16:30,3
20/04/2022 16:28,1
20/04/2022 16:27,1
20/04/2022 16:21,2
20/04/2022 16:21,3
20/04/2022 16:21,2
20/04/2022 16:20,2
20/04/2022 16:20,4
20/04/2022 16:19,3
20/04/2022 16:18,4
20/04/2022 16:18,5
20/04/2022 16:16,5
20/04/2022 16:15,2
20/04/2022 16:15,4
20/04/2022 16:14,1
20/04/2022 16:14,3
20/04/2022 16:14,2
20/04/2022 16:13,5
20/04/2022 16:12,5
20/04/2022 16:12,1
20/04/2022 16:12,5
20/04/2022 16:09,3
20/04/2022 16:09,1
20/04/2022 16:08,5
20/04/2022 16:06,4
20/04/2022 16:06,5
20/04/2022 16:03,1
20/04/2022 16:02,5
20/04/2022 16:02,2
20/04/2022 16:02,2
20/04/2022 15:59,1
20/04/2022 15:59,3
20/04/2022 15:58,2
20/04/2022 15:58,2
20/04/2022 15:57,2
20/04/2022 15:56,5
20/04/2022 15:55,3
20/04/2022 15:53,4
20/04/2022 15:47,1
20/04/2022 15:46,1
20/04/2022 15:46,1
20/04/2022 15:45,1
20/04/2022 15:45,5
20/04/2022 15:41,1
20/04/2022 15:41,5
20/04/2022 15:37,1
20/04/2022 15:34,3
20/04/2022 15:31,1
20/04/2022 15:31,1
20/04/2022 15:28,1
20/04/2022 15:28,2
20/04/2022 15:28,2
20/04/2022 15:27,1
20/04/2022 15:26,1
20/04/2022 15:26,5
20/04/2022 15:25,4
20/04/2022 15:25,1
20/04/2022 15:24,1
20/04/2022 15:21,3
20/04/2022 15:20,5
20/04/2022 15:19,2
20/04/2022 15:17,1
20/04/2022 15:16,3
20/04/2022 15:15,3
20/04/2022 15:14,5
20/04/2022 15:14,3
20/04/2022 15:10,3
20/04/2022 15:09,4
20/04/2022 15:09,2
20/04/2022 15:05,1
20/04/2022 15:02,3
20/04/2022 15:02,2
20/04/2022 15:01,2
20/04/2022 14:59,2
20/04/2022 14:59,2
20/04/2022 14:57,1
20/04/2022 14:56,5
20/04/2022 14:55,5
20/04/2022 14:55,4
20/04/2022 14:51,3
20/04/2022 14:51,1
20/04/2022 14:51,3
20/04/2022 14:49,1
20/04/2022 14:45,3
20/04/2022 14:45,4
20/04/2022 14:44,3
20/04/2022 14:44,1
20/04/2022 14:43,5
20/04/2022 14:43,5
20/04/2022 14:40,4
20/04/2022 14:39,3
20/04/2022 14:39,1
20/04/2022 14:38,2
20/04/2022 14:37,3
20/04/2022 14:36,1
20/04/2022 14:34,3
20/04/2022 14:34,3
20/04/2022 14:33,4
20/04/2022 14:33,4
20/04/2022 14:32,4
20/04/2022 14:31,3
20/04/2022 14:29,5
20/04/2022 14:28,2
20/04/2022 14:25,2
20/04/2022 14:21,3
20/04/2022 14:19,2
20/04/2022 14:19,1
20/04/2022 14:17,5
20/04/2022 14:17,2
20/04/2022 14:15,1
20/04/2022 14:08,2
20/04/2022 14:02,2
20/04/2022 14:01,1
20/04/2022 13:59,1
20/04/2022 13:59,4
20/04/2022 13:57,1
20/04/2022 13:55,2
20/04/2022 13:55,3
20/04/2022 13:53,3
20/04/2022 13:49,2
20/04/2022 13:46,2
20/04/2022 13:45,3
20/04/2022 13:44,1
20/04/2022 13:43,5
20/04/2022 13:42,4
20/04/2022 13:40,1
20/04/2022 13:39,1
20/04/2022 13:39,3
20/04/2022 13:39,1
20/04/2022 13:33,1
20/04/2022 13:30,4
20/04/2022 13:29,5
20/04/2022 13:27,3
20/04/2022 13:26,1
20/04/2022 13:26,2
20/04/2022 13:24,4
20/04/2022 13:23,1
20/04/2022 13:23,1
20/04/2022 13:21,2
20/04/2022 13:21,1
20/04/2022 13:20,2
20/04/2022 13:19,1
20/04/2022 13:18,1
20/04/2022 13:18,1
20/04/2022 13:17,1
20/04/2022 13:17,5
20/04/2022 13:15,1
20/04/2022 13:05,1
20/04/2022 13:03,1
20/04/2022 12:58,5
20/04/2022 12:58,4
20/04/2022 12:56,1
20/04/2022 12:50,5
20/04/2022 12:49,5
20/04/2022 12:45,5
20/04/2022 12:42,5
20/04/2022 12:42,5
20/04/2022 12:41,1
20/04/2022 12:40,4
20/04/2022 12:37,5
20/04/2022 12:34,3
20/04/2022 12:30,1
20/04/2022 12:30,4
20/04/2022 12:30,5
20/04/2022 12:27,1
20/04/2022 12:27,1
20/04/2022 12:27,5
20/04/2022 12:23,2
20/04/2022 12:22,3
20/04/2022 12:19,5
20/04/2022 12:18,5
20/04/2022 12:18,1
20/04/2022 12:14,1
20/04/2022 12:13,1
20/04/2022 12:12,2
20/04/2022 12:12,1
20/04/2022 12:06,1
20/04/2022 12:03,5
20/04/2022 12:03,5
20/04/2022 12:02,5
20/04/2022 11:59,5
20/04/2022 11:57,4
20/04/2022 11:53,3
20/04/2022 11:52,3
20/04/2022 11:47,1
20/04/2022 11:45,2
20/04/2022 11:44,1
20/04/2022 11:39,3
20/04/2022 11:38,5
20/04/2022 11:38,1
20/04/2022 11:37,1
20/04/2022 11:36,1
20/04/2022 11:35,4
20/04/2022 11:35,5
20/04/2022 11:34,1
20/04/2022 11:32,5
20/04/2022 11:26,5
20/04/2022 11:26,2
20/04/2022 11:24,1
20/04/2022 11:22,2
20/04/2022 11:20,1
20/04/2022 11:19,4
20/04/2022 11:19,2
20/04/2022 11:19,2
20/04/2022 11:18,3
20/04/2022 11:14,5
20/04/2022 11:13,1
20/04/2022 11:09,2
20/04/2022 11:09,2
20/04/2022 11:06,5
20/04/2022 10:58,5
20/04/2022 10:51,1
20/04/2022 10:50,4
20/04/2022 10:49,1
20/04/2022 10:46,4
20/04/2022 10:43,2
20/04/2022 10:42,4
20/04/2022 10:39,5
20/04/2022 10:30,1
20/04/2022 10:27,2
20/04/2022 10:25,1
20/04/2022 10:24,2
20/04/2022 10:22,2
20/04/2022 10:21,2
20/04/2022 10:19,1
20/04/2022 10:15,1
20/04/2022 10:15,5
20/04/2022 10:15,1
20/04/2022 10:13,1
20/04/2022 10:10,5
20/04/2022 10:09,5
20/04/2022 10:08,5
20/04/2022 10:07,1
20/04/2022 10:05,5
20/04/2022 10:04,1
20/04/2022 10:00,1
20/04/2022 09:59,1
20/04/2022 09:58,3
20/04/2022 09:58,2
20/04/2022 09:58,1
20/04/2022 09:58,3
20/04/2022 09:54,2
20/04/2022 09:52,5
20/04/2022 09:49,1
20/04/2022 09:49,3
20/04/2022 09:49,1
20/04/2022 09:49,4
20/04/2022 09:49,1
20/04/2022 09:47,1
20/04/2022 09:46,3
20/04/2022 09:45,5
20/04/2022 09:45,5
20/04/2022 09:44,3
20/04/2022 09:41,1
20/04/2022 09:30,1
20/04/2022 09:25,5
20/04/2022 09:17,5
20/04/2022 09:15,1
20/04/2022 09:08,3
20/04/2022 09:08,1
20/04/2022 09:07,3
20/04/2022 09:03,3
20/04/2022 09:02,5
20/04/2022 09:02,5
20/04/2022 08:57,5
20/04/2022 08:55,1
20/04/2022 08:54,4
20/04/2022 08:52,5
20/04/2022 08:49,3
20/04/2022 08:48,3
20/04/2022 08:46,5
20/04/2022 08:45,1
20/04/2022 08:44,1
20/04/2022 08:44,2
20/04/2022 08:40,1
20/04/2022 08:35,2
20/04/2022 08:35,1
20/04/2022 08:28,1
20/04/2022 08:26,3
20/04/2022 08:22,1
20/04/2022 08:22,4
20/04/2022 08:22,1
20/04/2022 08:22,1
20/04/2022 08:19,1
20/04/2022 08:16,1
20/04/2022 08:16,5
20/04/2022 08:14,3
20/04/2022 08:12,1
20/04/2022 08:03,2
20/04/2022 08:03,3
20/04/2022 07:57,5
20/04/2022 07:55,2
20/04/2022 07:49,1
20/04/2022 07:48,3
20/04/2022 07:48,5
20/04/2022 07:46,2
20/04/2022 07:42,1
20/04/2022 07:42,1
20/04/2022 07:37,5
20/04/2022 07:29,1
20/04/2022 07:28,1
20/04/2022 07:28,5
20/04/2022 07:23,3
20/04/2022 07:21,2
20/04/2022 07:20,2
20/04/2022 07:19,1
20/04/2022 07:19,2
20/04/2022 07:18,2
20/04/2022 07:15,3
20/04/2022 07:15,5
20/04/2022 07:15,2
20/04/2022 07:14,3
20/04/2022 07:13,1
20/04/2022 07:10,4
20/04/2022 07:08,5
20/04/2022 07:06,3
20/04/2022 07:06,5
20/04/2022 07:05,5
20/04/2022 07:03,1
20/04/2022 07:03,5
20/04/2022 06:57,1
20/04/2022 06:57,4
20/04/2022 06:54,2
20/04/2022 06:49,1
20/04/2022 06:43,1
20/04/2022 06:34,2
20/04/2022 06:34,1
20/04/2022 06:33,1
20/04/2022 06:31,1
20/04/2022 06:27,4
20/04/2022 06:26,5
20/04/2022 06:20,1
20/04/2022 06:16,4
20/04/2022 06:11,4
20/04/2022 06:07,3
20/04/2022 06:00,3
20/04/2022 05:47,5
20/04/2022 05:45,5
20/04/2022 05:45,1
20/04/2022 05:36,5
20/04/2022 05:34,1
20/04/2022 05:33,1
20/04/2022 05:32,3
20/04/2022 05:29,5
20/04/2022 05:28,1
20/04/2022 05:25,4
20/04/2022 05:24,1
20/04/2022 05:19,1
20/04/2022 05:19,1
20/04/2022 05:18,1
20/04/2022 05:17,1
20/04/2022 05:17,4
20/04/2022 05:12,3
20/04/2022 05:11,2
20/04/2022 05:07,5
20/04/2022 05:06,2
20/04/2022 05:04,1
20/04/2022 05:01,5
20/04/2022 04:59,2
20/04/2022 04:52,5
20/04/2022 04:49,5
20/04/2022 04:49,5
20/04/2022 04:48,5
20/04/2022 04:45,3
20/04/2022 04:41,2
20/04/2022 04:40,5
20/04/2022 04:36,1
20/04/2022 04:35,5
20/04/2022 04:34,1
20/04/2022 04:28,4
20/04/2022 04:28,1
20/04/2022 04:27,2
20/04/2022 04:26,5
20/04/2022 04:25,2
20/04/2022 04:24,1
20/04/2022 04:21,1
20/04/2022 04:20,1
20/04/2022 04:17,4
20/04/2022 04:14,4
20/04/2022 04:09,5
20/04/2022 04:06,5
20/04/2022 04:06,2
20/04/2022 04:01,3
20/04/2022 04:01,2
20/04/2022 03:52,4
20/04/2022 03:50,2
20/04/2022 03:48,2
20/04/2022 03:47,5
20/04/2022 03:45,1
20/04/2022 03:43,5
20/04/2022 03:42,5
20/04/2022 03:40,2
20/04/2022 03:38,1
20/04/2022 03:32,5
20/04/2022 03:31,5
20/04/2022 03:27,2
20/04/2022 03:22,4
20/04/2022 03:16,3
20/04/2022 03:15,5
20/04/2022 03:10,1
20/04/2022 03:09,1
20/04/2022 03:07,3
20/04/2022 03:07,5
20/04/2022 03:04,5
20/04/2022 03:03,5
20/04/2022 02:54,5
20/04/2022 02:52,1
20/04/2022 02:51,5
20/04/2022 02:50,1
20/04/2022 02:49,1
20/04/2022 02:48,5
20/04/2022 02:45,1
20/04/2022 02:42,5
20/04/2022 02:41,1
20/04/2022 02:41,2
20/04/2022 02:36,3
20/04/2022 02:36,5
20/04/2022 02:26,5
20/04/2022 02:25,5
20/04/2022 02:23,2
20/04/2022 02:20,1
20/04/2022 02:17,2
20/04/2022 02:13,1
20/04/2022 02:06,1
20/04/2022 02:04,1
20/04/2022 02:04,1
20/04/2022 02:03,5
20/04/2022 02:02,4
20/04/2022 02:00,3
20/04/2022 01:56,4
20/04/2022 01:53,2
20/04/2022 01:50,3
20/04/2022 01:48,3
20/04/2022 01:48,5
20/04/2022 01:48,1
20/04/2022 01:39,5
20/04/2022 01:39,3
20/04/2022 01:29,1
20/04/2022 01:29,3
20/04/2022 01:27,3
20/04/2022 01:25,3
20/04/2022 01:21,1
20/04/2022 01:20,5
20/04/2022 01:20,1
20/04/2022 01:18,5
20/04/2022 01:15,3
20/04/2022 01:12,1
20/04/2022 01:09,2
20/04/2022 01:08,1
20/04/2022 01:08,5
20/04/2022 01:07,3
20/04/2022 01:07,3
20/04/2022 01:06,1
20/04/2022 01:03,1
20/04/2022 01:02,5
20/04/2022 01:00,2
20/04/2022 00:59,1
20/04/2022 00:58,5
20/04/2022 00:57,2
20/04/2022 00:57,3
20/04/2022 00:52,1
20/04/2022 00:51,2
20/04/2022 00:47,3
20/04/2022 00:46,5
20/04/2022 00:45,3
20/04/2022 00:42,4
20/04/2022 00:40,5
20/04/2022 00:40,5
20/04/2022 00:38,3
20/04/2022 00:36,5
20/04/2022 00:34,5
20/04/2022 00:33,1
20/04/2022 00:30,3
20/04/2022 00:29,5
20/04/2022 00:25,5
20/04/2022 00:25,3
20/04/2022 00:22,1
20/04/2022 00:21,5
20/04/2022 00:17,1
20/04/2022 00:17,1
20/04/2022 00:17,4
20/04/2022 00:16,2
20/04/2022 00:15,1
20/04/2022 00:14,5
20/04/2022 00:13,4
20/04/2022 00:13,1
20/04/2022 00:12,3
20/04/2022 00:11,3
20/04/2022 00:11,5
20/04/2022 00:10,2
20/04/2022 00:03,1
20/04/2022 00:01,4
20/04/2022 00:00,2
19/04/2022 23:58,5
19/04/2022 23:58,5
19/04/2022 23:57,5
19/04/2022 23:52,5
19/04/2022 23:48,1
19/04/2022 23:47,3
19/04/2022 23:44,5
19/04/2022 23:42,2
19/04/2022 23:40,5
19/04/2022 23:36,1
19/04/2022 23:30,5
19/04/2022 23:27,4
19/04/2022 23:25,2
19/04/2022 23:19,1
19/04/2022 23:16,1
19/04/2022 23:14,3
19/04/2022 23:12,5
19/04/2022 23:10,3
19/04/2022 23:02,5
19/04/2022 23:01,4
19/04/2022 22:57,4
19/04/2022 22:54,4
19/04/2022 22:50,1
19/04/2022 22:48,1
19/04/2022 22:46,5
19/04/2022 22:43,1
19/04/2022 22:36,1
19/04/2022 22:34,2
19/04/2022 22:33,5
19/04/2022 22:32,2
19/04/2022 22:28,1
19/04/2022 22:27,5
19/04/2022 22:27,3
19/04/2022 22:26,5
19/04/2022 22:23,1
19/04/2022 22:19,2
19/04/2022 22:19,2
19/04/2022 22:16,4
19/04/2022 22:13,5
19/04/2022 22:12,4
19/04/2022 22:10,5
19/04/2022 22:02,1
19/04/2022 22:01,1
19/04/2022 22:00,1
19/04/2022 21:58,1
19/04/2022 21:57,4
19/04/2022 21:55,3
19/04/2022 21:54,1
19/04/2022 21:53,3
19/04/2022 21:53,4
19/04/2022 21:50,4
19/04/2022 21:47,5
19/04/2022 21:47,4
19/04/2022 21:43,1
19/04/2022 21:41,5
19/04/2022 21:41,1
19/04/2022 21:38,5
19/04/2022 21:36,3
19/04/2022 21:36,1
19/04/2022 21:34,1
19/04/2022 21:32,1
19/04/2022 21:31,3
19/04/2022 21:31,4
19/04/2022 21:30,1
19/04/2022 21:30,1
19/04/2022 21:28,1
19/04/2022 21:28,2
19/04/2022 21:27,2
19/04/2022 21:25,2
19/04/2022 21:25,5
19/04/2022 21:21,2
19/04/2022 21:20,2
19/04/2022 21:17,2
19/04/2022 21:16,4
19/04/2022 21:15,3
19/04/2022 21:14,3
19/04/2022 21:14,1
19/04/2022 21:10,2
19/04/2022 21:08,1
19/04/2022 21:08,5
19/04/2022 21:07,3
19/04/2022 21:07,5
19/04/2022 21:05,1
19/04/2022 21:03,5
19/04/2022 21:02,1
19/04/2022 21:01,5
19/04/2022 21:00,1
19/04/2022 20:59,1
19/04/2022 20:59,3
19/04/2022 20:58,3
19/04/2022 20:54,1
19/04/2022 20:53,3
19/04/2022 20:53,1
19/04/2022 20:48,1
19/04/2022 20:48,3
19/04/2022 20:46,1
19/04/2022 20:44,1
19/04/2022 20:43,3
19/04/2022 20:43,4
19/04/2022 20:43,4
19/04/2022 20:42,1
19/04/2022 20:40,5
19/04/2022 20:40,2
19/04/2022 20:36,5
19/04/2022 20:33,1
19/04/2022 20:33,1
19/04/2022 20:29,5
19/04/2022 20:27,5
19/04/2022 20:26,1
19/04/2022 20:24,2
19/04/2022 20:21,3
19/04/2022 20:21,5
19/04/2022 20:17,2
19/04/2022 20:17,2
19/04/2022 20:17,5
19/04/2022 20:17,5
19/04/2022 20:08,5
19/04/2022 20:03,1
19/04/2022 20:01,1
19/04/2022 19:59,1
19/04/2022 19:59,1
19/04/2022 19:58,5
19/04/2022 19:51,5
19/04/2022 19:49,5
19/04/2022 19:48,1
19/04/2022 19:44,2
19/04/2022 19:44,4
19/04/2022 19:41,3
19/04/2022 19:38,1
19/04/2022 19:36,1
19/04/2022 19:34,5
19/04/2022 19:31,1
19/04/2022 19:30,1
19/04/2022 19:29,2
19/04/2022 19:29,1
19/04/2022 19:21,3
19/04/2022 19:19,2
19/04/2022 19:16,1
19/04/2022 19:13,1
19/04/2022 19:07,1
19/04/2022 19:05,2
19/04/2022 19:05,1
19/04/2022 19:04,1
19/04/2022 19:02,5
19/04/2022 19:01,2
19/04/2022 19:00,1
19/04/2022 18:58,1
19/04/2022 18:57,5
19/04/2022 18:54,5
19/04/2022 18:54,5
19/04/2022 18:53,1
19/04/2022 18:53,2
19/04/2022 18:50,3
19/04/2022 18:49,5
19/04/2022 18:48,3
19/04/2022 18:46,3
19/04/2022 18:45,3
19/04/2022 18:42,1
19/04/2022 18:37,3
19/04/2022 18:36,1
19/04/2022 18:35,5
19/04/2022 18:33,1
19/04/2022 18:33,1
19/04/2022 18:33,5
19/04/2022 18:32,1
19/04/2022 18:30,5
19/04/2022 18:27,1
19/04/2022 18:25,1
19/04/2022 18:18,1
19/04/2022 18:16,5
19/04/2022 18:15,4
19/04/2022 18:07,1
19/04/2022 18:04,5
19/04/2022 18:02,1
19/04/2022 18:02,3
19/04/2022 17:59,1
19/04/2022 17:59,1
19/04/2022 17:56,1
19/04/2022 17:55,3
19/04/2022 17:53,2
19/04/2022 17:52,5
19/04/2022 17:52,2
19/04/2022 17:51,1
19/04/2022 17:49,5
19/04/2022 17:44,1
19/04/2022 17:42,5
19/04/2022 17:42,2
19/04/2022 17:39,5
19/04/2022 17:33,5
19/04/2022 17:30,3
19/04/2022 17:30,1
19/04/2022 17:30,5
19/04/2022 17:27,5
19/04/2022 17:25,3
19/04/2022 17:24,5
19/04/2022 17:22,5
19/04/2022 17:19,4
19/04/2022 17:16,5
19/04/2022 17:16,1
19/04/2022 17:16,1
19/04/2022 17:14,2
19/04/2022 17:13,1
19/04/2022 17:11,2
19/04/2022 17:08,5
19/04/2022 16:58,4
19/04/2022 16:57,2
19/04/2022 16:56,3
19/04/2022 16:55,3
19/04/2022 16:55,1
19/04/2022 16:54,4
19/04/2022 16:54,1
19/04/2022 16:53,3
19/04/2022 16:53,1
19/04/2022 16:50,4
19/04/2022 16:48,1
19/04/2022 16:48,4
19/04/2022 16:46,3
19/04/2022 16:46,3
19/04/2022 16:43,4
19/04/2022 16:43,3
19/04/2022 16:41,1
19/04/2022 16:41,5
19/04/2022 16:40,3
19/04/2022 16:39,2
19/04/2022 16:36,1
19/04/2022 16:36,1
19/04/2022 16:35,1
19/04/2022 16:32,3
19/04/2022 16:28,1
19/04/2022 16:23,5
19/04/2022 16:22,1
19/04/2022 16:20,5
19/04/2022 16:16,3
19/04/2022 16:15,1
19/04/2022 16:11,2
19/04/2022 16:10,1
19/04/2022 16:09,5
19/04/2022 16:07,4
19/04/2022 16:05,1
19/04/2022 16:00,1
19/04/2022 16:00,1
19/04/2022 15:58,2
19/04/2022 15:57,5
19/04/2022 15:53,1
19/04/2022 15:52,5
19/04/2022 15:51,4
19/04/2022 15:49,2
19/04/2022 15:49,3
19/04/2022 15:49,2
19/04/2022 15:48,2
19/04/2022 15:48,1
19/04/2022 15:47,5
19/04/2022 15:46,2
19/04/2022 15:41,1
19/04/2022 15:40,2
19/04/2022 15:40,3
19/04/2022 15:40,5
19/04/2022 15:39,5
19/04/2022 15:39,5
19/04/2022 15:39,3
19/04/2022 15:34,4
19/04/2022 15:34,5
19/04/2022 15:34,1
19/04/2022 15:33,5
19/04/2022 15:32,1
19/04/2022 15:29,1
19/04/2022 15:25,1
19/04/2022 15:23,5
19/04/2022 15:20,5
19/04/2022 15:18,5
19/04/2022 15:16,5
19/04/2022 15:14,2
19/04/2022 15:13,2
19/04/2022 15:08,2
19/04/2022 15:07,1
19/04/2022 15:06,4
19/04/2022 15:06,5
19/04/2022 15:05,1
19/04/2022 15:04,3
19/04/2022 15:02,5
19/04/2022 15:02,1
19/04/2022 14:59,3
19/04/2022 14:59,3
19/04/2022 14:59,1
19/04/2022 14:58,4
19/04/2022 14:57,5
19/04/2022 14:57,2
19/04/2022 14:56,5
19/04/2022 14:54,5
19/04/2022 14:51,5
19/04/2022 14:50,5
19/04/2022 14:45,5
19/04/2022 14:45,4
19/04/2022 14:45,4
19/04/2022 14:44,2
19/04/2022 14:41,3
19/04/2022 14:35,2
19/04/2022 14:33,2
19/04/2022 14:29,3
19/04/2022 14:29,3
19/04/2022 14:28,3
19/04/2022 14:24,5
19/04/2022 14:24,3
19/04/2022 14:23,5
19/04/2022 14:19,4
19/04/2022 14:09,5
19/04/2022 14:03,4
19/04/2022 14:02,1
19/04/2022 14:00,4
19/04/2022 13:55,5
19/04/2022 13:49,3
19/04/2022 13:49,5
19/04/2022 13:49,1
19/04/2022 13:48,5
19/04/2022 13:46,1
19/04/2022 13:45,1
19/04/2022 13:44,1
19/04/2022 13:43,5
19/04/2022 13:43,1
19/04/2022 13:43,1
19/04/2022 13:43,1
19/04/2022 13:43,2
19/04/2022 13:41,2
19/04/2022 13:40,5
19/04/2022 13:39,3
19/04/2022 13:39,3
19/04/2022 13:32,1
19/04/2022 13:32,5
19/04/2022 13:30,2
19/04/2022 13:28,1
19/04/2022 13:28,5
19/04/2022 13:27,4
19/04/2022 13:19,5
19/04/2022 13:17,5
19/04/2022 13:15,5
19/04/2022 13:13,3
19/04/2022 13:10,3
19/04/2022 13:09,2
19/04/2022 13:09,3
19/04/2022 13:07,1
19/04/2022 13:05,1
19/04/2022 13:04,1
19/04/2022 13:03,2
19/04/2022 13:01,1
19/04/2022 12:59,1
19/04/2022 12:57,5
19/04/2022 12:56,1
19/04/2022 12:55,3
19/04/2022 12:53,2
19/04/2022 12:53,5
19/04/2022 12:51,5
19/04/2022 12:49,5
19/04/2022 12:47,4
19/04/2022 12:46,5
19/04/2022 12:44,3
19/04/2022 12:43,5
19/04/2022 12:43,5
19/04/2022 12:42,2
19/04/2022 12:41,2
19/04/2022 12:34,5
19/04/2022 12:31,3
19/04/2022 12:28,5
19/04/2022 12:28,3
19/04/2022 12:28,3
19/04/2022 12:27,4
19/04/2022 12:23,2
19/04/2022 12:23,5
19/04/2022 12:23,3
19/04/2022 12:18,4
19/04/2022 12:18,5
19/04/2022 12:17,4
19/04/2022 12:15,3
19/04/2022 12:14,1
19/04/2022 12:09,1
19/04/2022 12:06,4
19/04/2022 12:05,3
19/04/2022 12:01,2
19/04/2022 11:58,1
19/04/2022 11:54,5
19/04/2022 11:49,1
19/04/2022 11:46,1
19/04/2022 11:42,5
19/04/2022 11:42,3
19/04/2022 11:40,5
19/04/2022 11:29,5
19/04/2022 11:19,1
19/04/2022 11:18,4
19/04/2022 11:16,4
19/04/2022 11:14,1
19/04/2022 11:14,5
19/04/2022 11:14,5
19/04/2022 11:12,5
19/04/2022 11:11,3
19/04/2022 11:09,1
19/04/2022 11:09,5
19/04/2022 11:05,5
19/04/2022 11:03,1
19/04/2022 11:01,5
19/04/2022 10:57,4
19/04/2022 10:54,5
19/04/2022 10:54,1
19/04/2022 10:52,1
19/04/2022 10:50,4
19/04/2022 10:49,1
19/04/2022 10:48,5
19/04/2022 10:47,5
19/04/2022 10:45,5
19/04/2022 10:42,5
19/04/2022 10:35,1
19/04/2022 10:34,1
19/04/2022 10:30,2
19/04/2022 10:27,1
19/04/2022 10:13,4
19/04/2022 10:12,1
19/04/2022 10:12,2
19/04/2022 10:10,3
19/04/2022 10:07,5
19/04/2022 10:04,5
19/04/2022 10:01,1
19/04/2022 09:55,1
19/04/2022 09:53,3
19/04/2022 09:51,1
19/04/2022 09:50,1
19/04/2022 09:46,5
19/04/2022 09:38,2
19/04/2022 09:36,2
19/04/2022 09:16,1
19/04/2022 09:11,5
19/04/2022 09:10,4
19/04/2022 09:09,1
19/04/2022 09:08,3
19/04/2022 09:03,5
19/04/2022 08:59,5
19/04/2022 08:56,4
19/04/2022 08:49,5
19/04/2022 08:40,5
19/04/2022 08:39,5
19/04/2022 08:31,2
19/04/2022 08:31,1
19/04/2022 08:25,3
19/04/2022 08:24,1
19/04/2022 08:19,2
19/04/2022 08:18,5
19/04/2022 08:11,5
19/04/2022 08:02,5
19/04/2022 08:02,5
19/04/2022 08:01,1
19/04/2022 08:00,2
19/04/2022 07:58,4
19/04/2022 07:58,4
19/04/2022 07:56,1
19/04/2022 07:55,1
19/04/2022 07:54,1
19/04/2022 07:50,3
19/04/2022 07:49,4
19/04/2022 07:42,1
19/04/2022 07:42,4
19/04/2022 07:34,3
19/04/2022 07:33,4
19/04/2022 07:30,5
19/04/2022 07:29,1
19/04/2022 07:25,1
19/04/2022 07:18,3
19/04/2022 07:00,5
19/04/2022 06:56,1
19/04/2022 06:56,5
19/04/2022 06:50,1
19/04/2022 06:45,5
19/04/2022 06:39,1
19/04/2022 06:37,2
19/04/2022 06:34,5
19/04/2022 06:28,1
19/04/2022 06:26,2
19/04/2022 06:23,2
19/04/2022 06:19,5
19/04/2022 06:18,1
19/04/2022 06:04,3
19/04/2022 06:01,5
19/04/2022 05:59,4
19/04/2022 05:59,4
19/04/2022 05:51,2
19/04/2022 05:50,1
19/04/2022 05:46,2
19/04/2022 05:41,5
19/04/2022 05:40,1
19/04/2022 05:38,1
19/04/2022 05:30,1
19/04/2022 05:29,1
19/04/2022 05:27,5
19/04/2022 05:26,1
19/04/2022 05:26,5
19/04/2022 05:19,4
19/04/2022 05:17,2
19/04/2022 05:16,4
19/04/2022 05:12,5
19/04/2022 05:08,2
19/04/2022 05:07,1
19/04/2022 05:01,1
19/04/2022 05:00,2
19/04/2022 04:59,5
19/04/2022 04:57,5
19/04/2022 04:57,5
19/04/2022 04:53,5
19/04/2022 04:52,1
19/04/2022 04:49,1
19/04/2022 04:47,5
19/04/2022 04:40,5
19/04/2022 04:38,4
19/04/2022 04:38,4
19/04/2022 04:33,1
19/04/2022 04:30,2
19/04/2022 04:25,5
19/04/2022 04:24,1
19/04/2022 04:23,5
19/04/2022 04:17,1
19/04/2022 04:16,2
19/04/2022 04:14,1
19/04/2022 04:14,1
19/04/2022 04:13,4
19/04/2022 04:12,1
19/04/2022 04:04,5
19/04/2022 04:02,4
19/04/2022 04:01,1
19/04/2022 03:56,5
19/04/2022 03:53,3
19/04/2022 03:48,2
19/04/2022 03:47,3
19/04/2022 03:46,2
19/04/2022 03:43,1
19/04/2022 03:39,2
19/04/2022 03:30,3
19/04/2022 03:30,1
19/04/2022 03:29,3
19/04/2022 03:28,1
19/04/2022 03:28,5
19/04/2022 03:26,1
19/04/2022 03:21,5
19/04/2022 03:05,5
19/04/2022 02:43,1
19/04/2022 02:38,5
19/04/2022 02:34,3
19/04/2022 02:33,1
19/04/2022 02:29,4
19/04/2022 02:27,2
19/04/2022 02:27,1
19/04/2022 02:24,1
19/04/2022 02:20,3
19/04/2022 02:19,2
19/04/2022 02:18,5
19/04/2022 02:14,5
19/04/2022 02:13,3
19/04/2022 02:12,5
19/04/2022 02:11,3
19/04/2022 02:08,1
19/04/2022 02:05,5
19/04/2022 02:03,2
19/04/2022 02:01,2
19/04/2022 01:56,4
19/04/2022 01:55,3
19/04/2022 01:49,1
19/04/2022 01:49,1
19/04/2022 01:44,2
19/04/2022 01:38,5
19/04/2022 01:30,4
19/04/2022 01:29,1
19/04/2022 01:26,5
19/04/2022 01:24,1
19/04/2022 01:22,3
19/04/2022 01:15,3
19/04/2022 01:15,5
19/04/2022 01:13,1
19/04/2022 01:11,3
19/04/2022 01:07,1
19/04/2022 01:05,4
19/04/2022 01:05,1
19/04/2022 01:05,1
19/04/2022 01:04,5
19/04/2022 01:04,1
19/04/2022 00:54,5
19/04/2022 00:53,2
19/04/2022 00:51,3
19/04/2022 00:49,5
19/04/2022 00:48,5
19/04/2022 00:46,1
19/04/2022 00:45,2
19/04/2022 00:41,2
19/04/2022 00:40,5
19/04/2022 00:40,2
19/04/2022 00:39,1
19/04/2022 00:39,3
19/04/2022 00:35,3
19/04/2022 00:35,1
19/04/2022 00:35,2
19/04/2022 00:31,4
19/04/2022 00:30,5
19/04/2022 00:26,3
19/04/2022 00:25,5
19/04/2022 00:19,2
19/04/2022 00:18,1
19/04/2022 00:17,5
19/04/2022 00:09,5
19/04/2022 00:00,2
18/04/2022 23:59,3
18/04/2022 23:55,1
18/04/2022 23:54,1
18/04/2022 23:51,5
18/04/2022 23:50,1
18/04/2022 23:49,3
18/04/2022 23:48,1
18/04/2022 23:48,5
18/04/2022 23:47,1
18/04/2022 23:46,1
18/04/2022 23:46,1
18/04/2022 23:42,5
18/04/2022 23:41,1
18/04/2022 23:41,1
18/04/2022 23:38,5
18/04/2022 23:36,5
18/04/2022 23:34,5
18/04/2022 23:32,3
18/04/2022 23:29,5
18/04/2022 23:27,1
18/04/2022 23:26,4
18/04/2022 23:25,1
18/04/2022 23:23,5
18/04/2022 23:20,4
18/04/2022 23:15,5
18/04/2022 23:11,1
18/04/2022 23:11,5
18/04/2022 23:05,5
18/04/2022 23:03,1
18/04/2022 22:52,5
18/04/2022 22:47,4
18/04/2022 22:45,4
18/04/2022 22:44,1
18/04/2022 22:41,4
18/04/2022 22:36,2
18/04/2022 22:33,3
18/04/2022 22:27,5
18/04/2022 22:27,1
18/04/2022 22:23,1
18/04/2022 22:20,4
18/04/2022 22:11,3
18/04/2022 22:11,4
18/04/2022 22:10,5
18/04/2022 22:09,5
18/04/2022 22:09,1
18/04/2022 22:08,5
18/04/2022 22:06,5
18/04/2022 22:00,1
18/04/2022 21:58,5
18/04/2022 21:58,4
18/04/2022 21:55,5
18/04/2022 21:48,5
18/04/2022 21:47,4
18/04/2022 21:44,3
18/04/2022 21:44,5
18/04/2022 21:33,1
18/04/2022 21:33,2
18/04/2022 21:33,5
18/04/2022 21:31,5
18/04/2022 21:25,5
18/04/2022 21:20,2
18/04/2022 21:17,3
18/04/2022 21:15,5
18/04/2022 21:13,2
18/04/2022 21:10,4
18/04/2022 21:07,3
18/04/2022 21:05,2
18/04/2022 21:00,4
18/04/2022 20:56,3
18/04/2022 20:50,5
18/04/2022 20:50,2
18/04/2022 20:48,4
18/04/2022 20:45,5
18/04/2022 20:41,5
18/04/2022 20:40,2
18/04/2022 20:39,2
18/04/2022 20:39,2
18/04/2022 20:38,1
18/04/2022 20:31,5
18/04/2022 20:29,2
18/04/2022 20:22,1
18/04/2022 20:19,1
18/04/2022 20:12,3
18/04/2022 20:10,1
18/04/2022 20:04,3
18/04/2022 20:01,5
18/04/2022 19:55,2
18/04/2022 19:52,2
18/04/2022 19:50,3
18/04/2022 19:48,4
18/04/2022 19:41,1
18/04/2022 19:41,5
18/04/2022 19:41,2
18/04/2022 19:37,1
18/04/2022 19:36,5
18/04/2022 19:33,5
18/04/2022 19:32,4
18/04/2022 19:31,3
18/04/2022 19:30,1
18/04/2022 19:20,4
18/04/2022 19:20,4
18/04/2022 19:19,1
18/04/2022 19:18,1
18/04/2022 19:17,1
18/04/2022 19:15,5
18/04/2022 19:07,5
18/04/2022 19:06,2
18/04/2022 19:06,5
18/04/2022 19:04,4
18/04/2022 19:03,5
18/04/2022 19:01,5
18/04/2022 19:00,5
18/04/2022 19:00,5
18/04/2022 18:58,2
18/04/2022 18:57,5
18/04/2022 18:56,3
18/04/2022 18:55,5
18/04/2022 18:54,4
18/04/2022 18:52,1
18/04/2022 18:45,5
18/04/2022 18:36,5
18/04/2022 18:33,2
18/04/2022 18:33,1
18/04/2022 18:30,2
18/04/2022 18:28,5
18/04/2022 18:27,3
18/04/2022 18:26,3
18/04/2022 18:26,5
18/04/2022 18:24,2
18/04/2022 18:24,1
18/04/2022 18:16,2
18/04/2022 18:15,1
18/04/2022 18:15,1
18/04/2022 18:14,1
18/04/2022 18:02,3
18/04/2022 18:01,5
18/04/2022 18:01,3
18/04/2022 18:01,3
18/04/2022 17:58,5
18/04/2022 17:50,5
18/04/2022 17:47,4
18/04/2022 17:47,3
18/04/2022 17:45,5
18/04/2022 17:44,3
18/04/2022 17:44,5
18/04/2022 17:44,5
18/04/2022 17:42,1
18/04/2022 17:41,5
18/04/2022 17:40,3
18/04/2022 17:39,5
18/04/2022 17:36,5
18/04/2022 17:34,5
18/04/2022 17:33,4
18/04/2022 17:33,1
18/04/2022 17:32,1
18/04/2022 17:30,2
18/04/2022 17:26,3
18/04/2022 17:26,3
18/04/2022 17:10,5
18/04/2022 17:09,5
18/04/2022 17:06,1
18/04/2022 17:04,4
18/04/2022 16:59,3
18/04/2022 16:59,2
18/04/2022 16:59,1
18/04/2022 16:58,5
18/04/2022 16:57,5
18/04/2022 16:56,4
18/04/2022 16:53,1
18/04/2022 16:53,5
18/04/2022 16:49,3
18/04/2022 16:46,5
18/04/2022 16:44,1
18/04/2022 16:44,5
18/04/2022 16:39,1
18/04/2022 16:34,1
18/04/2022 16:32,1
18/04/2022 16:29,2
18/04/2022 16:25,1
18/04/2022 16:21,4
18/04/2022 16:18,5
18/04/2022 16:17,5
18/04/2022 16:16,1
18/04/2022 16:10,5
18/04/2022 16:09,5
18/04/2022 16:08,4
18/04/2022 16:06,5
18/04/2022 16:01,5
18/04/2022 15:59,4
18/04/2022 15:58,1
18/04/2022 15:56,1
18/04/2022 15:55,1
18/04/2022 15:53,3
18/04/2022 15:52,1
18/04/2022 15:52,2
18/04/2022 15:48,1
18/04/2022 15:47,5
18/04/2022 15:45,2
18/04/2022 15:42,5
18/04/2022 15:39,1
18/04/2022 15:36,3
18/04/2022 15:35,3
18/04/2022 15:29,1
18/04/2022 15:25,3
18/04/2022 15:24,5
18/04/2022 15:22,1
18/04/2022 15:21,1
18/04/2022 15:20,2
18/04/2022 15:16,5
18/04/2022 15:13,1
18/04/2022 15:13,3
18/04/2022 15:11,3
18/04/2022 15:00,3
18/04/2022 14:54,1
18/04/2022 14:48,4
18/04/2022 14:45,3
18/04/2022 14:41,4
18/04/2022 14:38,1
18/04/2022 14:38,4
18/04/2022 14:37,1
18/04/2022 14:34,5
18/04/2022 14:31,2
18/04/2022 14:30,4
18/04/2022 14:29,1
18/04/2022 14:25,2
18/04/2022 14:25,5
18/04/2022 14:23,1
18/04/2022 14:23,3
18/04/2022 14:22,3
18/04/2022 14:17,5
18/04/2022 14:15,5
18/04/2022 14:15,1
18/04/2022 14:08,5
18/04/2022 14:06,2
18/04/2022 14:06,5
18/04/2022 14:05,5
18/04/2022 13:56,5
18/04/2022 13:54,1
18/04/2022 13:52,4
18/04/2022 13:51,1
18/04/2022 13:42,3
18/04/2022 13:41,3
18/04/2022 13:41,3
18/04/2022 13:39,5
18/04/2022 13:35,1
18/04/2022 13:30,5
18/04/2022 13:30,4
18/04/2022 13:21,1
18/04/2022 13:18,4
18/04/2022 13:16,5
18/04/2022 13:16,3
18/04/2022 13:15,1
18/04/2022 13:14,1
18/04/2022 13:13,5
18/04/2022 13:11,2
18/04/2022 13:09,3
18/04/2022 13:09,2
18/04/2022 13:08,5
18/04/2022 13:08,5
18/04/2022 13:07,5
18/04/2022 13:05,5
18/04/2022 13:04,4
18/04/2022 13:04,4
18/04/2022 13:00,2
18/04/2022 12:51,3
18/04/2022 12:49,5
18/04/2022 12:48,4
18/04/2022 12:48,4
18/04/2022 12:47,1
18/04/2022 12:46,5
18/04/2022 12:44,1
18/04/2022 12:43,4
18/04/2022 12:40,4
18/04/2022 12:36,1
18/04/2022 12:36,1
18/04/2022 12:35,2
18/04/2022 12:30,1
18/04/2022 12:28,5
18/04/2022 12:22,3
18/04/2022 12:22,4
18/04/2022 12:22,4
18/04/2022 12:21,2
18/04/2022 12:21,1
18/04/2022 12:16,1
18/04/2022 12:14,5
18/04/2022 12:12,5
18/04/2022 12:08,2
18/04/2022 12:08,5
18/04/2022 12:06,1
18/04/2022 11:58,1
18/04/2022 11:57,1
18/04/2022 11:56,4
18/04/2022 11:52,4
18/04/2022 11:48,2
18/04/2022 11:48,4
18/04/2022 11:42,4
18/04/2022 11:40,3
18/04/2022 11:36,2
18/04/2022 11:26,1
18/04/2022 11:23,4
18/04/2022 11:21,5
18/04/2022 11:21,4
18/04/2022 11:17,5
18/04/2022 11:16,1
18/04/2022 11:12,1
18/04/2022 11:12,4
18/04/2022 11:08,1
18/04/2022 11:03,2
18/04/2022 11:01,5
18/04/2022 10:58,1
18/04/2022 10:44,3
18/04/2022 10:43,2
18/04/2022 10:32,5
18/04/2022 10:30,1
18/04/2022 10:26,2
18/04/2022 10:18,5
18/04/2022 10:16,2
18/04/2022 10:13,5
18/04/2022 10:09,1
18/04/2022 10:08,2
18/04/2022 10:07,1
18/04/2022 10:06,5
18/04/2022 09:58,1
18/04/2022 09:57,4
18/04/2022 09:56,1
18/04/2022 09:50,1
18/04/2022 09:49,5
18/04/2022 09:46,5
18/04/2022 09:46,1
18/04/2022 09:36,1
18/04/2022 09:36,5
18/04/2022 09:28,1
18/04/2022 09:25,2
18/04/2022 09:21,1
18/04/2022 09:20,2
18/04/2022 09:07,3
18/04/2022 09:03,5
18/04/2022 09:03,5
18/04/2022 09:02,3
18/04/2022 08:58,4
18/04/2022 08:58,5
18/04/2022 08:57,4
18/04/2022 08:53,2
18/04/2022 08:53,5
18/04/2022 08:44,5
18/04/2022 08:36,2
18/04/2022 08:34,1
18/04/2022 08:29,4
18/04/2022 08:27,1
18/04/2022 08:25,5
18/04/2022 08:18,5
18/04/2022 08:07,5
18/04/2022 08:04,5
18/04/2022 08:01,5
18/04/2022 07:59,3
18/04/2022 07:59,5
18/04/2022 07:57,4
18/04/2022 07:56,5
18/04/2022 07:55,1
18/04/2022 07:51,2
18/04/2022 07:49,1
18/04/2022 07:49,5
18/04/2022 07:48,1
18/04/2022 07:40,1
18/04/2022 07:37,1
18/04/2022 07:37,2
18/04/2022 07:37,5
18/04/2022 07:28,5
18/04/2022 07:26,1
18/04/2022 07:01,5
18/04/2022 07:00,1
18/04/2022 06:59,1
18/04/2022 06:58,1
18/04/2022 06:51,4
18/04/2022 06:48,1
18/04/2022 06:48,2
18/04/2022 06:47,5
18/04/2022 06:44,1
18/04/2022 06:44,5
18/04/2022 06:39,5
18/04/2022 06:38,1
18/04/2022 06:36,1
18/04/2022 06:36,1
18/04/2022 06:28,1
18/04/2022 06:27,2
18/04/2022 06:26,2
18/04/2022 06:16,4
18/04/2022 06:15,1
18/04/2022 06:14,3
18/04/2022 06:13,1
18/04/2022 06:08,4
18/04/2022 06:05,2
18/04/2022 06:04,5
18/04/2022 06:04,2
18/04/2022 06:00,5
18/04/2022 05:59,5
18/04/2022 05:59,2
18/04/2022 05:55,1
18/04/2022 05:55,5
18/04/2022 05:38,4
18/04/2022 05:35,5
18/04/2022 05:30,1
18/04/2022 05:28,1
18/04/2022 05:21,3
18/04/2022 05:20,2
18/04/2022 05:14,5
18/04/2022 05:12,1
18/04/2022 05:11,1
18/04/2022 04:55,5
18/04/2022 04:54,5
18/04/2022 04:54,1
18/04/2022 04:54,1
18/04/2022 04:47,1
18/04/2022 04:46,5
18/04/2022 04:44,1
18/04/2022 04:43,5
18/04/2022 04:41,3
18/04/2022 04:38,5
18/04/2022 04:34,3
18/04/2022 04:31,3
18/04/2022 04:28,5
18/04/2022 04:26,2
18/04/2022 04:12,5
18/04/2022 04:10,5
18/04/2022 04:08,5
18/04/2022 04:07,4
18/04/2022 04:07,2
18/04/2022 04:05,4
18/04/2022 04:03,5
18/04/2022 03:54,5
18/04/2022 03:54,1
18/04/2022 03:53,4
18/04/2022 03:49,5
18/04/2022 03:49,5
18/04/2022 03:48,5
18/04/2022 03:47,1
18/04/2022 03:45,5
18/04/2022 03:44,5
18/04/2022 03:42,3
18/04/2022 03:41,5
18/04/2022 03:36,5
18/04/2022 03:31,4
18/04/2022 03:30,2
18/04/2022 03:28,5
18/04/2022 03:25,3
18/04/2022 03:13,1
18/04/2022 03:13,1
18/04/2022 03:11,1
18/04/2022 03:10,2
18/04/2022 03:10,1
18/04/2022 03:08,2
18/04/2022 03:00,1
18/04/2022 02:59,2
18/04/2022 02:56,5
18/04/2022 02:47,1
18/04/2022 02:44,1
18/04/2022 02:42,3
18/04/2022 02:37,1
18/04/2022 02:32,1
18/04/2022 02:29,3
18/04/2022 02:26,2
18/04/2022 02:17,2
18/04/2022 02:13,1
18/04/2022 02:12,5
18/04/2022 02:09,3
18/04/2022 02:08,1
18/04/2022 02:03,5
18/04/2022 02:02,2
18/04/2022 01:47,3
18/04/2022 01:46,5
18/04/2022 01:46,3
18/04/2022 01:43,5
18/04/2022 01:35,1
18/04/2022 01:32,5
18/04/2022 01:26,5
18/04/2022 01:17,5
18/04/2022 01:16,5
18/04/2022 01:13,5
18/04/2022 01:12,3
18/04/2022 01:12,5
18/04/2022 01:10,3
18/04/2022 01:03,1
18/04/2022 01:01,5
18/04/2022 01:00,4
18/04/2022 00:48,1
18/04/2022 00:46,5
18/04/2022 00:41,5
18/04/2022 00:41,1
18/04/2022 00:40,1
18/04/2022 00:36,5
18/04/2022 00:36,3
18/04/2022 00:32,1
18/04/2022 00:23,5
18/04/2022 00:17,1
18/04/2022 00:12,1
18/04/2022 00:03,5
18/04/2022 00:01,5
17/04/2022 23:57,1
17/04/2022 23:53,4
17/04/2022 23:50,3
17/04/2022 23:46,1
17/04/2022 23:46,4
17/04/2022 23:43,2
17/04/2022 23:41,2
17/04/2022 23:41,1
17/04/2022 23:39,5
17/04/2022 23:33,1
17/04/2022 23:28,1
17/04/2022 23:25,5
17/04/2022 23:21,1
17/04/2022 23:20,5
17/04/2022 23:17,1
17/04/2022 23:16,1
17/04/2022 23:10,5
17/04/2022 23:07,1
17/04/2022 23:06,3
17/04/2022 22:59,4
17/04/2022 22:57,5
17/04/2022 22:54,1
17/04/2022 22:48,2
17/04/2022 22:43,3
17/04/2022 22:42,1
17/04/2022 22:37,2
17/04/2022 22:35,2
17/04/2022 22:32,2
17/04/2022 22:31,1
17/04/2022 22:25,3
17/04/2022 22:19,3
17/04/2022 22:18,1
17/04/2022 22:18,2
17/04/2022 22:15,5
17/04/2022 22:10,5
17/04/2022 22:07,4
17/04/2022 22:05,1
17/04/2022 22:04,4
17/04/2022 21:58,2
17/04/2022 21:58,5
17/04/2022 21:58,5
17/04/2022 21:43,1
17/04/2022 21:39,1
17/04/2022 21:34,1
17/04/2022 21:33,5
17/04/2022 21:32,3
17/04/2022 21:31,5
17/04/2022 21:26,4
17/04/2022 21:25,4
17/04/2022 21:19,5
17/04/2022 21:15,4
17/04/2022 21:12,1
17/04/2022 21:11,1
17/04/2022 21:09,1
17/04/2022 21:08,5
17/04/2022 21:06,5
17/04/2022 21:02,5
17/04/2022 20:59,5
17/04/2022 20:58,1
17/04/2022 20:51,5
17/04/2022 20:48,1
17/04/2022 20:40,3
17/04/2022 20:38,3
17/04/2022 20:36,4
17/04/2022 20:36,1
17/04/2022 20:32,1
17/04/2022 20:32,2
17/04/2022 20:31,5
17/04/2022 20:30,5
17/04/2022 20:29,5
17/04/2022 20:27,5
17/04/2022 20:25,1
17/04/2022 20:24,3
17/04/2022 20:20,1
17/04/2022 20:20,5
17/04/2022 20:18,2
17/04/2022 20:17,3
17/04/2022 20:13,1
17/04/2022 20:12,3
17/04/2022 20:07,5
17/04/2022 20:05,5
17/04/2022 20:05,5
17/04/2022 20:03,5
17/04/2022 20:00,5
17/04/2022 19:56,4
17/04/2022 19:56,4
17/04/2022 19:55,2
17/04/2022 19:53,1
17/04/2022 19:52,5
17/04/2022 19:48,5
17/04/2022 19:46,1
17/04/2022 19:40,3
17/04/2022 19:31,5
17/04/2022 19:25,4
17/04/2022 19:24,5
17/04/2022 19:22,2
17/04/2022 19:20,5
17/04/2022 19:15,1
17/04/2022 19:14,3
17/04/2022 19:13,3
17/04/2022 19:12,5
17/04/2022 19:10,1
17/04/2022 19:09,5
17/04/2022 19:08,1
17/04/2022 19:02,5
17/04/2022 19:01,5
17/04/2022 18:59,1
17/04/2022 18:57,3
17/04/2022 18:57,5
17/04/2022 18:56,5
17/04/2022 18:55,5
17/04/2022 18:53,5
17/04/2022 18:45,2
17/04/2022 18:43,2
17/04/2022 18:42,5
17/04/2022 18:40,4
17/04/2022 18:40,2
17/04/2022 18:40,1
17/04/2022 18:39,2
17/04/2022 18:38,2
17/04/2022 18:33,5
17/04/2022 18:31,5
17/04/2022 18:30,3
17/04/2022 18:30,1
17/04/2022 18:30,2
17/04/2022 18:30,1
17/04/2022 18:28,5
17/04/2022 18:28,4
17/04/2022 18:24,1
17/04/2022 18:23,3
17/04/2022 18:20,5
17/04/2022 18:19,3
17/04/2022 18:14,1
17/04/2022 18:13,1
17/04/2022 18:10,2
17/04/2022 18:06,1
17/04/2022 18:04,5
17/04/2022 18:04,1
17/04/2022 18:03,5
17/04/2022 18:02,3
17/04/2022 17:58,2
17/04/2022 17:55,1
17/04/2022 17:52,2
17/04/2022 17:52,5
17/04/2022 17:50,5
17/04/2022 17:49,5
17/04/2022 17:49,2
17/04/2022 17:48,1
17/04/2022 17:47,5
17/04/2022 17:43,1
17/04/2022 17:42,5
17/04/2022 17:39,1
17/04/2022 17:31,5
17/04/2022 17:28,5
17/04/2022 17:28,1
17/04/2022 17:24,1
17/04/2022 17:23,1
17/04/2022 17:19,5
17/04/2022 17:16,4
17/04/2022 17:13,5
17/04/2022 17:11,2
17/04/2022 17:10,1
17/04/2022 17:08,3
17/04/2022 17:08,1
17/04/2022 17:08,5
17/04/2022 17:07,5
17/04/2022 17:06,3
17/04/2022 17:05,5
17/04/2022 16:55,5
17/04/2022 16:55,1
17/04/2022 16:55,3
17/04/2022 16:54,5
17/04/2022 16:54,1
17/04/2022 16:53,5
17/04/2022 16:53,4
17/04/2022 16:50,4
17/04/2022 16:48,2
17/04/2022 16:47,4
17/04/2022 16:44,2
17/04/2022 16:37,3
17/04/2022 16:36,5
17/04/2022 16:30,1
17/04/2022 16:28,2
17/04/2022 16:22,5
17/04/2022 16:21,1
17/04/2022 16:20,2
17/04/2022 16:20,1
17/04/2022 16:18,1
17/04/2022 16:17,4
17/04/2022 16:17,1
17/04/2022 16:16,5
17/04/2022 16:15,1
17/04/2022 16:11,1
17/04/2022 16:11,5
17/04/2022 16:07,1
17/04/2022 16:03,1
17/04/2022 16:02,1
17/04/2022 15:53,5
17/04/2022 15:51,1
17/04/2022 15:48,1
17/04/2022 15:44,5
17/04/2022 15:38,4
17/04/2022 15:37,1
17/04/2022 15:36,2
17/04/2022 15:34,4
17/04/2022 15:32,1
17/04/2022 15:22,5
17/04/2022 15:21,5
17/04/2022 15:20,5
17/04/2022 15:19,4
17/04/2022 15:18,5
17/04/2022 15:14,4
17/04/2022 15:14,5
17/04/2022 15:13,3
17/04/2022 15:12,2
17/04/2022 15:11,5
17/04/2022 15:11,4
17/04/2022 15:07,1
17/04/2022 15:06,2
17/04/2022 15:05,5
17/04/2022 15:04,3
17/04/2022 15:01,5
17/04/2022 14:59,1
17/04/2022 14:57,1
17/04/2022 14:53,1
17/04/2022 14:52,5
17/04/2022 14:52,5
17/04/2022 14:48,5
17/04/2022 14:48,5
17/04/2022 14:47,5
17/04/2022 14:46,2
17/04/2022 14:45,5
17/04/2022 14:44,3
17/04/2022 14:40,5
17/04/2022 14:34,1
17/04/2022 14:32,5
17/04/2022 14:30,3
17/04/2022 14:28,1
17/04/2022 14:27,3
17/04/2022 14:27,2
17/04/2022 14:26,4
17/04/2022 14:25,1
17/04/2022 14:24,5
17/04/2022 14:23,4
17/04/2022 14:22,4
17/04/2022 14:21,3
17/04/2022 14:20,1
17/04/2022 14:20,1
17/04/2022 14:20,1
17/04/2022 14:12,1
17/04/2022 14:10,3
17/04/2022 14:10,1
17/04/2022 14:09,4
17/04/2022 14:08,4
17/04/2022 14:08,5
17/04/2022 14:06,4
17/04/2022 14:05,1
17/04/2022 14:04,1
17/04/2022 14:02,5
17/04/2022 13:59,1
17/04/2022 13:58,1
17/04/2022 13:54,5
17/04/2022 13:52,5
17/04/2022 13:51,1
17/04/2022 13:50,1
17/04/2022 13:46,3
17/04/2022 13:46,5
17/04/2022 13:39,1
17/04/2022 13:38,5
17/04/2022 13:36,3
17/04/2022 13:34,4
17/04/2022 13:31,2
17/04/2022 13:29,1
17/04/2022 13:19,1
17/04/2022 13:18,4
17/04/2022 13:17,5
17/04/2022 13:08,1
17/04/2022 13:05,3
17/04/2022 13:02,4
17/04/2022 13:01,2
17/04/2022 12:56,1
17/04/2022 12:54,5
17/04/2022 12:53,1
17/04/2022 12:53,5
17/04/2022 12:42,2
17/04/2022 12:35,1
17/04/2022 12:35,4
17/04/2022 12:22,1
17/04/2022 12:18,2
17/04/2022 12:17,5
17/04/2022 12:16,1
17/04/2022 12:06,3
17/04/2022 12:04,5
17/04/2022 11:57,5
17/04/2022 11:57,5
17/04/2022 11:55,5
17/04/2022 11:53,3
17/04/2022 11:45,1
17/04/2022 11:45,1
17/04/2022 11:45,3
17/04/2022 11:45,2
17/04/2022 11:40,2
17/04/2022 11:38,3
17/04/2022 11:29,1
17/04/2022 11:29,1
17/04/2022 11:28,1
17/04/2022 11:24,1
17/04/2022 11:21,4
17/04/2022 11:19,5
17/04/2022 11:18,5
17/04/2022 11:17,1
17/04/2022 11:17,4
17/04/2022 11:14,1
17/04/2022 11:10,4
17/04/2022 11:08,1
17/04/2022 11:06,4
17/04/2022 11:02,5
17/04/2022 10:58,1
17/04/2022 10:53,4
17/04/2022 10:53,5
17/04/2022 10:52,5
17/04/2022 10:49,1
17/04/2022 10:41,5
17/04/2022 10:39,1
17/04/2022 10:37,1
17/04/2022 10:31,1
17/04/2022 10:23,5
17/04/2022 10:20,1
17/04/2022 10:17,1
17/04/2022 10:11,1
17/04/2022 10:11,1
17/04/2022 10:08,1
17/04/2022 10:07,5
17/04/2022 10:07,5
17/04/2022 10:02,5
17/04/2022 10:00,5
17/04/2022 09:46,1
17/04/2022 09:41,3
17/04/2022 09:41,3
17/04/2022 09:39,1
17/04/2022 09:34,5
17/04/2022 09:26,1
17/04/2022 09:23,2
17/04/2022 09:22,5
17/04/2022 09:21,2
17/04/2022 09:14,2
17/04/2022 09:09,1
17/04/2022 09:06,1
17/04/2022 09:03,2
17/04/2022 09:02,5
17/04/2022 09:01,2
17/04/2022 09:00,5
17/04/2022 08:59,4
17/04/2022 08:59,1
17/04/2022 08:59,1
17/04/2022 08:58,5
17/04/2022 08:57,2
17/04/2022 08:57,5
17/04/2022 08:56,2
17/04/2022 08:52,5
17/04/2022 08:51,2
17/04/2022 08:50,3
17/04/2022 08:48,3
17/04/2022 08:46,3
17/04/2022 08:41,5
17/04/2022 08:35,2
17/04/2022 08:28,5
17/04/2022 08:26,5
17/04/2022 08:18,4
17/04/2022 08:02,1
17/04/2022 08:02,2
17/04/2022 07:49,4
17/04/2022 07:44,1
17/04/2022 07:37,5
17/04/2022 07:32,2
17/04/2022 07:31,4
17/04/2022 07:28,3
17/04/2022 07:28,1
17/04/2022 07:26,1
17/04/2022 07:21,1
17/04/2022 07:18,5
17/04/2022 07:15,1
17/04/2022 07:10,1
17/04/2022 06:57,5
17/04/2022 06:55,1
17/04/2022 06:46,1
17/04/2022 06:44,5
17/04/2022 06:40,4
17/04/2022 06:34,4
17/04/2022 06:25,1
17/04/2022 06:20,1
17/04/2022 06:18,1
17/04/2022 06:15,1
17/04/2022 06:13,2
17/04/2022 06:10,3
17/04/2022 06:01,5
17/04/2022 05:54,5
17/04/2022 05:53,1
17/04/2022 05:53,1
17/04/2022 05:51,2
17/04/2022 05:50,2
17/04/2022 05:49,5
17/04/2022 05:48,5
17/04/2022 05:45,3
17/04/2022 05:43,5
17/04/2022 05:37,5
17/04/2022 05:35,4
17/04/2022 05:35,5
17/04/2022 05:33,1
17/04/2022 05:32,4
17/04/2022 05:29,5
17/04/2022 05:27,5
17/04/2022 05:27,5
17/04/2022 05:23,3
17/04/2022 05:21,5
17/04/2022 05:19,5
17/04/2022 05:18,1
17/04/2022 05:17,2
17/04/2022 05:15,3
17/04/2022 05:11,2
17/04/2022 05:11,5
17/04/2022 05:06,2
17/04/2022 05:01,5
17/04/2022 04:59,5
17/04/2022 04:57,4
17/04/2022 04:54,1
17/04/2022 04:54,2
17/04/2022 04:36,1
17/04/2022 04:34,1
17/04/2022 04:34,3
17/04/2022 04:33,3
17/04/2022 04:33,5
17/04/2022 04:32,3
17/04/2022 04:31,5
17/04/2022 04:23,5
17/04/2022 04:12,5
17/04/2022 04:11,5
17/04/2022 04:09,2
17/04/2022 04:08,1
17/04/2022 04:07,2
17/04/2022 04:03,4
17/04/2022 03:59,1
17/04/2022 03:57,5
17/04/2022 03:56,5
17/04/2022 03:54,5
17/04/2022 03:40,3
17/04/2022 03:38,5
17/04/2022 03:38,1
17/04/2022 03:36,5
17/04/2022 03:32,1
17/04/2022 03:25,3
17/04/2022 03:24,5
17/04/2022 03:22,5
17/04/2022 03:20,1
17/04/2022 03:19,1
17/04/2022 03:19,3
17/04/2022 03:18,1
17/04/2022 03:12,4
17/04/2022 03:02,4
17/04/2022 02:58,5
17/04/2022 02:58,1
17/04/2022 02:53,5
17/04/2022 02:49,1
17/04/2022 02:48,2
17/04/2022 02:47,3
17/04/2022 02:43,5
17/04/2022 02:42,4
17/04/2022 02:39,2
17/04/2022 02:32,5
17/04/2022 02:29,3
17/04/2022 02:29,5
17/04/2022 02:18,1
17/04/2022 02:14,4
17/04/2022 02:13,2
17/04/2022 02:13,2
17/04/2022 02:09,1
17/04/2022 02:02,5
17/04/2022 01:56,2
17/04/2022 01:51,1
17/04/2022 01:49,1
17/04/2022 01:48,5
17/04/2022 01:48,4
17/04/2022 01:41,2
17/04/2022 01:40,4
17/04/2022 01:38,2
17/04/2022 01:38,5
17/04/2022 01:32,2
17/04/2022 01:31,4
17/04/2022 01:23,5
17/04/2022 01:23,3
17/04/2022 01:20,5
17/04/2022 01:20,1
17/04/2022 01:18,1
17/04/2022 01:17,1
17/04/2022 01:16,1
17/04/2022 01:12,1
17/04/2022 01:10,3
17/04/2022 01:08,5
17/04/2022 01:05,1
17/04/2022 01:03,4
17/04/2022 00:59,5
17/04/2022 00:59,5
17/04/2022 00:55,2
17/04/2022 00:54,3
17/04/2022 00:54,3
17/04/2022 00:51,1
17/04/2022 00:49,5
17/04/2022 00:42,1
17/04/2022 00:41,2
17/04/2022 00:41,4
17/04/2022 00:36,5
17/04/2022 00:35,5
17/04/2022 00:33,5
17/04/2022 00:32,3
17/04/2022 00:31,5
17/04/2022 00:29,5
17/04/2022 00:28,3
17/04/2022 00:23,2
17/04/2022 00:20,3
17/04/2022 00:16,5
17/04/2022 00:16,3
17/04/2022 00:11,5
17/04/2022 00:05,5
17/04/2022 00:01,3
16/04/2022 23:44,5
16/04/2022 23:32,1
16/04/2022 23:31,1
16/04/2022 23:30,1
16/04/2022 23:27,3
16/04/2022 23:26,2
16/04/2022 23:23,2
16/04/2022 23:13,2
16/04/2022 23:05,1
16/04/2022 23:04,4
16/04/2022 23:03,1
16/04/2022 22:55,1
16/04/2022 22:55,1
16/04/2022 22:53,1
16/04/2022 22:52,2
16/04/2022 22:49,1
16/04/2022 22:39,5
16/04/2022 22:37,1
16/04/2022 22:37,2
16/04/2022 22:32,3
16/04/2022 22:32,3
16/04/2022 22:31,1
16/04/2022 22:26,1
16/04/2022 22:17,5
16/04/2022 22:07,1
16/04/2022 22:07,2
16/04/2022 21:57,2
16/04/2022 21:56,5
16/04/2022 21:56,2
16/04/2022 21:54,1
16/04/2022 21:52,3
16/04/2022 21:52,5
16/04/2022 21:52,5
16/04/2022 21:42,4
16/04/2022 21:41,1
16/04/2022 21:39,1
16/04/2022 21:37,2
16/04/2022 21:29,1
16/04/2022 21:25,5
16/04/2022 21:23,5
16/04/2022 21:21,2
16/04/2022 21:19,1
16/04/2022 21:17,1
16/04/2022 21:17,5
16/04/2022 21:17,1
16/04/2022 21:14,1
16/04/2022 21:08,5
16/04/2022 21:07,3
16/04/2022 21:04,2
16/04/2022 21:02,1
16/04/2022 21:01,4
16/04/2022 20:59,3
16/04/2022 20:57,5
16/04/2022 20:55,3
16/04/2022 20:43,5
16/04/2022 20:40,1
16/04/2022 20:40,3
16/04/2022 20:37,5
16/04/2022 20:37,3
16/04/2022 20:32,1
16/04/2022 20:31,3
16/04/2022 20:28,2
16/04/2022 20:25,4
16/04/2022 20:22,1
16/04/2022 20:19,5
16/04/2022 20:16,4
16/04/2022 20:14,1
16/04/2022 20:14,5
16/04/2022 20:14,1
16/04/2022 20:12,1
16/04/2022 20:11,5
16/04/2022 20:11,3
16/04/2022 20:10,5
16/04/2022 20:10,5
16/04/2022 20:08,5
16/04/2022 20:07,2
16/04/2022 20:01,4
16/04/2022 20:00,3
16/04/2022 19:55,2
16/04/2022 19:51,1
16/04/2022 19:50,3
16/04/2022 19:45,1
16/04/2022 19:44,5
16/04/2022 19:44,3
16/04/2022 19:42,5
16/04/2022 19:39,1
16/04/2022 19:36,4
16/04/2022 19:36,2
16/04/2022 19:36,5
16/04/2022 19:35,4
16/04/2022 19:33,1
16/04/2022 19:31,1
16/04/2022 19:28,5
16/04/2022 19:28,5
16/04/2022 19:27,1
16/04/2022 19:26,5
16/04/2022 19:22,4
16/04/2022 19:21,4
16/04/2022 19:19,2
16/04/2022 19:17,1
16/04/2022 19:13,1
16/04/2022 19:13,3
16/04/2022 19:11,1
16/04/2022 19:06,3
16/04/2022 19:03,1
16/04/2022 19:00,5
16/04/2022 18:57,5
16/04/2022 18:50,1
16/04/2022 18:50,4
16/04/2022 18:37,5
16/04/2022 18:32,3
16/04/2022 18:32,1
16/04/2022 18:30,2
16/04/2022 18:27,2
16/04/2022 18:24,5
16/04/2022 18:23,3
16/04/2022 18:22,5
16/04/2022 18:17,3
16/04/2022 18:16,2
16/04/2022 18:16,3
16/04/2022 18:15,5
16/04/2022 18:14,3
16/04/2022 18:12,1
16/04/2022 18:11,1
16/04/2022 18:06,3
16/04/2022 18:03,2
16/04/2022 18:03,1
16/04/2022 18:02,1
16/04/2022 18:02,4
16/04/2022 18:00,5
16/04/2022 17:59,1
16/04/2022 17:56,1
16/04/2022 17:53,2
16/04/2022 17:50,4
16/04/2022 17:44,5
16/04/2022 17:44,5
16/04/2022 17:44,5
16/04/2022 17:43,5
16/04/2022 17:30,5
16/04/2022 17:30,3
16/04/2022 17:20,1
16/04/2022 17:18,2
16/04/2022 17:18,5
16/04/2022 17:14,5
16/04/2022 17:14,1
16/04/2022 17:11,2
16/04/2022 17:11,3
16/04/2022 17:11,5
16/04/2022 17:09,2
16/04/2022 17:08,2
16/04/2022 17:07,2
16/04/2022 17:06,5
16/04/2022 17:05,1
16/04/2022 17:00,4
16/04/2022 17:00,1
16/04/2022 16:59,5
16/04/2022 16:56,4
16/04/2022 16:49,5
16/04/2022 16:46,5
16/04/2022 16:44,5
16/04/2022 16:43,1
16/04/2022 16:42,1
16/04/2022 16:38,1
16/04/2022 16:38,5
16/04/2022 16:36,1
16/04/2022 16:35,3
16/04/2022 16:35,5
16/04/2022 16:32,5
16/04/2022 16:30,5
16/04/2022 16:29,5
16/04/2022 16:28,2
16/04/2022 16:28,1
16/04/2022 16:26,5
16/04/2022 16:25,5
16/04/2022 16:23,4
16/04/2022 16:22,4
16/04/2022 16:22,1
16/04/2022 16:15,3
16/04/2022 16:11,1
16/04/2022 16:11,1
16/04/2022 16:07,1
16/04/2022 16:05,1
16/04/2022 16:03,1
16/04/2022 16:02,1
16/04/2022 16:01,2
16/04/2022 15:56,1
16/04/2022 15:55,4
16/04/2022 15:54,1
16/04/2022 15:52,3
16/04/2022 15:52,1
16/04/2022 15:51,4
16/04/2022 15:50,1
16/04/2022 15:48,1
16/04/2022 15:44,5
16/04/2022 15:43,1
16/04/2022 15:41,1
16/04/2022 15:41,3
16/04/2022 15:39,2
16/04/2022 15:37,1
16/04/2022 15:36,2
16/04/2022 15:30,2
16/04/2022 15:30,4
16/04/2022 15:28,4
16/04/2022 15:28,5
16/04/2022 15:28,1
16/04/2022 15:27,5
16/04/2022 15:24,4
16/04/2022 15:23,5
16/04/2022 15:21,3
16/04/2022 15:20,4
16/04/2022 15:20,3
16/04/2022 15:17,2
16/04/2022 15:17,2
16/04/2022 15:08,3
16/04/2022 15:08,5
16/04/2022 15:05,5
16/04/2022 15:00,3
16/04/2022 14:59,1
16/04/2022 14:59,3
16/04/2022 14:56,5
16/04/2022 14:54,3
16/04/2022 14:50,2
16/04/2022 14:47,2
16/04/2022 14:47,5
16/04/2022 14:46,5
16/04/2022 14:46,5
16/04/2022 14:44,2
16/04/2022 14:43,3
16/04/2022 14:41,1
16/04/2022 14:41,5
16/04/2022 14:40,5
16/04/2022 14:38,5
16/04/2022 14:38,5
16/04/2022 14:36,4
16/04/2022 14:35,3
16/04/2022 14:32,2
16/04/2022 14:32,4
16/04/2022 14:31,5
16/04/2022 14:29,3
16/04/2022 14:28,1
16/04/2022 14:24,2
16/04/2022 14:23,5
16/04/2022 14:21,5
16/04/2022 14:20,1
16/04/2022 14:17,3
16/04/2022 14:16,3
16/04/2022 14:15,4
16/04/2022 14:10,1
16/04/2022 14:07,4
16/04/2022 14:01,5
16/04/2022 13:59,1
16/04/2022 13:58,1
16/04/2022 13:57,5
16/04/2022 13:56,3
16/04/2022 13:55,5
16/04/2022 13:54,1
16/04/2022 13:54,1
16/04/2022 13:54,3
16/04/2022 13:48,5
16/04/2022 13:47,5
16/04/2022 13:44,5
16/04/2022 13:40,1
16/04/2022 13:38,1
16/04/2022 13:38,3
16/04/2022 13:37,1
16/04/2022 13:36,1
16/04/2022 13:35,1
16/04/2022 13:30,4
16/04/2022 13:28,3
16/04/2022 13:28,1
16/04/2022 13:14,1
16/04/2022 13:09,1
16/04/2022 13:08,1
16/04/2022 13:08,2
16/04/2022 13:05,5
16/04/2022 13:04,1
16/04/2022 12:59,5
16/04/2022 12:58,1
16/04/2022 12:57,3
16/04/2022 12:52,4
16/04/2022 12:51,3
16/04/2022 12:51,2
16/04/2022 12:44,5
16/04/2022 12:39,1
16/04/2022 12:38,1
16/04/2022 12:35,4
16/04/2022 12:33,4
16/04/2022 12:31,5
16/04/2022 12:31,4
16/04/2022 12:29,5
16/04/2022 12:28,3
16/04/2022 12:27,5
16/04/2022 12:21,3
16/04/2022 12:16,2
16/04/2022 12:13,1
16/04/2022 12:07,1
16/04/2022 12:05,2
16/04/2022 12:03,1
16/04/2022 12:02,4
16/04/2022 12:01,4
16/04/2022 11:58,5
16/04/2022 11:54,5
16/04/2022 11:53,5
16/04/2022 11:50,5
16/04/2022 11:49,1
16/04/2022 11:47,3
16/04/2022 11:47,1
16/04/2022 11:42,1
16/04/2022 11:40,1
16/04/2022 11:38,5
16/04/2022 11:33,5
16/04/2022 11:33,3
16/04/2022 11:30,5
16/04/2022 11:29,5
16/04/2022 11:25,3
16/04/2022 11:23,2
16/04/2022 11:22,3
16/04/2022 11:20,5
16/04/2022 11:18,1
16/04/2022 11:11,4
16/04/2022 11:11,2
16/04/2022 11:08,5
16/04/2022 11:04,1
16/04/2022 11:01,2
16/04/2022 11:00,1
16/04/2022 10:59,3
16/04/2022 10:53,2
16/04/2022 10:52,2
16/04/2022 10:45,5
16/04/2022 10:43,3
16/04/2022 10:41,1
16/04/2022 10:34,5
16/04/2022 10:34,5
16/04/2022 10:31,5
16/04/2022 10:29,2
16/04/2022 10:29,1
16/04/2022 10:27,5
16/04/2022 10:24,1
16/04/2022 10:20,5
16/04/2022 10:12,2
16/04/2022 10:10,1
16/04/2022 10:07,5
16/04/2022 10:01,1
16/04/2022 10:01,3
16/04/2022 10:00,1
16/04/2022 09:59,5
16/04/2022 09:57,1
16/04/2022 09:56,5
16/04/2022 09:54,1
16/04/2022 09:53,5
16/04/2022 09:52,1
16/04/2022 09:49,5
16/04/2022 09:47,2
16/04/2022 09:41,2
16/04/2022 09:34,1
16/04/2022 09:23,5
16/04/2022 09:21,1
16/04/2022 09:19,2
16/04/2022 09:18,5
16/04/2022 09:13,2
16/04/2022 09:11,1
16/04/2022 09:05,5
16/04/2022 08:51,5
16/04/2022 08:46,1
16/04/2022 08:44,4
16/04/2022 08:38,5
16/04/2022 08:38,1
16/04/2022 08:37,3
16/04/2022 08:35,1
16/04/2022 08:34,1
16/04/2022 08:33,1
16/04/2022 08:31,4
16/04/2022 08:31,5
16/04/2022 08:24,1
16/04/2022 08:21,1
16/04/2022 08:19,3
16/04/2022 08:19,4
16/04/2022 08:15,4
16/04/2022 08:14,5
16/04/2022 08:14,5
16/04/2022 08:07,3
16/04/2022 08:05,5
16/04/2022 08:04,3
16/04/2022 08:03,5
16/04/2022 07:58,2
16/04/2022 07:56,1
16/04/2022 07:56,1
16/04/2022 07:55,4
16/04/2022 07:53,1
16/04/2022 07:52,4
16/04/2022 07:50,2
16/04/2022 07:50,1
16/04/2022 07:50,2
16/04/2022 07:49,3
16/04/2022 07:49,4
16/04/2022 07:49,1
16/04/2022 07:46,1
16/04/2022 07:39,1
16/04/2022 07:25,5
16/04/2022 07:23,1
16/04/2022 07:22,5
16/04/2022 07:22,4
16/04/2022 07:21,5
16/04/2022 07:18,4
16/04/2022 07:17,1
16/04/2022 07:12,5
16/04/2022 07:08,1
16/04/2022 07:07,4
16/04/2022 07:07,5
16/04/2022 07:05,5
16/04/2022 06:59,2
16/04/2022 06:56,5
16/04/2022 06:49,1
16/04/2022 06:45,1
16/04/2022 06:45,2
16/04/2022 06:43,1
16/04/2022 06:41,5
16/04/2022 06:29,5
16/04/2022 06:28,5
16/04/2022 06:28,1
16/04/2022 06:26,5
16/04/2022 06:25,3
16/04/2022 06:22,3
16/04/2022 06:14,2
16/04/2022 06:14,1
16/04/2022 06:11,1
16/04/2022 06:08,2
16/04/2022 06:07,3
16/04/2022 06:03,5
16/04/2022 05:50,1
16/04/2022 05:50,5
16/04/2022 05:47,2
16/04/2022 05:45,1
16/04/2022 05:40,1
16/04/2022 05:37,1
16/04/2022 05:37,5
16/04/2022 05:36,5
16/04/2022 05:29,2
16/04/2022 05:28,1
16/04/2022 05:24,5
16/04/2022 05:24,4
16/04/2022 05:24,2
16/04/2022 05:19,3
16/04/2022 05:16,5
16/04/2022 05:13,5
16/04/2022 05:12,4
16/04/2022 05:04,5
16/04/2022 05:04,5
16/04/2022 05:01,4
16/04/2022 05:01,5
16/04/2022 05:01,2
16/04/2022 04:58,5
16/04/2022 04:54,1
16/04/2022 04:54,3
16/04/2022 04:51,5
16/04/2022 04:44,4
16/04/2022 04:41,5
16/04/2022 04:40,5
16/04/2022 04:40,5
16/04/2022 04:36,1
16/04/2022 04:34,1
16/04/2022 04:30,4
16/04/2022 04:29,1
16/04/2022 04:28,5
16/04/2022 04:28,5
16/04/2022 04:25,1
16/04/2022 04:22,1
16/04/2022 04:21,5
16/04/2022 04:20,3
16/04/2022 04:15,3
16/04/2022 04:15,4
16/04/2022 04:11,1
16/04/2022 04:11,5
16/04/2022 04:08,3
16/04/2022 04:02,3
16/04/2022 03:56,5
16/04/2022 03:55,3
16/04/2022 03:52,1
16/04/2022 03:52,1
16/04/2022 03:48,3
16/04/2022 03:46,1
16/04/2022 03:42,1
16/04/2022 03:35,1
16/04/2022 03:30,2
16/04/2022 03:28,1
16/04/2022 03:25,5
16/04/2022 03:24,1
16/04/2022 03:19,1
16/04/2022 03:19,1
16/04/2022 03:17,5
16/04/2022 03:17,2
16/04/2022 03:15,3
16/04/2022 03:15,5
16/04/2022 03:13,5
16/04/2022 03:12,2
16/04/2022 03:08,5
16/04/2022 03:07,5
16/04/2022 03:04,3
16/04/2022 03:02,1
16/04/2022 03:01,3
16/04/2022 03:01,1
16/04/2022 02:54,1
16/04/2022 02:54,3
16/04/2022 02:49,5
16/04/2022 02:45,1
16/04/2022 02:41,4
16/04/2022 02:37,3
16/04/2022 02:37,1
16/04/2022 02:34,1
16/04/2022 02:29,5
16/04/2022 02:27,5
16/04/2022 02:26,4
16/04/2022 02:23,1
16/04/2022 02:20,3
16/04/2022 02:14,2
16/04/2022 02:09,3
16/04/2022 02:09,5
16/04/2022 02:07,5
16/04/2022 02:06,3
16/04/2022 02:05,1
16/04/2022 02:04,1
16/04/2022 02:03,1
16/04/2022 02:02,5
16/04/2022 01:59,1
16/04/2022 01:59,2
16/04/2022 01:56,3
16/04/2022 01:52,5
16/04/2022 01:52,2
16/04/2022 01:51,2
16/04/2022 01:50,3
16/04/2022 01:40,5
16/04/2022 01:34,5
16/04/2022 01:30,2
16/04/2022 01:27,1
16/04/2022 01:20,5
16/04/2022 01:17,1
16/04/2022 01:15,5
16/04/2022 01:15,1
16/04/2022 01:09,5
16/04/2022 01:09,1
16/04/2022 01:08,1
16/04/2022 01:02,3
16/04/2022 01:01,1
16/04/2022 00:58,1
16/04/2022 00:58,2
16/04/2022 00:57,5
16/04/2022 00:53,5
16/04/2022 00:52,1
16/04/2022 00:51,5
16/04/2022 00:50,1
16/04/2022 00:48,1
16/04/2022 00:46,4
16/04/2022 00:40,1
16/04/2022 00:33,1
16/04/2022 00:31,5
16/04/2022 00:31,1
16/04/2022 00:31,5
16/04/2022 00:29,5
16/04/2022 00:24,1
16/04/2022 00:24,2
16/04/2022 00:15,3
16/04/2022 00:15,5
16/04/2022 00:13,2
16/04/2022 00:10,5
16/04/2022 00:09,2
16/04/2022 00:07,1
15/04/2022 23:57,5
15/04/2022 23:54,4
15/04/2022 23:54,1
15/04/2022 23:51,1
15/04/2022 23:50,4
15/04/2022 23:49,1
15/04/2022 23:47,1
15/04/2022 23:45,2
15/04/2022 23:39,3
15/04/2022 23:39,4
15/04/2022 23:38,1
15/04/2022 23:34,3
15/04/2022 23:34,1
15/04/2022 23:32,1
15/04/2022 23:30,5
15/04/2022 23:24,1
15/04/2022 23:22,1
15/04/2022 23:15,5
15/04/2022 23:15,1
15/04/2022 23:11,4
15/04/2022 23:10,1
15/04/2022 23:10,3
15/04/2022 23:09,1
15/04/2022 23:08,1
15/04/2022 23:08,1
15/04/2022 23:07,1
15/04/2022 23:04,2
15/04/2022 23:02,5
15/04/2022 23:02,3
15/04/2022 23:00,2
15/04/2022 22:59,2
15/04/2022 22:59,5
15/04/2022 22:53,1
15/04/2022 22:53,3
15/04/2022 22:49,2
15/04/2022 22:44,5
15/04/2022 22:37,5
15/04/2022 22:36,1
15/04/2022 22:28,5
15/04/2022 22:25,4
15/04/2022 22:25,4
15/04/2022 22:24,3
15/04/2022 22:18,5
15/04/2022 22:18,2
15/04/2022 22:16,1
15/04/2022 22:15,2
15/04/2022 22:14,3
15/04/2022 22:14,5
15/04/2022 22:11,1
15/04/2022 22:02,2
15/04/2022 22:01,2
15/04/2022 21:59,1
15/04/2022 21:58,1
15/04/2022 21:53,1
15/04/2022 21:51,2
15/04/2022 21:49,2
15/04/2022 21:47,1
15/04/2022 21:40,3
15/04/2022 21:39,1
15/04/2022 21:34,3
15/04/2022 21:27,3
15/04/2022 21:23,3
15/04/2022 21:19,3
15/04/2022 21:14,5
15/04/2022 21:13,5
15/04/2022 21:12,5
15/04/2022 21:12,1
15/04/2022 21:08,1
15/04/2022 21:06,4
15/04/2022 21:05,5
15/04/2022 21:03,1
15/04/2022 21:01,5
15/04/2022 20:59,2
15/04/2022 20:57,5
15/04/2022 20:57,1
15/04/2022 20:57,4
15/04/2022 20:56,4
15/04/2022 20:53,2
15/04/2022 20:49,3
15/04/2022 20:48,1
15/04/2022 20:44,4
15/04/2022 20:38,1
15/04/2022 20:37,1
15/04/2022 20:34,4
15/04/2022 20:32,1
15/04/2022 20:29,3
15/04/2022 20:26,5
15/04/2022 20:20,1
15/04/2022 20:20,5
15/04/2022 20:20,5
15/04/2022 20:17,5
15/04/2022 20:10,5
15/04/2022 20:09,5
15/04/2022 20:03,1
15/04/2022 20:02,1
15/04/2022 19:57,1
15/04/2022 19:54,1
15/04/2022 19:46,1
15/04/2022 19:45,1
15/04/2022 19:44,1
15/04/2022 19:44,1
15/04/2022 19:41,1
15/04/2022 19:37,1
15/04/2022 19:36,5
15/04/2022 19:33,1
15/04/2022 19:31,3
15/04/2022 19:31,5
15/04/2022 19:22,1
15/04/2022 19:20,1
15/04/2022 19:20,4
15/04/2022 19:17,4
15/04/2022 19:15,1
15/04/2022 19:15,5
15/04/2022 19:14,1
15/04/2022 19:14,1
15/04/2022 19:11,5
15/04/2022 19:10,1
15/04/2022 19:08,2
15/04/2022 18:56,1
15/04/2022 18:56,4
15/04/2022 18:50,1
15/04/2022 18:50,4
15/04/2022 18:43,1
15/04/2022 18:42,5
15/04/2022 18:42,2
15/04/2022 18:36,1
15/04/2022 18:34,4
15/04/2022 18:30,1
15/04/2022 18:29,1
15/04/2022 18:25,3
15/04/2022 18:24,5
15/04/2022 18:22,1
15/04/2022 18:21,2
15/04/2022 18:21,5
15/04/2022 18:19,1
15/04/2022 18:18,5
15/04/2022 18:07,4
15/04/2022 17:56,2
15/04/2022 17:54,1
15/04/2022 17:54,5
15/04/2022 17:53,4
15/04/2022 17:53,2
15/04/2022 17:51,1
15/04/2022 17:51,1
15/04/2022 17:50,2
15/04/2022 17:47,3
15/04/2022 17:45,1
15/04/2022 17:45,5
15/04/2022 17:43,2
15/04/2022 17:42,2
15/04/2022 17:41,1
15/04/2022 17:38,3
15/04/2022 17:37,1
15/04/2022 17:37,2
15/04/2022 17:34,3
15/04/2022 17:31,2
15/04/2022 17:31,1
15/04/2022 17:31,4
15/04/2022 17:28,1
15/04/2022 17:28,5
15/04/2022 17:27,2
15/04/2022 17:24,2
15/04/2022 17:22,1
15/04/2022 17:21,5
15/04/2022 17:17,5
15/04/2022 17:17,3
15/04/2022 17:15,4
15/04/2022 17:11,3
15/04/2022 17:11,1
15/04/2022 17:11,2
15/04/2022 17:10,1
15/04/2022 17:07,3
15/04/2022 17:06,5
15/04/2022 17:05,4
15/04/2022 17:04,1
15/04/2022 17:03,2
15/04/2022 17:03,4
15/04/2022 17:01,1
15/04/2022 17:00,1
15/04/2022 16:59,1
15/04/2022 16:57,1
15/04/2022 16:57,4
15/04/2022 16:55,5
15/04/2022 16:51,2
15/04/2022 16:50,4
15/04/2022 16:46,5
15/04/2022 16:46,1
15/04/2022 16:45,4
15/04/2022 16:43,2
15/04/2022 16:42,1
15/04/2022 16:41,1
15/04/2022 16:40,1
15/04/2022 16:37,3
15/04/2022 16:33,2
15/04/2022 16:33,1
15/04/2022 16:32,4
15/04/2022 16:32,5
15/04/2022 16:32,1
15/04/2022 16:28,2
15/04/2022 16:27,1
15/04/2022 16:27,2
15/04/2022 16:22,1
15/04/2022 16:22,2
15/04/2022 16:18,4
15/04/2022 16:18,2
15/04/2022 16:12,5
15/04/2022 16:12,2
15/04/2022 16:12,1
15/04/2022 16:10,1
15/04/2022 16:08,3
15/04/2022 16:07,1
15/04/2022 16:07,1
15/04/2022 16:07,3
15/04/2022 16:05,1
15/04/2022 15:59,4
15/04/2022 15:57,5
15/04/2022 15:57,3
15/04/2022 15:57,1
15/04/2022 15:53,1
15/04/2022 15:52,3
15/04/2022 15:52,1
15/04/2022 15:51,4
15/04/2022 15:47,4
15/04/2022 15:46,5
15/04/2022 15:45,1
15/04/2022 15:44,1
15/04/2022 15:44,5
15/04/2022 15:43,2
15/04/2022 15:43,3
15/04/2022 15:43,5
15/04/2022 15:43,3
15/04/2022 15:43,2
15/04/2022 15:41,2
15/04/2022 15:40,2
15/04/2022 15:40,3
15/04/2022 15:38,1
15/04/2022 15:37,1
15/04/2022 15:37,2
15/04/2022 15:37,3
15/04/2022 15:36,1
15/04/2022 15:34,5
15/04/2022 15:28,5
15/04/2022 15:27,5
15/04/2022 15:25,4
15/04/2022 15:25,1
15/04/2022 15:23,1
15/04/2022 15:21,1
15/04/2022 15:21,2
15/04/2022 15:21,3
15/04/2022 15:19,4
15/04/2022 15:16,1
15/04/2022 15:13,1
15/04/2022 15:12,2
15/04/2022 15:11,1
15/04/2022 15:06,5
15/04/2022 15:05,3
15/04/2022 15:05,5
15/04/2022 15:04,3
15/04/2022 15:04,3
15/04/2022 15:01,2
15/04/2022 15:01,4
15/04/2022 15:01,1
15/04/2022 14:56,5
15/04/2022 14:53,5
15/04/2022 14:52,5
15/04/2022 14:52,1
15/04/2022 14:48,5
15/04/2022 14:47,1
15/04/2022 14:46,1
15/04/2022 14:45,1
15/04/2022 14:41,5
15/04/2022 14:41,4
15/04/2022 14:38,3
15/04/2022 14:36,1
15/04/2022 14:36,5
15/04/2022 14:32,5
15/04/2022 14:26,1
15/04/2022 14:17,2
15/04/2022 14:16,1
15/04/2022 14:15,1
15/04/2022 14:14,1
15/04/2022 14:10,5
15/04/2022 14:10,2
15/04/2022 13:59,5
15/04/2022 13:59,2
15/04/2022 13:56,5
15/04/2022 13:56,1
15/04/2022 13:56,1
15/04/2022 13:54,2
15/04/2022 13:52,1
15/04/2022 13:52,5
15/04/2022 13:48,1
15/04/2022 13:47,1
15/04/2022 13:45,2
15/04/2022 13:42,2
15/04/2022 13:41,1
15/04/2022 13:40,3
15/04/2022 13:33,5
15/04/2022 13:32,3
15/04/2022 13:30,3
15/04/2022 13:28,5
15/04/2022 13:26,1
15/04/2022 13:22,1
15/04/2022 13:20,2
15/04/2022 13:20,1
15/04/2022 13:18,4
15/04/2022 13:15,2
15/04/2022 13:13,2
15/04/2022 13:11,1
15/04/2022 13:10,2
15/04/2022 13:09,1
15/04/2022 13:08,5
15/04/2022 13:07,1
15/04/2022 13:05,2
15/04/2022 13:04,5
15/04/2022 13:01,3
15/04/2022 13:00,1
15/04/2022 13:00,5
15/04/2022 12:58,1
15/04/2022 12:56,2
15/04/2022 12:54,2
15/04/2022 12:54,3
15/04/2022 12:54,5
15/04/2022 12:48,4
15/04/2022 12:47,5
15/04/2022 12:42,2
15/04/2022 12:41,5
15/04/2022 12:40,5
15/04/2022 12:39,5
15/04/2022 12:35,1
15/04/2022 12:31,2
15/04/2022 12:30,1
15/04/2022 12:29,2
15/04/2022 12:28,5
15/04/2022 12:25,3
15/04/2022 12:23,1
15/04/2022 12:22,4
15/04/2022 12:20,2
15/04/2022 12:20,4
15/04/2022 12:19,2
15/04/2022 12:17,5
15/04/2022 12:16,2
15/04/2022 12:13,3
15/04/2022 12:13,5
15/04/2022 12:12,1
15/04/2022 12:11,1
15/04/2022 12:04,1
15/04/2022 12:04,2
15/04/2022 12:03,2
15/04/2022 11:59,1
15/04/2022 11:58,1
15/04/2022 11:57,1
15/04/2022 11:57,5
15/04/2022 11:55,1
15/04/2022 11:54,4
15/04/2022 11:52,4
15/04/2022 11:49,1
15/04/2022 11:47,1
15/04/2022 11:44,3
15/04/2022 11:43,1
15/04/2022 11:38,5
15/04/2022 11:38,5
15/04/2022 11:38,1
15/04/2022 11:37,2
15/04/2022 11:32,2
15/04/2022 11:31,1
15/04/2022 11:30,5
15/04/2022 11:27,5
15/04/2022 11:27,1
15/04/2022 11:25,1
15/04/2022 11:23,2
15/04/2022 11:21,5
15/04/2022 11:19,2
15/04/2022 11:18,4
15/04/2022 11:17,3
15/04/2022 11:16,1
15/04/2022 11:13,3
15/04/2022 11:05,2
15/04/2022 11:03,1
15/04/2022 11:02,2
15/04/2022 11:01,3
15/04/2022 10:57,2
15/04/2022 10:56,1
15/04/2022 10:56,2
15/04/2022 10:55,1
15/04/2022 10:51,2
15/04/2022 10:51,1
15/04/2022 10:48,3
15/04/2022 10:44,1
15/04/2022 10:43,2
15/04/2022 10:41,5
15/04/2022 10:39,1
15/04/2022 10:37,1
15/04/2022 10:30,5
15/04/2022 10:30,1
15/04/2022 10:29,2
15/04/2022 10:23,1
15/04/2022 10:21,2
15/04/2022 10:20,5
15/04/2022 10:18,1
15/04/2022 10:17,3
15/04/2022 10:15,1
15/04/2022 10:13,2
15/04/2022 10:11,4
15/04/2022 10:10,1
15/04/2022 10:09,5
15/04/2022 10:09,2
15/04/2022 10:08,1
15/04/2022 10:08,4
15/04/2022 10:06,1
15/04/2022 10:05,1
15/04/2022 10:05,3
15/04/2022 10:04,1
15/04/2022 10:02,1
15/04/2022 09:59,2
15/04/2022 09:53,1
15/04/2022 09:53,4
15/04/2022 09:50,2
15/04/2022 09:47,1
15/04/2022 09:46,3
15/04/2022 09:45,3
15/04/2022 09:45,4
15/04/2022 09:44,1
15/04/2022 09:44,1
15/04/2022 09:41,1
15/04/2022 09:41,1
15/04/2022 09:39,1
15/04/2022 09:38,4
15/04/2022 09:38,1
15/04/2022 09:37,3
15/04/2022 09:36,2
15/04/2022 09:35,1
15/04/2022 09:28,5
15/04/2022 09:27,5
15/04/2022 09:27,3
15/04/2022 09:27,2
15/04/2022 09:17,1
15/04/2022 09:16,2
15/04/2022 09:15,3
15/04/2022 09:13,2
15/04/2022 09:13,1
15/04/2022 09:10,5
15/04/2022 09:08,1
15/04/2022 09:07,3
15/04/2022 09:06,1
15/04/2022 08:56,4
15/04/2022 08:54,2
15/04/2022 08:53,3
15/04/2022 08:53,4
15/04/2022 08:53,3
15/04/2022 08:53,3
15/04/2022 08:52,1
15/04/2022 08:52,1
15/04/2022 08:50,2
15/04/2022 08:45,1
15/04/2022 08:44,4
15/04/2022 08:43,1
15/04/2022 08:41,1
15/04/2022 08:37,1
15/04/2022 08:35,1
15/04/2022 08:33,1
15/04/2022 08:31,1
15/04/2022 08:27,1
15/04/2022 08:26,3
15/04/2022 08:25,1
15/04/2022 08:22,4
15/04/2022 08:21,5
15/04/2022 08:20,1
15/04/2022 08:12,5
15/04/2022 08:10,5
15/04/2022 08:08,1
15/04/2022 08:05,2
15/04/2022 08:04,5
15/04/2022 08:03,2
15/04/2022 08:00,1
15/04/2022 07:59,3
15/04/2022 07:55,2
15/04/2022 07:54,1
15/04/2022 07:53,2
15/04/2022 07:52,2
15/04/2022 07:51,1
15/04/2022 07:49,1
15/04/2022 07:48,1
15/04/2022 07:43,5
15/04/2022 07:41,4
15/04/2022 07:37,5
15/04/2022 07:37,1
15/04/2022 07:36,1
15/04/2022 07:34,2
15/04/2022 07:34,1
15/04/2022 07:33,5
15/04/2022 07:32,1
15/04/2022 07:32,1
15/04/2022 07:30,1
15/04/2022 07:29,5
15/04/2022 07:27,5
15/04/2022 07:22,3
15/04/2022 07:21,2
15/04/2022 07:18,2
15/04/2022 07:17,2
15/04/2022 07:14,2
15/04/2022 07:14,1
15/04/2022 07:10,3
15/04/2022 07:08,1
15/04/2022 07:06,3
15/04/2022 07:04,1
15/04/2022 06:56,2
15/04/2022 06:49,1
15/04/2022 06:48,1
15/04/2022 06:47,2
15/04/2022 06:46,1
15/04/2022 06:43,4
15/04/2022 06:39,2
15/04/2022 06:38,1
15/04/2022 06:36,1
15/04/2022 06:34,3
15/04/2022 06:29,2
15/04/2022 06:28,4
15/04/2022 06:27,3
15/04/2022 06:26,3
15/04/2022 06:25,2
15/04/2022 06:22,1
15/04/2022 06:16,1
15/04/2022 06:15,2
15/04/2022 06:14,1
15/04/2022 06:13,3
15/04/2022 06:12,1
15/04/2022 06:12,2
15/04/2022 06:09,1
15/04/2022 06:07,5
15/04/2022 06:06,2
15/04/2022 06:04,1
15/04/2022 06:04,2
15/04/2022 06:01,1
15/04/2022 06:00,2
15/04/2022 05:59,2
15/04/2022 05:53,3
15/04/2022 05:52,1
15/04/2022 05:47,5
15/04/2022 05:45,2
15/04/2022 05:44,1
15/04/2022 05:41,2
15/04/2022 05:40,2
15/04/2022 05:39,1
15/04/2022 05:39,5
15/04/2022 05:36,3
15/04/2022 05:36,2
15/04/2022 05:34,1
15/04/2022 05:31,1
15/04/2022 05:28,1
15/04/2022 05:26,4
15/04/2022 05:25,2
15/04/2022 05:21,4
15/04/2022 05:21,1
15/04/2022 05:20,2
15/04/2022 05:13,1
15/04/2022 05:11,2
15/04/2022 05:07,3
15/04/2022 05:03,2
15/04/2022 05:02,4
15/04/2022 04:59,5
15/04/2022 04:57,4
15/04/2022 04:56,1
15/04/2022 04:56,1
15/04/2022 04:55,3
15/04/2022 04:55,4
15/04/2022 04:54,2
15/04/2022 04:54,3
15/04/2022 04:52,3
15/04/2022 04:50,1
15/04/2022 04:50,3
15/04/2022 04:42,1
15/04/2022 04:36,4
15/04/2022 04:36,1
15/04/2022 04:34,1
15/04/2022 04:33,3
15/04/2022 04:25,5
15/04/2022 04:22,5
15/04/2022 04:19,5
15/04/2022 04:18,5
15/04/2022 04:18,3
15/04/2022 04:17,1
15/04/2022 04:13,5
15/04/2022 04:12,5
15/04/2022 04:01,3
15/04/2022 04:01,1
15/04/2022 03:58,3
15/04/2022 03:50,2
15/04/2022 03:47,1
15/04/2022 03:43,3
15/04/2022 03:43,5
15/04/2022 03:43,1
15/04/2022 03:42,3
15/04/2022 03:40,1
15/04/2022 03:39,5
15/04/2022 03:39,1
15/04/2022 03:39,4
15/04/2022 03:34,1
15/04/2022 03:34,2
15/04/2022 03:33,5
15/04/2022 03:31,1
15/04/2022 03:30,3
15/04/2022 03:28,5
15/04/2022 03:27,5
15/04/2022 03:27,5
15/04/2022 03:27,1
15/04/2022 03:26,1
15/04/2022 03:26,2
15/04/2022 03:23,1
15/04/2022 03:22,4
15/04/2022 03:22,2
15/04/2022 03:21,1
15/04/2022 03:20,5
15/04/2022 03:17,5
15/04/2022 03:17,1
15/04/2022 03:16,4
15/04/2022 03:16,1
15/04/2022 03:12,5
15/04/2022 03:11,3
15/04/2022 03:10,5
15/04/2022 03:09,1
15/04/2022 03:04,1
15/04/2022 03:04,5
15/04/2022 03:02,2
15/04/2022 03:00,1
15/04/2022 02:57,1
15/04/2022 02:57,1
15/04/2022 02:54,5
15/04/2022 02:53,5
15/04/2022 02:53,5
15/04/2022 02:52,5
15/04/2022 02:45,1
15/04/2022 02:43,1
15/04/2022 02:43,1
15/04/2022 02:43,1
15/04/2022 02:42,2
15/04/2022 02:42,5
15/04/2022 02:40,5
15/04/2022 02:38,1
15/04/2022 02:38,4
15/04/2022 02:37,2
15/04/2022 02:36,4
15/04/2022 02:35,5
15/04/2022 02:35,1
15/04/2022 02:34,5
15/04/2022 02:32,5
15/04/2022 02:29,4
15/04/2022 02:25,5
15/04/2022 02:24,1
15/04/2022 02:21,3
15/04/2022 02:20,3
15/04/2022 02:20,1
15/04/2022 02:19,1
15/04/2022 02:17,5
15/04/2022 02:17,1
15/04/2022 02:13,1
15/04/2022 02:11,1
15/04/2022 02:08,4
15/04/2022 02:05,1
15/04/2022 02:04,3
15/04/2022 02:04,3
15/04/2022 02:04,1
15/04/2022 02:04,1
15/04/2022 02:03,2
15/04/2022 02:02,2
15/04/2022 02:01,5
15/04/2022 02:00,1
15/04/2022 01:58,1
15/04/2022 01:55,1
15/04/2022 01:53,2
15/04/2022 01:51,1
15/04/2022 01:50,2
15/04/2022 01:47,2
15/04/2022 01:47,2
15/04/2022 01:47,1
15/04/2022 01:46,2
15/04/2022 01:44,3
15/04/2022 01:32,2
15/04/2022 01:29,5
15/04/2022 01:27,3
15/04/2022 01:25,2
15/04/2022 01:25,1
15/04/2022 01:24,1
15/04/2022 01:22,1
15/04/2022 01:22,3
15/04/2022 01:16,5
15/04/2022 01:15,3
15/04/2022 01:15,1
15/04/2022 01:15,1
15/04/2022 01:12,2
15/04/2022 01:09,2
15/04/2022 01:05,2
15/04/2022 01:03,2
15/04/2022 01:03,5
15/04/2022 01:02,3
15/04/2022 00:59,2
15/04/2022 00:59,1
15/04/2022 00:56,3
15/04/2022 00:54,4
15/04/2022 00:53,3
15/04/2022 00:48,3
15/04/2022 00:45,4
15/04/2022 00:45,1
15/04/2022 00:44,1
15/04/2022 00:44,1
15/04/2022 00:42,3
15/04/2022 00:41,2
15/04/2022 00:40,4
15/04/2022 00:36,1
15/04/2022 00:36,4
15/04/2022 00:36,5
15/04/2022 00:29,2
15/04/2022 00:27,1
15/04/2022 00:26,1
15/04/2022 00:25,2
15/04/2022 00:24,2
15/04/2022 00:21,1
15/04/2022 00:20,1
15/04/2022 00:19,1
15/04/2022 00:17,1
15/04/2022 00:16,1
15/04/2022 00:12,3
15/04/2022 00:11,2
15/04/2022 00:09,1
15/04/2022 00:09,4
15/04/2022 00:06,5
15/04/2022 00:06,1
15/04/2022 00:06,1
15/04/2022 00:04,1
15/04/2022 00:03,2
15/04/2022 00:01,1
14/04/2022 23:59,2
14/04/2022 23:58,1
14/04/2022 23:58,3
14/04/2022 23:53,1
14/04/2022 23:52,3
14/04/2022 23:50,2
14/04/2022 23:50,1
14/04/2022 23:45,1
14/04/2022 23:45,3
14/04/2022 23:40,4
14/04/2022 23:39,3
14/04/2022 23:38,2
14/04/2022 23:37,3
14/04/2022 23:37,2
14/04/2022 23:35,5
14/04/2022 23:31,1
14/04/2022 23:31,1
14/04/2022 23:28,4
14/04/2022 23:27,1
14/04/2022 23:26,5
14/04/2022 23:25,2
14/04/2022 23:23,2
14/04/2022 23:22,1
14/04/2022 23:21,1
14/04/2022 23:20,3
14/04/2022 23:14,3
14/04/2022 23:12,4
14/04/2022 23:12,3
14/04/2022 23:11,5
14/04/2022 23:08,1
14/04/2022 23:03,2
14/04/2022 22:58,1
14/04/2022 22:55,1
14/04/2022 22:54,2
14/04/2022 22:53,5
14/04/2022 22:51,3
14/04/2022 22:49,1
14/04/2022 22:45,2
14/04/2022 22:45,4
14/04/2022 22:42,1
14/04/2022 22:42,1
14/04/2022 22:39,1
14/04/2022 22:37,1
14/04/2022 22:37,4
14/04/2022 22:36,5
14/04/2022 22:36,2
14/04/2022 22:35,1
14/04/2022 22:35,5
14/04/2022 22:33,3
14/04/2022 22:33,3
14/04/2022 22:31,1
14/04/2022 22:31,5
14/04/2022 22:30,5
14/04/2022 22:28,1
14/04/2022 22:26,5
14/04/2022 22:26,2
14/04/2022 22:23,1
14/04/2022 22:22,3
14/04/2022 22:21,3
14/04/2022 22:16,1
14/04/2022 22:16,1
14/04/2022 22:15,3
14/04/2022 22:14,1
14/04/2022 22:12,1
14/04/2022 22:09,1
14/04/2022 22:06,3
14/04/2022 22:05,1
14/04/2022 22:02,3
14/04/2022 22:00,1
14/04/2022 21:59,1
14/04/2022 21:55,2
14/04/2022 21:55,1
14/04/2022 21:51,3
14/04/2022 21:48,5
14/04/2022 21:44,1
14/04/2022 21:43,2
14/04/2022 21:41,1
14/04/2022 21:36,1
14/04/2022 21:31,2
14/04/2022 21:31,3
14/04/2022 21:30,3
14/04/2022 21:28,2
14/04/2022 21:27,1
14/04/2022 21:25,1
14/04/2022 21:25,2
14/04/2022 21:24,1
14/04/2022 21:23,1
14/04/2022 21:23,1
14/04/2022 21:21,1
14/04/2022 21:16,4
14/04/2022 21:16,3
14/04/2022 21:15,3
14/04/2022 21:15,1
14/04/2022 21:12,2
14/04/2022 21:12,1
14/04/2022 21:11,2
14/04/2022 21:09,2
14/04/2022 21:09,1
14/04/2022 21:05,3
14/04/2022 20:55,1
14/04/2022 20:55,5
14/04/2022 20:54,1
14/04/2022 20:54,1
14/04/2022 20:51,2
14/04/2022 20:49,2
14/04/2022 20:49,1
14/04/2022 20:48,1
14/04/2022 20:48,4
14/04/2022 20:47,1
14/04/2022 20:46,5
14/04/2022 20:46,1
14/04/2022 20:45,1
14/04/2022 20:45,2
14/04/2022 20:44,1
14/04/2022 20:43,2
14/04/2022 20:43,1
14/04/2022 20:43,1
14/04/2022 20:42,3
14/04/2022 20:41,1
14/04/2022 20:39,2
14/04/2022 20:36,1
14/04/2022 20:35,2
14/04/2022 20:33,3
14/04/2022 20:32,3
14/04/2022 20:31,1
14/04/2022 20:26,1
14/04/2022 20:25,2
14/04/2022 20:25,1
14/04/2022 20:23,2
14/04/2022 20:22,3
14/04/2022 20:21,1
14/04/2022 20:20,5
14/04/2022 20:19,5
14/04/2022 20:18,4
14/04/2022 20:18,1
14/04/2022 20:15,4
14/04/2022 20:15,1
14/04/2022 20:15,1
14/04/2022 20:15,3
14/04/2022 20:13,5
14/04/2022 20:13,3
14/04/2022 20:12,1
14/04/2022 20:11,1
14/04/2022 20:11,4
14/04/2022 20:09,1
14/04/2022 20:09,3
14/04/2022 20:07,2
14/04/2022 20:07,1
14/04/2022 20:06,1
14/04/2022 20:05,4
14/04/2022 20:05,1
14/04/2022 20:05,1
14/04/2022 20:02,1
14/04/2022 20:02,1
14/04/2022 20:01,5
14/04/2022 20:00,1
14/04/2022 20:00,2
14/04/2022 19:57,1
14/04/2022 19:56,4
14/04/2022 19:55,1
14/04/2022 19:54,3
14/04/2022 19:54,1
14/04/2022 19:52,2
14/04/2022 19:52,5
14/04/2022 19:50,1
14/04/2022 19:48,2
14/04/2022 19:46,3
14/04/2022 19:45,3
14/04/2022 19:44,1
14/04/2022 19:43,4
14/04/2022 19:43,2
14/04/2022 19:43,5
14/04/2022 19:41,1
14/04/2022 19:40,1
14/04/2022 19:39,2
14/04/2022 19:38,2
14/04/2022 19:36,1
14/04/2022 19:35,1
14/04/2022 19:35,2
14/04/2022 19:35,1
14/04/2022 19:34,5
14/04/2022 19:32,1
14/04/2022 19:31,1
14/04/2022 19:30,3
14/04/2022 19:29,4
14/04/2022 19:28,5
14/04/2022 19:27,2
14/04/2022 19:26,4
14/04/2022 19:25,1
14/04/2022 19:25,1
14/04/2022 19:20,2
14/04/2022 19:19,3
14/04/2022 19:18,5
14/04/2022 19:16,1
14/04/2022 19:15,3
14/04/2022 19:15,5
14/04/2022 19:14,1
14/04/2022 19:11,2
14/04/2022 19:08,1
14/04/2022 19:07,1
14/04/2022 19:06,1
14/04/2022 19:03,2
14/04/2022 19:03,1
14/04/2022 19:02,3
14/04/2022 19:02,2
14/04/2022 18:59,4
14/04/2022 18:59,1
14/04/2022 18:59,5
14/04/2022 18:59,3
14/04/2022 18:58,5
14/04/2022 18:57,1
14/04/2022 18:57,3
14/04/2022 18:56,1
14/04/2022 18:55,2
14/04/2022 18:55,1
14/04/2022 18:55,4
14/04/2022 18:54,1
14/04/2022 18:53,3
14/04/2022 18:46,2
14/04/2022 18:45,1
14/04/2022 18:44,1
14/04/2022 18:43,1
14/04/2022 18:37,4
14/04/2022 18:37,1
14/04/2022 18:34,2
14/04/2022 18:32,3
14/04/2022 18:32,2
14/04/2022 18:31,1
14/04/2022 18:28,1
14/04/2022 18:28,2
14/04/2022 18:28,1
14/04/2022 18:27,5
14/04/2022 18:26,3
14/04/2022 18:25,1
14/04/2022 18:21,1
14/04/2022 18:20,1
14/04/2022 18:19,1
14/04/2022 18:18,3
14/04/2022 18:17,1
14/04/2022 18:16,1
14/04/2022 18:12,1
14/04/2022 18:11,1
14/04/2022 18:09,1
14/04/2022 18:08,3
14/04/2022 18:07,2
14/04/2022 18:05,1
14/04/2022 18:04,3
14/04/2022 18:03,5
14/04/2022 18:00,1
14/04/2022 17:59,3
14/04/2022 17:56,4
14/04/2022 17:55,1
14/04/2022 17:53,1
14/04/2022 17:53,5
14/04/2022 17:52,1
14/04/2022 17:51,5
14/04/2022 17:50,2
14/04/2022 17:49,1
14/04/2022 17:46,5
14/04/2022 17:45,3
14/04/2022 17:44,4
14/04/2022 17:43,1
14/04/2022 17:40,1
14/04/2022 17:40,5
14/04/2022 17:40,1
14/04/2022 17:40,5
14/04/2022 17:39,1
14/04/2022 17:36,2
14/04/2022 17:35,3
14/04/2022 17:35,2
14/04/2022 17:33,5
14/04/2022 17:32,3
14/04/2022 17:31,3
14/04/2022 17:30,1
14/04/2022 17:29,2
14/04/2022 17:29,1
14/04/2022 17:28,4
14/04/2022 17:28,2
14/04/2022 17:28,1
14/04/2022 17:27,5
14/04/2022 17:25,2
14/04/2022 17:24,5
14/04/2022 17:24,1
14/04/2022 17:23,2
14/04/2022 17:23,2
14/04/2022 17:22,1
14/04/2022 17:21,1
14/04/2022 17:19,2
14/04/2022 17:19,1
14/04/2022 17:19,4
14/04/2022 17:17,1
14/04/2022 17:16,3
14/04/2022 17:16,1
14/04/2022 17:15,1
14/04/2022 17:15,3
14/04/2022 17:13,1
14/04/2022 17:13,1
14/04/2022 17:13,2
14/04/2022 17:11,1
14/04/2022 17:09,1
14/04/2022 17:08,1
14/04/2022 17:08,1
14/04/2022 17:08,3
14/04/2022 17:07,1
14/04/2022 17:06,1
14/04/2022 17:04,4
14/04/2022 17:04,1
14/04/2022 17:03,2
14/04/2022 17:03,1
14/04/2022 17:02,2
14/04/2022 17:01,2
14/04/2022 17:00,4
14/04/2022 16:59,1
14/04/2022 16:56,1
14/04/2022 16:55,5
14/04/2022 16:54,1
14/04/2022 16:53,5
14/04/2022 16:51,3
14/04/2022 16:51,2
14/04/2022 16:51,1
14/04/2022 16:50,3
14/04/2022 16:50,1
14/04/2022 16:49,3
14/04/2022 16:48,3
14/04/2022 16:46,1
14/04/2022 16:45,1
14/04/2022 16:45,3
14/04/2022 16:45,1
14/04/2022 16:44,3
14/04/2022 16:44,1
14/04/2022 16:41,1
14/04/2022 16:40,1
14/04/2022 16:40,3
14/04/2022 16:39,1
14/04/2022 16:36,5
14/04/2022 16:36,4
14/04/2022 16:34,1
14/04/2022 16:34,3
14/04/2022 16:33,2
14/04/2022 16:32,2
14/04/2022 16:29,1
14/04/2022 16:28,5
14/04/2022 16:28,1
14/04/2022 16:25,1
14/04/2022 16:25,3
14/04/2022 16:24,5
14/04/2022 16:23,2
14/04/2022 16:23,2
14/04/2022 16:23,2
14/04/2022 16:18,4
14/04/2022 16:16,5
14/04/2022 16:13,1
14/04/2022 16:11,2
14/04/2022 16:10,1
14/04/2022 16:09,1
14/04/2022 16:07,2
14/04/2022 16:06,3
14/04/2022 16:06,2
14/04/2022 16:04,3
14/04/2022 16:04,2
14/04/2022 16:03,5
14/04/2022 16:02,1
14/04/2022 16:02,1
14/04/2022 16:02,5
14/04/2022 16:01,2
14/04/2022 16:00,3
14/04/2022 15:59,2
14/04/2022 15:59,1
14/04/2022 15:58,1
14/04/2022 15:57,2
14/04/2022 15:56,2
14/04/2022 15:56,1
14/04/2022 15:55,1
14/04/2022 15:54,2
14/04/2022 15:53,2
14/04/2022 15:52,2
14/04/2022 15:52,5
14/04/2022 15:51,1
14/04/2022 15:50,3
14/04/2022 15:50,5
14/04/2022 15:50,2
14/04/2022 15:50,2
14/04/2022 15:50,2
14/04/2022 15:45,5
14/04/2022 15:44,5
14/04/2022 15:44,3
14/04/2022 15:44,1
14/04/2022 15:42,1
14/04/2022 15:41,2
14/04/2022 15:41,1
14/04/2022 15:40,4
14/04/2022 15:38,1
14/04/2022 15:38,3
14/04/2022 15:38,3
14/04/2022 15:35,1
14/04/2022 15:35,1
14/04/2022 15:34,2
14/04/2022 15:34,5
14/04/2022 15:34,1
14/04/2022 15:34,1
14/04/2022 15:32,4
14/04/2022 15:31,3
14/04/2022 15:30,5
14/04/2022 15:29,3
14/04/2022 15:27,4
14/04/2022 15:26,5
14/04/2022 15:24,5
14/04/2022 15:22,1
14/04/2022 15:21,1
14/04/2022 15:21,4
14/04/2022 15:20,3
14/04/2022 15:20,5
14/04/2022 15:20,5
14/04/2022 15:19,4
14/04/2022 15:17,3
14/04/2022 15:17,1
14/04/2022 15:16,2
14/04/2022 15:16,1
14/04/2022 15:15,1
14/04/2022 15:12,1
14/04/2022 15:11,1
14/04/2022 15:11,3
14/04/2022 15:09,2
14/04/2022 15:08,1
14/04/2022 15:07,1
14/04/2022 15:06,3
14/04/2022 15:05,4
14/04/2022 15:05,5
14/04/2022 15:04,3
14/04/2022 15:03,1
14/04/2022 15:02,2
14/04/2022 14:59,1
14/04/2022 14:59,3
14/04/2022 14:59,2
14/04/2022 14:58,3
14/04/2022 14:56,2
14/04/2022 14:52,2
14/04/2022 14:52,2
14/04/2022 14:52,2
14/04/2022 14:51,2
14/04/2022 14:48,1
14/04/2022 14:45,1
14/04/2022 14:45,2
14/04/2022 14:44,2
14/04/2022 14:42,1
14/04/2022 14:42,2
14/04/2022 14:41,2
14/04/2022 14:41,2
14/04/2022 14:40,2
14/04/2022 14:40,2
14/04/2022 14:39,2
14/04/2022 14:38,2
14/04/2022 14:35,2
14/04/2022 14:34,1
14/04/2022 14:33,1
14/04/2022 14:32,3
14/04/2022 14:31,2
14/04/2022 14:30,2
14/04/2022 14:29,1
14/04/2022 14:29,1
14/04/2022 14:29,2
14/04/2022 14:28,3
14/04/2022 14:25,1
14/04/2022 14:24,2
14/04/2022 14:24,2
14/04/2022 14:22,2
14/04/2022 14:19,1
14/04/2022 14:17,5
14/04/2022 14:16,3
14/04/2022 14:15,2
14/04/2022 14:14,1
14/04/2022 14:12,1
14/04/2022 14:11,1
14/04/2022 14:10,2
14/04/2022 14:09,1
14/04/2022 14:08,2
14/04/2022 14:07,1
14/04/2022 14:02,1
14/04/2022 14:01,3
14/04/2022 14:00,3
14/04/2022 14:00,2
14/04/2022 13:55,2
14/04/2022 13:55,1
14/04/2022 13:53,1
14/04/2022 13:53,1
14/04/2022 13:53,1
14/04/2022 13:52,1
14/04/2022 13:52,5
14/04/2022 13:51,2
14/04/2022 13:50,3
14/04/2022 13:49,1
14/04/2022 13:48,5
14/04/2022 13:47,3
14/04/2022 13:46,1
14/04/2022 13:46,1
14/04/2022 13:40,2
14/04/2022 13:39,1
14/04/2022 13:36,2
14/04/2022 13:34,1
14/04/2022 13:32,2
14/04/2022 13:31,5
14/04/2022 13:28,2
14/04/2022 13:28,1
14/04/2022 13:25,1
14/04/2022 13:23,3
14/04/2022 13:19,3
14/04/2022 13:18,2
14/04/2022 13:18,5
14/04/2022 13:17,1
14/04/2022 13:17,2
14/04/2022 13:16,1
14/04/2022 13:16,2
14/04/2022 13:15,2
14/04/2022 13:15,1
14/04/2022 13:14,2
14/04/2022 13:13,3
14/04/2022 13:11,3
14/04/2022 13:11,3
14/04/2022 13:10,1
14/04/2022 13:09,1
14/04/2022 13:08,2
14/04/2022 13:06,1
14/04/2022 13:05,2
14/04/2022 13:04,5
14/04/2022 13:04,2
14/04/2022 13:03,1
14/04/2022 13:03,2
14/04/2022 13:02,1
14/04/2022 12:59,1
14/04/2022 12:59,3
14/04/2022 12:59,2
14/04/2022 12:58,2
14/04/2022 12:57,3
14/04/2022 12:57,1
14/04/2022 12:57,1
14/04/2022 12:55,5
14/04/2022 12:55,2
14/04/2022 12:52,2
14/04/2022 12:51,2
14/04/2022 12:46,5
14/04/2022 12:46,4
14/04/2022 12:46,3
14/04/2022 12:46,2
14/04/2022 12:45,5
14/04/2022 12:45,1
14/04/2022 12:45,1
14/04/2022 12:43,2
14/04/2022 12:43,1
14/04/2022 12:42,3
14/04/2022 12:40,1
14/04/2022 12:40,2
14/04/2022 12:39,1
14/04/2022 12:38,4
14/04/2022 12:37,4
14/04/2022 12:35,1
14/04/2022 12:35,3
14/04/2022 12:34,1
14/04/2022 12:34,2
14/04/2022 12:33,1
14/04/2022 12:33,1
14/04/2022 12:31,1
14/04/2022 12:29,3
14/04/2022 12:28,5
14/04/2022 12:26,3
14/04/2022 12:25,1
14/04/2022 12:25,2
14/04/2022 12:23,1
14/04/2022 12:21,2
14/04/2022 12:21,1
14/04/2022 12:18,5
14/04/2022 12:16,2
14/04/2022 12:14,2
14/04/2022 12:13,1
14/04/2022 12:12,1
14/04/2022 12:10,3
14/04/2022 12:07,1
14/04/2022 12:04,1
14/04/2022 12:04,1
14/04/2022 12:03,3
14/04/2022 12:03,1
14/04/2022 12:03,5
14/04/2022 11:57,1
14/04/2022 11:57,3
14/04/2022 11:52,2
14/04/2022 11:51,1
14/04/2022 11:49,2
14/04/2022 11:47,1
14/04/2022 11:45,2
14/04/2022 11:45,3
14/04/2022 11:45,3
14/04/2022 11:42,5
14/04/2022 11:40,4
14/04/2022 11:38,1
14/04/2022 11:34,1
14/04/2022 11:34,4
14/04/2022 11:34,3
14/04/2022 11:33,2
14/04/2022 11:32,5
14/04/2022 11:32,2
14/04/2022 11:26,1
14/04/2022 11:23,3
14/04/2022 11:20,2
14/04/2022 11:19,1
14/04/2022 11:18,1
14/04/2022 11:18,5
14/04/2022 11:15,4
14/04/2022 11:13,1
14/04/2022 11:12,2
14/04/2022 11:10,1
14/04/2022 11:06,2
14/04/2022 11:04,1
14/04/2022 11:03,1
14/04/2022 11:01,2
14/04/2022 10:59,3
14/04/2022 10:57,3
14/04/2022 10:55,2
14/04/2022 10:52,1
14/04/2022 10:51,2
14/04/2022 10:51,3
14/04/2022 10:50,3
14/04/2022 10:50,2
14/04/2022 10:48,1
14/04/2022 10:48,5
14/04/2022 10:47,3
14/04/2022 10:46,1
14/04/2022 10:46,2
14/04/2022 10:45,3
14/04/2022 10:43,1
14/04/2022 10:41,1
14/04/2022 10:41,2
14/04/2022 10:40,2
14/04/2022 10:38,2
14/04/2022 10:37,1
14/04/2022 10:33,1
14/04/2022 10:33,5
14/04/2022 10:31,3
14/04/2022 10:27,1
14/04/2022 10:26,2
14/04/2022 10:25,1
14/04/2022 10:25,5
14/04/2022 10:24,3
14/04/2022 10:23,1
14/04/2022 10:22,4
14/04/2022 10:22,1
14/04/2022 10:22,3
14/04/2022 10:21,2
14/04/2022 10:19,3
14/04/2022 10:17,2
14/04/2022 10:15,1
14/04/2022 10:15,1
14/04/2022 10:14,1
14/04/2022 10:11,1
14/04/2022 10:07,5
14/04/2022 10:04,1
14/04/2022 10:02,1
14/04/2022 10:02,2
14/04/2022 10:00,1
14/04/2022 10:00,4
14/04/2022 09:59,1
14/04/2022 09:58,3
14/04/2022 09:55,1
14/04/2022 09:54,2
14/04/2022 09:53,1
14/04/2022 09:50,2
14/04/2022 09:50,2
14/04/2022 09:48,2
14/04/2022 09:48,2
14/04/2022 09:47,2
14/04/2022 09:47,1
14/04/2022 09:47,1
14/04/2022 09:46,3
14/04/2022 09:46,2
14/04/2022 09:45,1
14/04/2022 09:44,2
14/04/2022 09:38,5
14/04/2022 09:33,2
14/04/2022 09:32,1
14/04/2022 09:30,2
14/04/2022 09:27,5
14/04/2022 09:27,2
14/04/2022 09:25,1
14/04/2022 09:24,2
14/04/2022 09:23,1
14/04/2022 09:22,1
14/04/2022 09:20,1
14/04/2022 09:19,2
14/04/2022 09:15,2
14/04/2022 09:15,1
14/04/2022 09:14,1
14/04/2022 09:13,1
14/04/2022 09:12,1
14/04/2022 09:10,1
14/04/2022 09:10,3
14/04/2022 09:08,2
14/04/2022 09:05,2
14/04/2022 09:05,3
14/04/2022 09:02,1
14/04/2022 09:01,1
14/04/2022 09:01,3
14/04/2022 08:59,1
14/04/2022 08:59,3
14/04/2022 08:58,3
14/04/2022 08:56,1
14/04/2022 08:51,1
14/04/2022 08:51,1
14/04/2022 08:51,1
14/04/2022 08:49,1
14/04/2022 08:46,5
14/04/2022 08:46,5
14/04/2022 08:40,2
14/04/2022 08:37,1
14/04/2022 08:37,1
14/04/2022 08:36,5
14/04/2022 08:36,1
14/04/2022 08:31,2
14/04/2022 08:31,5
14/04/2022 08:30,2
14/04/2022 08:30,1
14/04/2022 08:21,1
14/04/2022 08:20,3
14/04/2022 08:17,1
14/04/2022 08:17,3
14/04/2022 08:15,3
14/04/2022 08:14,1
14/04/2022 08:14,1
14/04/2022 08:12,5
14/04/2022 08:11,2
14/04/2022 08:09,1
14/04/2022 08:09,2
14/04/2022 08:05,2
14/04/2022 08:05,5
14/04/2022 08:01,1
14/04/2022 08:00,1
14/04/2022 07:58,5
14/04/2022 07:56,2
14/04/2022 07:55,3
14/04/2022 07:52,1
14/04/2022 07:51,1
14/04/2022 07:50,1
14/04/2022 07:44,2
14/04/2022 07:43,1
14/04/2022 07:42,1
14/04/2022 07:39,3
14/04/2022 07:38,4
14/04/2022 07:38,2
14/04/2022 07:38,3
14/04/2022 07:38,2
14/04/2022 07:37,2
14/04/2022 07:37,3
14/04/2022 07:31,3
14/04/2022 07:27,1
14/04/2022 07:23,5
14/04/2022 07:23,1
14/04/2022 07:23,1
14/04/2022 07:23,3
14/04/2022 07:22,5
14/04/2022 07:21,3
14/04/2022 07:20,1
14/04/2022 07:19,1
14/04/2022 07:16,1
14/04/2022 07:13,1
14/04/2022 07:11,2
14/04/2022 07:07,2
14/04/2022 07:04,2
14/04/2022 07:03,1
14/04/2022 06:56,2
14/04/2022 06:53,2
14/04/2022 06:53,1
14/04/2022 06:50,1
14/04/2022 06:44,1
14/04/2022 06:42,2
14/04/2022 06:41,5
14/04/2022 06:40,1
14/04/2022 06:39,1
14/04/2022 06:35,3
14/04/2022 06:35,2
14/04/2022 06:34,2
14/04/2022 06:34,2
14/04/2022 06:34,2
14/04/2022 06:33,5
14/04/2022 06:32,5
14/04/2022 06:31,1
14/04/2022 06:30,5
14/04/2022 06:30,1
14/04/2022 06:30,2
14/04/2022 06:28,2
14/04/2022 06:27,4
14/04/2022 06:24,1
14/04/2022 06:24,2
14/04/2022 06:20,1
14/04/2022 06:17,1
14/04/2022 06:15,2
14/04/2022 06:13,1
14/04/2022 06:11,3
14/04/2022 06:09,5
14/04/2022 06:09,2
14/04/2022 06:08,1
14/04/2022 06:06,1
14/04/2022 06:06,1
14/04/2022 06:05,1
14/04/2022 06:05,5
14/04/2022 06:04,5
14/04/2022 06:03,3
14/04/2022 06:00,1
14/04/2022 05:59,1
14/04/2022 05:58,2
14/04/2022 05:54,2
14/04/2022 05:53,1
14/04/2022 05:53,2
14/04/2022 05:50,3
14/04/2022 05:49,1
14/04/2022 05:48,1
14/04/2022 05:47,1
14/04/2022 05:47,4
14/04/2022 05:46,2
14/04/2022 05:44,3
14/04/2022 05:43,1
14/04/2022 05:43,1
14/04/2022 05:42,2
14/04/2022 05:42,4
14/04/2022 05:41,2
14/04/2022 05:38,3
14/04/2022 05:38,1
14/04/2022 05:35,5
14/04/2022 05:27,3
14/04/2022 05:26,2
14/04/2022 05:23,2
14/04/2022 05:20,2
14/04/2022 05:17,3
14/04/2022 05:17,1
14/04/2022 05:15,1
14/04/2022 05:10,1
14/04/2022 05:10,5
14/04/2022 05:10,1
14/04/2022 05:08,1
14/04/2022 04:59,5
14/04/2022 04:58,2
14/04/2022 04:57,4
14/04/2022 04:56,5
14/04/2022 04:54,1
14/04/2022 04:54,2
14/04/2022 04:52,1
14/04/2022 04:49,5
14/04/2022 04:48,4
14/04/2022 04:48,4
14/04/2022 04:42,2
14/04/2022 04:37,1
14/04/2022 04:37,1
14/04/2022 04:28,1
14/04/2022 04:27,4
14/04/2022 04:27,5
14/04/2022 04:25,1
14/04/2022 04:25,4
14/04/2022 04:24,1
14/04/2022 04:23,1
14/04/2022 04:19,5
14/04/2022 04:19,1
14/04/2022 04:19,1
14/04/2022 04:18,3
14/04/2022 04:16,3
14/04/2022 04:16,1
14/04/2022 04:14,2
14/04/2022 04:14,5
14/04/2022 04:12,3
14/04/2022 04:12,2
14/04/2022 04:11,1
14/04/2022 04:09,5
14/04/2022 04:09,2
14/04/2022 04:04,5
14/04/2022 04:03,1
14/04/2022 04:03,2
14/04/2022 03:59,5
14/04/2022 03:58,5
14/04/2022 03:56,2
14/04/2022 03:55,5
14/04/2022 03:54,5
14/04/2022 03:51,1
14/04/2022 03:47,5
14/04/2022 03:42,4
14/04/2022 03:39,3
14/04/2022 03:37,3
14/04/2022 03:36,1
14/04/2022 03:33,5
14/04/2022 03:32,1
14/04/2022 03:30,3
14/04/2022 03:28,2
14/04/2022 03:28,2
14/04/2022 03:26,1
14/04/2022 03:26,3
14/04/2022 03:20,3
14/04/2022 03:20,1
14/04/2022 03:18,1
14/04/2022 03:18,2
14/04/2022 03:17,2
14/04/2022 03:16,1
14/04/2022 03:16,5
14/04/2022 03:16,5
14/04/2022 03:15,1
14/04/2022 03:13,1
14/04/2022 03:13,1
14/04/2022 03:11,1
14/04/2022 03:11,3
14/04/2022 03:11,5
14/04/2022 03:10,5
14/04/2022 03:10,5
14/04/2022 03:09,2
14/04/2022 03:08,1
14/04/2022 03:05,2
14/04/2022 03:05,1
14/04/2022 03:05,2
14/04/2022 03:05,2
14/04/2022 03:04,1
14/04/2022 03:03,2
14/04/2022 03:02,2
14/04/2022 02:58,4
14/04/2022 02:58,5
14/04/2022 02:50,1
14/04/2022 02:48,5
14/04/2022 02:47,1
14/04/2022 02:44,1
14/04/2022 02:43,1
14/04/2022 02:42,2
14/04/2022 02:41,1
14/04/2022 02:41,5
14/04/2022 02:40,4
14/04/2022 02:38,1
14/04/2022 02:33,1
14/04/2022 02:32,1
14/04/2022 02:30,5
14/04/2022 02:26,2
14/04/2022 02:20,5
14/04/2022 02:18,2
14/04/2022 02:18,1
14/04/2022 02:14,1
14/04/2022 02:11,1
14/04/2022 02:04,2
14/04/2022 02:01,3
14/04/2022 02:00,3
14/04/2022 01:59,1
14/04/2022 01:57,5
14/04/2022 01:56,2
14/04/2022 01:56,1
14/04/2022 01:55,2
14/04/2022 01:55,1
14/04/2022 01:52,1
14/04/2022 01:50,2
14/04/2022 01:49,1
14/04/2022 01:48,1
14/04/2022 01:48,5
14/04/2022 01:46,1
14/04/2022 01:46,2
14/04/2022 01:43,3
14/04/2022 01:42,2
14/04/2022 01:39,5
14/04/2022 01:39,2
14/04/2022 01:36,2
14/04/2022 01:33,5
14/04/2022 01:33,1
14/04/2022 01:29,2
14/04/2022 01:29,3
14/04/2022 01:27,1
14/04/2022 01:26,1
14/04/2022 01:24,1
14/04/2022 01:23,1
14/04/2022 01:22,2
14/04/2022 01:21,5
14/04/2022 01:18,2
14/04/2022 01:18,5
14/04/2022 01:16,1
14/04/2022 01:14,1
14/04/2022 01:12,1
14/04/2022 01:12,1
14/04/2022 01:11,5
14/04/2022 01:11,2
14/04/2022 01:03,1
14/04/2022 01:01,1
14/04/2022 01:00,1
14/04/2022 00:58,1
14/04/2022 00:57,1
14/04/2022 00:56,2
14/04/2022 00:55,1
14/04/2022 00:55,3
14/04/2022 00:50,1
14/04/2022 00:49,2
14/04/2022 00:47,2
14/04/2022 00:43,5
14/04/2022 00:43,2
14/04/2022 00:42,1
14/04/2022 00:40,5
14/04/2022 00:37,5
14/04/2022 00:33,2
14/04/2022 00:33,1
14/04/2022 00:32,4
14/04/2022 00:31,1
14/04/2022 00:28,5
14/04/2022 00:27,5
14/04/2022 00:26,3
14/04/2022 00:24,2
14/04/2022 00:24,2
14/04/2022 00:23,5
14/04/2022 00:22,1
14/04/2022 00:19,1
14/04/2022 00:17,1
14/04/2022 00:11,2
14/04/2022 00:09,4
14/04/2022 00:09,3
14/04/2022 00:09,1
14/04/2022 00:06,2
14/04/2022 00:06,3
14/04/2022 00:05,3
14/04/2022 00:03,2
14/04/2022 00:01,2
14/04/2022 00:00,1
13/04/2022 23:57,2
13/04/2022 23:55,1
13/04/2022 23:54,3
13/04/2022 23:53,3
13/04/2022 23:51,1
13/04/2022 23:50,2
13/04/2022 23:48,5
13/04/2022 23:48,1
13/04/2022 23:47,2
13/04/2022 23:47,2
13/04/2022 23:47,1
13/04/2022 23:46,1
13/04/2022 23:45,4
13/04/2022 23:43,2
13/04/2022 23:43,1
13/04/2022 23:43,4
13/04/2022 23:43,3
13/04/2022 23:42,3
13/04/2022 23:39,1
13/04/2022 23:39,2
13/04/2022 23:37,2
13/04/2022 23:35,5
13/04/2022 23:32,1
13/04/2022 23:30,3
13/04/2022 23:28,2
13/04/2022 23:27,1
13/04/2022 23:20,2
13/04/2022 23:18,3
13/04/2022 23:18,5
13/04/2022 23:17,3
13/04/2022 23:15,5
13/04/2022 23:10,2
13/04/2022 23:10,2
13/04/2022 23:09,1
13/04/2022 23:07,1
13/04/2022 23:06,1
13/04/2022 23:06,3
13/04/2022 23:04,1
13/04/2022 22:54,1
13/04/2022 22:52,1
13/04/2022 22:51,2
13/04/2022 22:48,3
13/04/2022 22:46,3
13/04/2022 22:42,1
13/04/2022 22:42,1
13/04/2022 22:40,1
13/04/2022 22:37,3
13/04/2022 22:36,1
13/04/2022 22:36,1
13/04/2022 22:34,1
13/04/2022 22:29,1
13/04/2022 22:28,1
13/04/2022 22:28,1
13/04/2022 22:27,2
13/04/2022 22:25,2
13/04/2022 22:18,1
13/04/2022 22:16,1
13/04/2022 22:15,1
13/04/2022 22:15,2
13/04/2022 22:11,2
13/04/2022 22:10,2
13/04/2022 22:08,3
13/04/2022 22:08,1
13/04/2022 22:06,2
13/04/2022 22:06,4
13/04/2022 22:05,1
13/04/2022 22:04,5
13/04/2022 22:04,2
13/04/2022 22:04,1
13/04/2022 22:04,1
13/04/2022 22:03,1
13/04/2022 22:03,4
13/04/2022 22:02,3
13/04/2022 22:00,4
13/04/2022 22:00,1
13/04/2022 21:58,2
13/04/2022 21:55,3
13/04/2022 21:53,4
13/04/2022 21:52,1
13/04/2022 21:48,2
13/04/2022 21:48,1
13/04/2022 21:43,2
13/04/2022 21:43,1
13/04/2022 21:41,1
13/04/2022 21:40,1
13/04/2022 21:40,1
13/04/2022 21:38,2
13/04/2022 21:38,4
13/04/2022 21:38,4
13/04/2022 21:36,5
13/04/2022 21:35,5
13/04/2022 21:33,2
13/04/2022 21:32,1
13/04/2022 21:27,5
13/04/2022 21:26,1
13/04/2022 21:25,1
13/04/2022 21:25,2
13/04/2022 21:19,1
13/04/2022 21:18,1
13/04/2022 21:17,1
13/04/2022 21:17,1
13/04/2022 21:09,5
13/04/2022 21:09,3
13/04/2022 21:09,3
13/04/2022 21:08,1
13/04/2022 21:07,1
13/04/2022 21:05,4
13/04/2022 21:04,4
13/04/2022 21:02,5
13/04/2022 21:02,5
13/04/2022 21:01,5
13/04/2022 21:00,1
13/04/2022 20:59,1
13/04/2022 20:55,2
13/04/2022 20:54,1
13/04/2022 20:52,1
13/04/2022 20:51,2
13/04/2022 20:50,1
13/04/2022 20:49,2
13/04/2022 20:46,3
13/04/2022 20:46,1
13/04/2022 20:46,2
13/04/2022 20:45,2
13/04/2022 20:43,1
13/04/2022 20:43,3
13/04/2022 20:42,2
13/04/2022 20:41,2
13/04/2022 20:41,1
13/04/2022 20:41,3
13/04/2022 20:38,1
13/04/2022 20:38,2
13/04/2022 20:38,1
13/04/2022 20:33,1
13/04/2022 20:33,1
13/04/2022 20:33,2
13/04/2022 20:31,3
13/04/2022 20:30,1
13/04/2022 20:29,2
13/04/2022 20:28,2
13/04/2022 20:26,5
13/04/2022 20:24,1
13/04/2022 20:24,5
13/04/2022 20:23,1
13/04/2022 20:21,1
13/04/2022 20:21,1
13/04/2022 20:21,1
13/04/2022 20:19,5
13/04/2022 20:19,1
13/04/2022 20:18,4
13/04/2022 20:17,4
13/04/2022 20:17,5
13/04/2022 20:16,2
13/04/2022 20:15,4
13/04/2022 20:14,3
13/04/2022 20:14,1
13/04/2022 20:14,5
13/04/2022 20:13,1
13/04/2022 20:12,5
13/04/2022 20:12,5
13/04/2022 20:10,1
13/04/2022 20:09,1
13/04/2022 20:06,1
13/04/2022 20:05,2
13/04/2022 20:04,5
13/04/2022 20:03,3
13/04/2022 20:03,3
13/04/2022 20:02,1
13/04/2022 20:01,2
13/04/2022 19:56,3
13/04/2022 19:56,1
13/04/2022 19:54,1
13/04/2022 19:54,1
13/04/2022 19:54,1
13/04/2022 19:52,1
13/04/2022 19:51,1
13/04/2022 19:51,4
13/04/2022 19:50,1
13/04/2022 19:43,2
13/04/2022 19:40,1
13/04/2022 19:40,1
13/04/2022 19:38,5
13/04/2022 19:38,1
13/04/2022 19:38,1
13/04/2022 19:37,2
13/04/2022 19:37,2
13/04/2022 19:37,4
13/04/2022 19:35,3
13/04/2022 19:35,1
13/04/2022 19:33,2
13/04/2022 19:32,3
13/04/2022 19:27,2
13/04/2022 19:27,2
13/04/2022 19:27,1
13/04/2022 19:24,1
13/04/2022 19:24,2
13/04/2022 19:24,3
13/04/2022 19:24,2
13/04/2022 19:24,5
13/04/2022 19:23,1
13/04/2022 19:23,2
13/04/2022 19:22,2
13/04/2022 19:21,5
13/04/2022 19:21,3
13/04/2022 19:20,2
13/04/2022 19:19,2
13/04/2022 19:19,1
13/04/2022 19:18,2
13/04/2022 19:17,1
13/04/2022 19:17,1
13/04/2022 19:17,1
13/04/2022 19:15,2
13/04/2022 19:13,2
13/04/2022 19:13,5
13/04/2022 19:13,3
13/04/2022 19:11,5
13/04/2022 19:11,2
13/04/2022 19:10,5
13/04/2022 19:08,1
13/04/2022 19:06,1
13/04/2022 19:06,1
13/04/2022 19:03,2
13/04/2022 18:59,1
13/04/2022 18:57,2
13/04/2022 18:57,2
13/04/2022 18:54,2
13/04/2022 18:52,1
13/04/2022 18:50,3
13/04/2022 18:48,1
13/04/2022 18:48,2
13/04/2022 18:47,2
13/04/2022 18:45,1
13/04/2022 18:45,2
13/04/2022 18:44,2
13/04/2022 18:44,4
13/04/2022 18:43,1
13/04/2022 18:42,2
13/04/2022 18:41,2
13/04/2022 18:39,2
13/04/2022 18:39,1
13/04/2022 18:39,3
13/04/2022 18:38,1
13/04/2022 18:37,2
13/04/2022 18:35,1
13/04/2022 18:34,1
13/04/2022 18:33,1
13/04/2022 18:33,1
13/04/2022 18:33,3
13/04/2022 18:31,1
13/04/2022 18:28,1
13/04/2022 18:26,2
13/04/2022 18:23,4
13/04/2022 18:22,2
13/04/2022 18:22,3
13/04/2022 18:21,1
13/04/2022 18:19,1
13/04/2022 18:19,5
13/04/2022 18:17,1
13/04/2022 18:16,1
13/04/2022 18:16,2
13/04/2022 18:15,2
13/04/2022 18:13,1
13/04/2022 18:13,1
13/04/2022 18:12,2
13/04/2022 18:12,1
13/04/2022 18:11,1
13/04/2022 18:09,2
13/04/2022 18:08,5
13/04/2022 18:05,3
13/04/2022 18:03,2
13/04/2022 18:02,1
13/04/2022 18:01,1
13/04/2022 18:00,2
13/04/2022 18:00,5
13/04/2022 17:58,1
13/04/2022 17:58,2
13/04/2022 17:56,2
13/04/2022 17:56,2
13/04/2022 17:53,1
13/04/2022 17:50,1
13/04/2022 17:49,1
13/04/2022 17:49,1
13/04/2022 17:47,1
13/04/2022 17:44,1
13/04/2022 17:40,4
13/04/2022 17:40,5
13/04/2022 17:39,1
13/04/2022 17:35,2
13/04/2022 17:35,1
13/04/2022 17:35,3
13/04/2022 17:35,1
13/04/2022 17:33,1
13/04/2022 17:33,5
13/04/2022 17:33,1
13/04/2022 17:33,1
13/04/2022 17:32,1
13/04/2022 17:31,2
13/04/2022 17:31,2
13/04/2022 17:29,1
13/04/2022 17:29,2
13/04/2022 17:29,1
13/04/2022 17:29,1
13/04/2022 17:29,5
13/04/2022 17:28,2
13/04/2022 17:28,1
13/04/2022 17:28,1
13/04/2022 17:25,1
13/04/2022 17:25,1
13/04/2022 17:25,1
13/04/2022 17:23,1
13/04/2022 17:22,1
13/04/2022 17:19,1
13/04/2022 17:15,5
13/04/2022 17:15,2
13/04/2022 17:14,3
13/04/2022 17:13,1
13/04/2022 17:13,1
13/04/2022 17:12,3
13/04/2022 17:12,4
13/04/2022 17:12,1
13/04/2022 17:09,5
13/04/2022 17:09,2
13/04/2022 17:08,2
13/04/2022 17:07,1
13/04/2022 17:06,5
13/04/2022 17:05,1
13/04/2022 17:05,1
13/04/2022 17:02,1
13/04/2022 17:02,3
13/04/2022 17:01,1
13/04/2022 17:00,2
13/04/2022 17:00,1
13/04/2022 16:59,1
13/04/2022 16:59,1
13/04/2022 16:58,3
13/04/2022 16:57,1
13/04/2022 16:57,1
13/04/2022 16:56,1
13/04/2022 16:56,5
13/04/2022 16:54,1
13/04/2022 16:53,5
13/04/2022 16:53,2
13/04/2022 16:52,1
13/04/2022 16:51,1
13/04/2022 16:50,2
13/04/2022 16:49,3
13/04/2022 16:48,1
13/04/2022 16:46,3
13/04/2022 16:46,2
13/04/2022 16:45,2
13/04/2022 16:43,2
13/04/2022 16:41,2
13/04/2022 16:40,4
13/04/2022 16:39,1
13/04/2022 16:39,1
13/04/2022 16:37,2
13/04/2022 16:35,2
13/04/2022 16:33,1
13/04/2022 16:31,3
13/04/2022 16:31,1
13/04/2022 16:29,2
13/04/2022 16:26,1
13/04/2022 16:25,2
13/04/2022 16:22,2
13/04/2022 16:22,1
13/04/2022 16:21,1
13/04/2022 16:18,1
13/04/2022 16:15,4
13/04/2022 16:15,2
13/04/2022 16:14,1
13/04/2022 16:13,1
13/04/2022 16:12,3
13/04/2022 16:12,3
13/04/2022 16:11,1
13/04/2022 16:10,1
13/04/2022 16:07,1
13/04/2022 16:07,3
13/04/2022 16:06,5
13/04/2022 16:03,2
13/04/2022 16:03,2
13/04/2022 16:03,1
13/04/2022 16:00,5
13/04/2022 15:58,2
13/04/2022 15:58,1
13/04/2022 15:56,2
13/04/2022 15:55,1
13/04/2022 15:55,3
13/04/2022 15:55,3
13/04/2022 15:53,5
13/04/2022 15:53,1
13/04/2022 15:51,5
13/04/2022 15:49,1
13/04/2022 15:48,2
13/04/2022 15:47,2
13/04/2022 15:46,2
13/04/2022 15:45,1
13/04/2022 15:43,1
13/04/2022 15:43,3
13/04/2022 15:42,1
13/04/2022 15:41,1
13/04/2022 15:41,3
13/04/2022 15:40,1
13/04/2022 15:40,3
13/04/2022 15:40,2
13/04/2022 15:39,2
13/04/2022 15:39,2
13/04/2022 15:39,1
13/04/2022 15:38,1
13/04/2022 15:38,1
13/04/2022 15:37,1
13/04/2022 15:37,3
13/04/2022 15:35,2
13/04/2022 15:34,1
13/04/2022 15:33,1
13/04/2022 15:33,1
13/04/2022 15:31,2
13/04/2022 15:30,2
13/04/2022 15:30,2
13/04/2022 15:28,1
13/04/2022 15:27,5
13/04/2022 15:24,1
13/04/2022 15:23,5
13/04/2022 15:22,1
13/04/2022 15:21,2
13/04/2022 15:21,2
13/04/2022 15:20,5
13/04/2022 15:18,3
13/04/2022 15:17,1
13/04/2022 15:16,2
13/04/2022 15:14,3
13/04/2022 15:13,5
13/04/2022 15:10,1
13/04/2022 15:07,1
13/04/2022 15:06,4
13/04/2022 15:06,2
13/04/2022 15:04,1
13/04/2022 15:00,1
13/04/2022 15:00,2
13/04/2022 14:59,1
13/04/2022 14:59,4
13/04/2022 14:58,1
13/04/2022 14:57,1
13/04/2022 14:56,2
13/04/2022 14:43,1
13/04/2022 14:43,3
13/04/2022 14:41,2
13/04/2022 14:41,2
13/04/2022 14:41,1
13/04/2022 14:39,3
13/04/2022 14:38,4
13/04/2022 14:38,4
13/04/2022 14:37,2
13/04/2022 14:36,1
13/04/2022 14:36,1
13/04/2022 14:30,2
13/04/2022 14:30,2
13/04/2022 14:26,2
13/04/2022 14:25,2
13/04/2022 14:25,1
13/04/2022 14:24,1
13/04/2022 14:23,1
13/04/2022 14:22,3
13/04/2022 14:22,3
13/04/2022 14:21,1
13/04/2022 14:20,1
13/04/2022 14:20,4
13/04/2022 14:20,2
13/04/2022 14:19,2
13/04/2022 14:18,2
13/04/2022 14:18,1
13/04/2022 14:17,2
13/04/2022 14:17,1
13/04/2022 14:15,1
13/04/2022 14:14,5
13/04/2022 14:14,2
13/04/2022 14:11,1
13/04/2022 14:11,5
13/04/2022 14:08,2
13/04/2022 14:07,3
13/04/2022 14:05,1
13/04/2022 14:05,5
13/04/2022 14:03,1
13/04/2022 14:03,5
13/04/2022 14:03,3
13/04/2022 14:01,3
13/04/2022 13:59,2
13/04/2022 13:59,5
13/04/2022 13:59,5
13/04/2022 13:59,1
13/04/2022 13:58,4
13/04/2022 13:57,5
13/04/2022 13:57,1
13/04/2022 13:56,1
13/04/2022 13:56,1
13/04/2022 13:56,3
13/04/2022 13:56,2
13/04/2022 13:55,3
13/04/2022 13:55,1
13/04/2022 13:55,5
13/04/2022 13:54,1
13/04/2022 13:50,3
13/04/2022 13:50,1
13/04/2022 13:49,2
13/04/2022 13:49,1
13/04/2022 13:48,1
13/04/2022 13:47,1
13/04/2022 13:46,4
13/04/2022 13:46,2
13/04/2022 13:45,2
13/04/2022 13:44,2
13/04/2022 13:43,1
13/04/2022 13:42,1
13/04/2022 13:41,4
13/04/2022 13:39,1
13/04/2022 13:38,2
13/04/2022 13:37,1
13/04/2022 13:33,2
13/04/2022 13:33,2
13/04/2022 13:32,5
13/04/2022 13:32,2
13/04/2022 13:31,1
13/04/2022 13:31,1
13/04/2022 13:31,1
13/04/2022 13:31,1
13/04/2022 13:30,5
13/04/2022 13:30,2
13/04/2022 13:27,5
13/04/2022 13:26,5
13/04/2022 13:25,2
13/04/2022 13:24,3
13/04/2022 13:23,1
13/04/2022 13:20,2
13/04/2022 13:19,2
13/04/2022 13:18,1
13/04/2022 13:04,2
13/04/2022 13:03,1
13/04/2022 13:03,1
13/04/2022 13:02,3
13/04/2022 13:02,2
13/04/2022 13:02,1
13/04/2022 13:01,2
13/04/2022 13:00,1
13/04/2022 12:57,1
13/04/2022 12:56,1
13/04/2022 12:56,5
13/04/2022 12:54,1
13/04/2022 12:53,3
13/04/2022 12:53,2
13/04/2022 12:53,3
13/04/2022 12:53,2
13/04/2022 12:51,1
13/04/2022 12:50,1
13/04/2022 12:50,1
13/04/2022 12:50,4
13/04/2022 12:48,4
13/04/2022 12:48,2
13/04/2022 12:47,3
13/04/2022 12:45,2
13/04/2022 12:44,4
13/04/2022 12:43,2
13/04/2022 12:43,1
13/04/2022 12:42,1
13/04/2022 12:42,2
13/04/2022 12:35,2
13/04/2022 12:34,1
13/04/2022 12:34,2
13/04/2022 12:33,5
13/04/2022 12:30,4
13/04/2022 12:27,2
13/04/2022 12:20,1
13/04/2022 12:19,2
13/04/2022 12:19,3
13/04/2022 12:18,1
13/04/2022 12:18,3
13/04/2022 12:17,3
13/04/2022 12:17,2
13/04/2022 12:17,1
13/04/2022 12:15,1
13/04/2022 12:13,3
13/04/2022 12:06,1
13/04/2022 12:06,5
13/04/2022 12:05,3
13/04/2022 12:04,5
13/04/2022 12:03,4
13/04/2022 12:02,3
13/04/2022 12:01,1
13/04/2022 11:59,1
13/04/2022 11:59,3
13/04/2022 11:58,3
13/04/2022 11:54,3
13/04/2022 11:52,5
13/04/2022 11:48,1
13/04/2022 11:45,1
13/04/2022 11:44,4
13/04/2022 11:43,1
13/04/2022 11:43,5
13/04/2022 11:43,1
13/04/2022 11:40,1
13/04/2022 11:39,2
13/04/2022 11:39,4
13/04/2022 11:38,1
13/04/2022 11:37,1
13/04/2022 11:37,2
13/04/2022 11:35,2
13/04/2022 11:33,5
13/04/2022 11:32,1
13/04/2022 11:32,5
13/04/2022 11:31,1
13/04/2022 11:28,2
13/04/2022 11:27,2
13/04/2022 11:26,5
13/04/2022 11:24,4
13/04/2022 11:24,1
13/04/2022 11:21,1
13/04/2022 11:20,1
13/04/2022 11:20,5
13/04/2022 11:16,2
13/04/2022 11:12,4
13/04/2022 11:12,5
13/04/2022 11:09,1
13/04/2022 11:07,3
13/04/2022 11:05,4
13/04/2022 11:03,2
13/04/2022 11:01,4
13/04/2022 11:00,4
13/04/2022 10:59,1
13/04/2022 10:59,2
13/04/2022 10:57,2
13/04/2022 10:56,2
13/04/2022 10:55,1
13/04/2022 10:54,1
13/04/2022 10:51,1
13/04/2022 10:50,2
13/04/2022 10:46,5
13/04/2022 10:44,2
13/04/2022 10:43,1
13/04/2022 10:43,3
13/04/2022 10:43,3
13/04/2022 10:40,2
13/04/2022 10:40,2
13/04/2022 10:39,2
13/04/2022 10:38,1
13/04/2022 10:38,5
13/04/2022 10:37,1
13/04/2022 10:35,1
13/04/2022 10:35,1
13/04/2022 10:31,2
13/04/2022 10:30,1
13/04/2022 10:30,1
13/04/2022 10:27,1
13/04/2022 10:26,2
13/04/2022 10:24,5
13/04/2022 10:24,1
13/04/2022 10:22,2
13/04/2022 10:22,2
13/04/2022 10:21,3
13/04/2022 10:20,2
13/04/2022 10:18,5
13/04/2022 10:16,5
13/04/2022 10:14,5
13/04/2022 10:14,1
13/04/2022 10:13,1
13/04/2022 10:09,4
13/04/2022 10:07,3
13/04/2022 10:07,3
13/04/2022 10:05,1
13/04/2022 10:00,2
13/04/2022 09:58,2
13/04/2022 09:56,4
13/04/2022 09:56,3
13/04/2022 09:54,1
13/04/2022 09:52,1
13/04/2022 09:43,5
13/04/2022 09:41,1
13/04/2022 09:38,1
13/04/2022 09:37,1
13/04/2022 09:34,2
13/04/2022 09:32,1
13/04/2022 09:23,1
13/04/2022 09:23,1
13/04/2022 09:22,1
13/04/2022 09:21,1
13/04/2022 09:19,1
13/04/2022 09:14,2
13/04/2022 09:12,1
13/04/2022 09:11,1
13/04/2022 09:11,1
13/04/2022 09:10,1
13/04/2022 09:08,2
13/04/2022 09:08,3
13/04/2022 09:08,1
13/04/2022 09:06,1
13/04/2022 09:05,2
13/04/2022 08:59,2
13/04/2022 08:59,1
13/04/2022 08:56,3
13/04/2022 08:56,1
13/04/2022 08:55,3
13/04/2022 08:50,1
13/04/2022 08:50,4
13/04/2022 08:49,4
13/04/2022 08:47,3
13/04/2022 08:45,1
13/04/2022 08:45,4
13/04/2022 08:40,4
13/04/2022 08:39,5
13/04/2022 08:31,4
13/04/2022 08:30,1
13/04/2022 08:30,5
13/04/2022 08:26,2
13/04/2022 08:26,2
13/04/2022 08:24,4
13/04/2022 08:22,3
13/04/2022 08:18,2
13/04/2022 08:17,1
13/04/2022 08:14,3
13/04/2022 08:14,3
13/04/2022 08:10,2
13/04/2022 08:09,5
13/04/2022 08:06,1
13/04/2022 08:05,1
13/04/2022 08:03,2
13/04/2022 07:59,2
13/04/2022 07:58,4
13/04/2022 07:57,1
13/04/2022 07:54,1
13/04/2022 07:54,5
13/04/2022 07:53,1
13/04/2022 07:51,1
13/04/2022 07:50,3
13/04/2022 07:50,1
13/04/2022 07:49,5
13/04/2022 07:48,1
13/04/2022 07:43,1
13/04/2022 07:38,4
13/04/2022 07:33,1
13/04/2022 07:29,2
13/04/2022 07:29,1
13/04/2022 07:29,1
13/04/2022 07:29,4
13/04/2022 07:27,1
13/04/2022 07:27,1
13/04/2022 07:24,1
13/04/2022 07:20,5
13/04/2022 07:18,5
13/04/2022 07:18,3
13/04/2022 07:17,1
13/04/2022 07:14,3
13/04/2022 07:14,5
13/04/2022 07:13,2
13/04/2022 07:09,1
13/04/2022 07:07,1
13/04/2022 07:07,3
13/04/2022 07:04,1
13/04/2022 07:03,1
13/04/2022 07:00,1
13/04/2022 06:53,1
13/04/2022 06:52,1
13/04/2022 06:49,3
13/04/2022 06:48,1
13/04/2022 06:43,1
13/04/2022 06:43,5
13/04/2022 06:43,4
13/04/2022 06:40,1
13/04/2022 06:40,3
13/04/2022 06:36,1
13/04/2022 06:32,3
13/04/2022 06:32,1
13/04/2022 06:31,2
13/04/2022 06:31,2
13/04/2022 06:29,3
13/04/2022 06:28,1
13/04/2022 06:21,2
13/04/2022 06:21,1
13/04/2022 06:20,3
13/04/2022 06:19,1
13/04/2022 06:18,2
13/04/2022 06:16,3
13/04/2022 06:11,5
13/04/2022 06:10,3
13/04/2022 06:06,1
13/04/2022 06:05,5
13/04/2022 06:01,2
13/04/2022 05:54,1
13/04/2022 05:46,1
13/04/2022 05:43,1
13/04/2022 05:41,2
13/04/2022 05:36,1
13/04/2022 05:34,1
13/04/2022 05:33,4
13/04/2022 05:28,1
13/04/2022 05:28,3
13/04/2022 05:25,1
13/04/2022 05:24,1
13/04/2022 05:24,2
13/04/2022 05:21,2
13/04/2022 05:19,2
13/04/2022 05:18,1
13/04/2022 05:18,1
13/04/2022 05:16,5
13/04/2022 05:14,1
13/04/2022 05:12,3
13/04/2022 05:09,3
13/04/2022 05:01,4
13/04/2022 05:00,2
13/04/2022 05:00,2
13/04/2022 04:59,2
13/04/2022 04:58,1
13/04/2022 04:57,2
13/04/2022 04:56,1
13/04/2022 04:53,2
13/04/2022 04:50,2
13/04/2022 04:49,4
13/04/2022 04:48,1
13/04/2022 04:46,1
13/04/2022 04:45,5
13/04/2022 04:43,1
13/04/2022 04:43,2
13/04/2022 04:43,1
13/04/2022 04:41,2
13/04/2022 04:39,1
13/04/2022 04:30,1
13/04/2022 04:29,1
13/04/2022 04:28,3
13/04/2022 04:23,1
13/04/2022 04:23,2
13/04/2022 04:22,2
13/04/2022 04:19,2
13/04/2022 04:18,1
13/04/2022 04:18,2
13/04/2022 04:17,5
13/04/2022 04:15,5
13/04/2022 04:12,5
13/04/2022 04:11,1
13/04/2022 04:11,3
13/04/2022 04:03,5
13/04/2022 04:02,2
13/04/2022 04:00,3
13/04/2022 03:59,1
13/04/2022 03:57,1
13/04/2022 03:52,2
13/04/2022 03:45,5
13/04/2022 03:44,1
13/04/2022 03:40,1
13/04/2022 03:39,5
13/04/2022 03:39,2
13/04/2022 03:36,2
13/04/2022 03:35,3
13/04/2022 03:33,2
13/04/2022 03:33,1
13/04/2022 03:32,1
13/04/2022 03:27,2
13/04/2022 03:23,1
13/04/2022 03:22,2
13/04/2022 03:21,3
13/04/2022 03:19,1
13/04/2022 03:17,5
13/04/2022 03:11,1
13/04/2022 03:11,1
13/04/2022 03:10,1
13/04/2022 03:01,1
13/04/2022 03:00,2
13/04/2022 02:59,1
13/04/2022 02:57,4
13/04/2022 02:56,4
13/04/2022 02:52,1
13/04/2022 02:48,3
13/04/2022 02:45,1
13/04/2022 02:44,5
13/04/2022 02:44,1
13/04/2022 02:43,2
13/04/2022 02:39,5
13/04/2022 02:34,4
13/04/2022 02:33,2
13/04/2022 02:32,5
13/04/2022 02:31,1
13/04/2022 02:30,2
13/04/2022 02:24,1
13/04/2022 02:22,1
13/04/2022 02:22,5
13/04/2022 02:21,5
13/04/2022 02:18,3
13/04/2022 02:18,2
13/04/2022 02:18,3
13/04/2022 02:17,1
13/04/2022 02:14,1
13/04/2022 02:12,3
13/04/2022 02:09,1
13/04/2022 02:08,1
13/04/2022 02:08,5
13/04/2022 02:05,5
13/04/2022 02:04,5
13/04/2022 02:04,1
13/04/2022 02:03,2
13/04/2022 02:03,5
13/04/2022 02:03,1
13/04/2022 01:59,5
13/04/2022 01:58,1
13/04/2022 01:58,3
13/04/2022 01:56,1
13/04/2022 01:55,2
13/04/2022 01:54,1
13/04/2022 01:52,5
13/04/2022 01:51,2
13/04/2022 01:47,5
13/04/2022 01:45,5
13/04/2022 01:45,2
13/04/2022 01:44,1
13/04/2022 01:41,1
13/04/2022 01:40,5
13/04/2022 01:39,2
13/04/2022 01:39,1
13/04/2022 01:37,1
13/04/2022 01:36,2
13/04/2022 01:35,1
13/04/2022 01:35,2
13/04/2022 01:33,2
13/04/2022 01:33,1
13/04/2022 01:32,5
13/04/2022 01:30,1
13/04/2022 01:30,1
13/04/2022 01:27,4
13/04/2022 01:27,2
13/04/2022 01:23,1
13/04/2022 01:22,1
13/04/2022 01:22,3
13/04/2022 01:22,1
13/04/2022 01:20,2
13/04/2022 01:20,1
13/04/2022 01:19,4
13/04/2022 01:19,3
13/04/2022 01:17,1
13/04/2022 01:16,1
13/04/2022 01:14,1
13/04/2022 01:14,2
13/04/2022 01:13,1
13/04/2022 01:13,1
13/04/2022 01:11,1
13/04/2022 01:11,1
13/04/2022 01:10,1
13/04/2022 01:09,1
13/04/2022 01:08,2
13/04/2022 01:08,5
13/04/2022 01:07,1
13/04/2022 01:03,1
13/04/2022 01:02,3
13/04/2022 01:01,5
13/04/2022 01:00,2
13/04/2022 01:00,1
13/04/2022 00:56,1
13/04/2022 00:56,1
13/04/2022 00:55,3
13/04/2022 00:55,1
13/04/2022 00:55,1
13/04/2022 00:54,2
13/04/2022 00:51,1
13/04/2022 00:50,2
13/04/2022 00:49,1
13/04/2022 00:46,2
13/04/2022 00:46,5
13/04/2022 00:34,5
13/04/2022 00:34,1
13/04/2022 00:34,1
13/04/2022 00:28,4
13/04/2022 00:27,1
13/04/2022 00:26,5
13/04/2022 00:26,4
13/04/2022 00:25,2
13/04/2022 00:25,1
13/04/2022 00:23,4
13/04/2022 00:19,1
13/04/2022 00:19,2
13/04/2022 00:17,1
13/04/2022 00:16,2
13/04/2022 00:14,4
13/04/2022 00:13,1
13/04/2022 00:11,5
13/04/2022 00:11,1
13/04/2022 00:11,2
13/04/2022 00:10,4
13/04/2022 00:09,2
13/04/2022 00:08,3
13/04/2022 00:08,2
13/04/2022 00:08,5
13/04/2022 00:07,1
13/04/2022 00:04,2
13/04/2022 00:03,2
13/04/2022 00:00,1
12/04/2022 23:59,3
12/04/2022 23:59,2
12/04/2022 23:58,5
12/04/2022 23:57,1
12/04/2022 23:54,1
12/04/2022 23:53,2
12/04/2022 23:50,3
12/04/2022 23:50,2
12/04/2022 23:50,1
12/04/2022 23:49,5
12/04/2022 23:48,1
12/04/2022 23:40,5
12/04/2022 23:38,4
12/04/2022 23:33,1
12/04/2022 23:31,2
12/04/2022 23:30,5
12/04/2022 23:29,4
12/04/2022 23:24,1
12/04/2022 23:24,3
12/04/2022 23:23,1
12/04/2022 23:21,1
12/04/2022 23:21,1
12/04/2022 23:18,5
12/04/2022 23:18,1
12/04/2022 23:15,1
12/04/2022 23:14,2
12/04/2022 23:12,1
12/04/2022 23:11,3
12/04/2022 23:08,2
12/04/2022 23:07,2
12/04/2022 23:01,1
12/04/2022 23:00,1
12/04/2022 23:00,1
12/04/2022 22:56,1
12/04/2022 22:54,1
12/04/2022 22:54,5
12/04/2022 22:52,2
12/04/2022 22:52,4
12/04/2022 22:51,1
12/04/2022 22:50,4
12/04/2022 22:48,1
12/04/2022 22:47,1
12/04/2022 22:47,5
12/04/2022 22:47,2
12/04/2022 22:47,1
12/04/2022 22:43,2
12/04/2022 22:43,1
12/04/2022 22:40,5
12/04/2022 22:39,5
12/04/2022 22:37,1
12/04/2022 22:36,1
12/04/2022 22:36,1
12/04/2022 22:36,3
12/04/2022 22:35,2
12/04/2022 22:35,1
12/04/2022 22:34,2
12/04/2022 22:34,1
12/04/2022 22:30,2
12/04/2022 22:29,4
12/04/2022 22:26,1
12/04/2022 22:25,4
12/04/2022 22:24,5
12/04/2022 22:24,4
12/04/2022 22:22,1
12/04/2022 22:21,3
12/04/2022 22:21,1
12/04/2022 22:17,3
12/04/2022 22:16,4
12/04/2022 22:15,2
12/04/2022 22:14,1
12/04/2022 22:13,2
12/04/2022 22:12,1
12/04/2022 22:11,4
12/04/2022 22:09,2
12/04/2022 22:09,1
12/04/2022 22:08,1
12/04/2022 22:08,5
12/04/2022 22:07,2
12/04/2022 22:06,1
12/04/2022 22:05,5
12/04/2022 22:05,1
12/04/2022 22:02,2
12/04/2022 22:01,5
12/04/2022 22:01,1
12/04/2022 22:01,2
12/04/2022 21:55,1
12/04/2022 21:55,1
12/04/2022 21:53,1
12/04/2022 21:52,1
12/04/2022 21:52,1
12/04/2022 21:51,1
12/04/2022 21:49,2
12/04/2022 21:46,5
12/04/2022 21:46,1
12/04/2022 21:44,2
12/04/2022 21:42,3
12/04/2022 21:42,5
12/04/2022 21:42,1
12/04/2022 21:41,5
12/04/2022 21:41,1
12/04/2022 21:40,1
12/04/2022 21:40,1
12/04/2022 21:39,3
12/04/2022 21:36,3
12/04/2022 21:36,1
12/04/2022 21:33,4
12/04/2022 21:29,5
12/04/2022 21:23,5
12/04/2022 21:23,1
12/04/2022 21:22,2
12/04/2022 21:21,5
12/04/2022 21:20,5
12/04/2022 21:19,4
12/04/2022 21:18,2
12/04/2022 21:17,2
12/04/2022 21:17,2
12/04/2022 21:16,1
12/04/2022 21:15,1
12/04/2022 21:14,5
12/04/2022 21:14,1
12/04/2022 21:13,2
12/04/2022 21:13,2
12/04/2022 21:13,1
12/04/2022 21:11,1
12/04/2022 21:11,1
12/04/2022 21:10,3
12/04/2022 21:09,1
12/04/2022 21:02,1
12/04/2022 21:01,5
12/04/2022 21:01,3
12/04/2022 20:59,1
12/04/2022 20:59,2
12/04/2022 20:59,1
12/04/2022 20:58,1
12/04/2022 20:58,2
12/04/2022 20:57,1
12/04/2022 20:53,5
12/04/2022 20:50,1
12/04/2022 20:50,1
12/04/2022 20:49,5
12/04/2022 20:48,5
12/04/2022 20:44,1
12/04/2022 20:44,1
12/04/2022 20:44,4
12/04/2022 20:44,1
12/04/2022 20:38,1
12/04/2022 20:35,1
12/04/2022 20:34,1
12/04/2022 20:33,1
12/04/2022 20:33,1
12/04/2022 20:32,1
12/04/2022 20:31,1
12/04/2022 20:31,2
12/04/2022 20:30,1
12/04/2022 20:29,1
12/04/2022 20:29,2
12/04/2022 20:28,1
12/04/2022 20:28,4
12/04/2022 20:26,5
12/04/2022 20:26,1
12/04/2022 20:26,2
12/04/2022 20:23,2
12/04/2022 20:21,1
12/04/2022 20:21,2
12/04/2022 20:20,1
12/04/2022 20:19,2
12/04/2022 20:19,1
12/04/2022 20:17,1
12/04/2022 20:15,2
12/04/2022 20:15,2
12/04/2022 20:15,1
12/04/2022 20:11,3
12/04/2022 20:11,1
12/04/2022 20:11,3
12/04/2022 20:07,1
12/04/2022 20:07,1
12/04/2022 20:06,3
12/04/2022 20:05,2
12/04/2022 20:05,2
12/04/2022 20:05,1
12/04/2022 20:05,3
12/04/2022 20:05,1
12/04/2022 20:00,5
12/04/2022 19:58,1
12/04/2022 19:57,1
12/04/2022 19:56,1
12/04/2022 19:54,2
12/04/2022 19:54,1
12/04/2022 19:52,2
12/04/2022 19:52,1
12/04/2022 19:50,2
12/04/2022 19:49,1
12/04/2022 19:49,4
12/04/2022 19:47,1
12/04/2022 19:47,2
12/04/2022 19:45,1
12/04/2022 19:44,5
12/04/2022 19:44,1
12/04/2022 19:39,3
12/04/2022 19:39,1
12/04/2022 19:38,1
12/04/2022 19:37,1
12/04/2022 19:36,1
12/04/2022 19:35,2
12/04/2022 19:33,1
12/04/2022 19:30,1
12/04/2022 19:29,1
12/04/2022 19:24,5
12/04/2022 19:24,1
12/04/2022 19:24,1
12/04/2022 19:22,1
12/04/2022 19:21,1
12/04/2022 19:21,1
12/04/2022 19:20,1
12/04/2022 19:19,1
12/04/2022 19:17,2
12/04/2022 19:16,1
12/04/2022 19:16,1
12/04/2022 19:16,3
12/04/2022 19:14,2
12/04/2022 19:13,1
12/04/2022 19:13,1
12/04/2022 19:12,3
12/04/2022 19:11,5
12/04/2022 19:11,2
12/04/2022 19:10,2
12/04/2022 19:09,1
12/04/2022 19:07,1
12/04/2022 19:03,5
12/04/2022 19:03,1
12/04/2022 19:03,1
12/04/2022 19:02,5
12/04/2022 18:59,1
12/04/2022 18:59,1
12/04/2022 18:59,5
12/04/2022 18:59,1
12/04/2022 18:58,2
12/04/2022 18:57,2
12/04/2022 18:57,2
12/04/2022 18:56,5
12/04/2022 18:54,2
12/04/2022 18:54,2
12/04/2022 18:53,1
12/04/2022 18:53,3
12/04/2022 18:50,5
12/04/2022 18:49,5
12/04/2022 18:49,2
12/04/2022 18:48,2
12/04/2022 18:47,1
12/04/2022 18:46,3
12/04/2022 18:45,1
12/04/2022 18:42,2
12/04/2022 18:39,1
12/04/2022 18:39,4
12/04/2022 18:39,3
12/04/2022 18:39,2
12/04/2022 18:38,1
12/04/2022 18:38,1
12/04/2022 18:36,3
12/04/2022 18:35,1
12/04/2022 18:34,2
12/04/2022 18:33,2
12/04/2022 18:32,2
12/04/2022 18:31,1
12/04/2022 18:31,1
12/04/2022 18:30,1
12/04/2022 18:27,5
12/04/2022 18:27,1
12/04/2022 18:25,2
12/04/2022 18:24,1
12/04/2022 18:23,1
12/04/2022 18:19,1
12/04/2022 18:17,1
12/04/2022 18:14,1
12/04/2022 18:14,5
12/04/2022 18:12,1
12/04/2022 18:10,2
12/04/2022 18:08,1
12/04/2022 18:08,4
12/04/2022 18:08,1
12/04/2022 18:07,3
12/04/2022 18:06,2
12/04/2022 18:04,1
12/04/2022 18:02,1
12/04/2022 18:01,2
12/04/2022 18:01,2
12/04/2022 18:00,1
12/04/2022 17:59,3
12/04/2022 17:57,2
12/04/2022 17:56,2
12/04/2022 17:56,5
12/04/2022 17:55,1
12/04/2022 17:55,1
12/04/2022 17:54,1
12/04/2022 17:53,1
12/04/2022 17:51,2
12/04/2022 17:51,1
12/04/2022 17:50,2
12/04/2022 17:50,1
12/04/2022 17:50,1
12/04/2022 17:49,3
12/04/2022 17:47,4
12/04/2022 17:45,5
12/04/2022 17:45,1
12/04/2022 17:45,4
12/04/2022 17:43,5
12/04/2022 17:43,2
12/04/2022 17:37,1
12/04/2022 17:36,1
12/04/2022 17:34,2
12/04/2022 17:33,1
12/04/2022 17:32,2
12/04/2022 17:31,4
12/04/2022 17:30,2
12/04/2022 17:30,1
12/04/2022 17:29,1
12/04/2022 17:28,1
12/04/2022 17:27,2
12/04/2022 17:26,1
12/04/2022 17:26,5
12/04/2022 17:25,5
12/04/2022 17:24,5
12/04/2022 17:23,1
12/04/2022 17:22,1
12/04/2022 17:21,1
12/04/2022 17:21,1
12/04/2022 17:21,1
12/04/2022 17:20,2
12/04/2022 17:20,1
12/04/2022 17:19,2
12/04/2022 17:18,1
12/04/2022 17:18,5
12/04/2022 17:17,3
12/04/2022 17:16,3
12/04/2022 17:15,1
12/04/2022 17:12,3
12/04/2022 17:10,1
12/04/2022 17:10,2
12/04/2022 17:08,5
12/04/2022 17:08,1
12/04/2022 17:07,4
12/04/2022 17:06,2
12/04/2022 17:06,2
12/04/2022 17:05,5
12/04/2022 17:05,1
12/04/2022 17:05,5
12/04/2022 17:04,1
12/04/2022 17:04,1
12/04/2022 17:01,5
12/04/2022 16:56,5
12/04/2022 16:53,4
12/04/2022 16:53,5
12/04/2022 16:51,1
12/04/2022 16:49,1
12/04/2022 16:46,1
12/04/2022 16:44,1
12/04/2022 16:42,1
12/04/2022 16:41,1
12/04/2022 16:40,1
12/04/2022 16:38,5
12/04/2022 16:37,1
12/04/2022 16:36,4
12/04/2022 16:36,2
12/04/2022 16:35,2
12/04/2022 16:34,3
12/04/2022 16:33,3
12/04/2022 16:31,1
12/04/2022 16:30,1
12/04/2022 16:27,2
12/04/2022 16:27,1
12/04/2022 16:26,5
12/04/2022 16:26,1
12/04/2022 16:24,2
12/04/2022 16:22,4
12/04/2022 16:20,4
12/04/2022 16:19,5
12/04/2022 16:19,2
12/04/2022 16:17,2
12/04/2022 16:17,1
12/04/2022 16:15,1
12/04/2022 16:15,3
12/04/2022 16:15,2
12/04/2022 16:13,4
12/04/2022 16:12,2
12/04/2022 16:12,3
12/04/2022 16:12,2
12/04/2022 16:11,1
12/04/2022 16:07,5
12/04/2022 16:03,2
12/04/2022 16:03,5
12/04/2022 16:00,3
12/04/2022 16:00,1
12/04/2022 15:59,5
12/04/2022 15:59,2
12/04/2022 15:58,4
12/04/2022 15:57,3
12/04/2022 15:54,1
12/04/2022 15:52,2
12/04/2022 15:51,2
12/04/2022 15:49,3
12/04/2022 15:49,1
12/04/2022 15:49,2
12/04/2022 15:49,2
12/04/2022 15:45,2
12/04/2022 15:44,5
12/04/2022 15:43,2
12/04/2022 15:42,2
12/04/2022 15:42,2
12/04/2022 15:42,3
12/04/2022 15:42,2
12/04/2022 15:42,2
12/04/2022 15:41,4
12/04/2022 15:40,5
12/04/2022 15:38,1
12/04/2022 15:38,3
12/04/2022 15:37,1
12/04/2022 15:37,1
12/04/2022 15:36,3
12/04/2022 15:35,5
12/04/2022 15:33,1
12/04/2022 15:32,1
12/04/2022 15:30,2
12/04/2022 15:29,1
12/04/2022 15:28,4
12/04/2022 15:27,3
12/04/2022 15:27,2
12/04/2022 15:25,1
12/04/2022 15:25,4
12/04/2022 15:25,3
12/04/2022 15:20,4
12/04/2022 15:17,5
12/04/2022 15:16,4
12/04/2022 15:16,5
12/04/2022 15:15,5
12/04/2022 15:13,1
12/04/2022 15:13,1
12/04/2022 15:11,3
12/04/2022 15:10,1
12/04/2022 15:08,2
12/04/2022 15:07,2
12/04/2022 15:01,1
12/04/2022 15:01,4
12/04/2022 15:00,1
12/04/2022 15:00,4
12/04/2022 14:59,1
12/04/2022 14:57,5
12/04/2022 14:56,1
12/04/2022 14:55,3
12/04/2022 14:54,4
12/04/2022 14:50,5
12/04/2022 14:44,2
12/04/2022 14:44,1
12/04/2022 14:41,3
12/04/2022 14:40,1
12/04/2022 14:39,2
12/04/2022 14:39,3
12/04/2022 14:38,2
12/04/2022 14:38,1
12/04/2022 14:35,5
12/04/2022 14:35,1
12/04/2022 14:35,2
12/04/2022 14:34,1
12/04/2022 14:33,2
12/04/2022 14:30,1
12/04/2022 14:30,2
12/04/2022 14:29,3
12/04/2022 14:24,1
12/04/2022 14:24,1
12/04/2022 14:23,2
12/04/2022 14:23,3
12/04/2022 14:21,2
12/04/2022 14:20,2
12/04/2022 14:17,1
12/04/2022 14:13,1
12/04/2022 14:12,2
12/04/2022 14:11,3
12/04/2022 14:11,2
12/04/2022 14:09,2
12/04/2022 14:05,1
12/04/2022 14:03,2
12/04/2022 14:00,2
12/04/2022 13:59,1
12/04/2022 13:58,5
12/04/2022 13:56,5
12/04/2022 13:56,5
12/04/2022 13:52,3
12/04/2022 13:50,1
12/04/2022 13:47,1
12/04/2022 13:46,1
12/04/2022 13:46,4
12/04/2022 13:45,1
12/04/2022 13:44,1
12/04/2022 13:44,5
12/04/2022 13:43,1
12/04/2022 13:42,3
12/04/2022 13:41,2
12/04/2022 13:40,1
12/04/2022 13:36,1
12/04/2022 13:36,3
12/04/2022 13:35,1
12/04/2022 13:32,5
12/04/2022 13:31,1
12/04/2022 13:30,1
12/04/2022 13:27,2
12/04/2022 13:26,3
12/04/2022 13:24,5
12/04/2022 13:20,2
12/04/2022 13:20,1
12/04/2022 13:17,1
12/04/2022 13:16,1
12/04/2022 13:16,2
12/04/2022 13:14,1
12/04/2022 13:11,1
12/04/2022 13:07,1
12/04/2022 13:07,5
12/04/2022 13:06,1
12/04/2022 13:05,3
12/04/2022 13:04,1
12/04/2022 13:03,1
12/04/2022 13:00,5
12/04/2022 12:58,2
12/04/2022 12:57,4
12/04/2022 12:57,1
12/04/2022 12:57,1
12/04/2022 12:54,3
12/04/2022 12:52,1
12/04/2022 12:52,1
12/04/2022 12:52,1
12/04/2022 12:43,3
12/04/2022 12:41,2
12/04/2022 12:40,1
12/04/2022 12:39,2
12/04/2022 12:39,1
12/04/2022 12:38,2
12/04/2022 12:36,1
12/04/2022 12:36,3
12/04/2022 12:35,1
12/04/2022 12:34,2
12/04/2022 12:34,2
12/04/2022 12:34,1
12/04/2022 12:31,5
12/04/2022 12:31,3
12/04/2022 12:30,1
12/04/2022 12:29,2
12/04/2022 12:29,5
12/04/2022 12:27,5
12/04/2022 12:27,4
12/04/2022 12:27,1
12/04/2022 12:23,5
12/04/2022 12:23,1
12/04/2022 12:18,3
12/04/2022 12:15,1
12/04/2022 12:12,1
12/04/2022 12:11,1
12/04/2022 12:10,3
12/04/2022 12:09,1
12/04/2022 12:09,5
12/04/2022 12:08,3
12/04/2022 12:07,5
12/04/2022 12:06,5
12/04/2022 12:05,1
12/04/2022 12:03,1
12/04/2022 12:02,1
12/04/2022 12:02,5
12/04/2022 12:02,2
12/04/2022 12:01,1
12/04/2022 12:00,2
12/04/2022 11:57,4
12/04/2022 11:56,1
12/04/2022 11:56,1
12/04/2022 11:55,5
12/04/2022 11:55,2
12/04/2022 11:54,1
12/04/2022 11:54,3
12/04/2022 11:49,1
12/04/2022 11:49,1
12/04/2022 11:47,4
12/04/2022 11:45,3
12/04/2022 11:43,5
12/04/2022 11:39,4
12/04/2022 11:35,2
12/04/2022 11:33,3
12/04/2022 11:31,1
12/04/2022 11:30,1
12/04/2022 11:26,1
12/04/2022 11:23,3
12/04/2022 11:22,1
12/04/2022 11:19,1
12/04/2022 11:18,1
12/04/2022 11:16,3
12/04/2022 11:15,2
12/04/2022 11:13,2
12/04/2022 11:03,3
12/04/2022 11:00,1
12/04/2022 10:58,2
12/04/2022 10:58,5
12/04/2022 10:52,3
12/04/2022 10:52,1
12/04/2022 10:51,2
12/04/2022 10:50,2
12/04/2022 10:45,1
12/04/2022 10:45,1
12/04/2022 10:45,1
12/04/2022 10:44,4
12/04/2022 10:42,3
12/04/2022 10:39,5
12/04/2022 10:39,5
12/04/2022 10:39,4
12/04/2022 10:38,5
12/04/2022 10:36,5
12/04/2022 10:34,1
12/04/2022 10:33,5
12/04/2022 10:29,1
12/04/2022 10:29,1
12/04/2022 10:25,1
12/04/2022 10:24,1
12/04/2022 10:23,1
12/04/2022 10:18,3
12/04/2022 10:18,5
12/04/2022 10:10,2
12/04/2022 10:10,1
12/04/2022 10:10,4
12/04/2022 10:04,5
12/04/2022 10:03,1
12/04/2022 10:00,3
12/04/2022 10:00,5
12/04/2022 09:59,2
12/04/2022 09:57,3
12/04/2022 09:55,3
12/04/2022 09:51,1
12/04/2022 09:49,3
12/04/2022 09:49,2
12/04/2022 09:48,1
12/04/2022 09:47,1
12/04/2022 09:47,1
12/04/2022 09:46,2
12/04/2022 09:44,1
12/04/2022 09:41,1
12/04/2022 09:38,1
12/04/2022 09:33,4
12/04/2022 09:31,5
12/04/2022 09:28,1
12/04/2022 09:22,5
12/04/2022 09:20,5
12/04/2022 09:18,3
12/04/2022 09:14,3
12/04/2022 09:08,5
12/04/2022 09:05,3
12/04/2022 09:03,1
12/04/2022 08:56,4
12/04/2022 08:55,1
12/04/2022 08:47,3
12/04/2022 08:43,1
12/04/2022 08:41,5
12/04/2022 08:39,3
12/04/2022 08:37,5
12/04/2022 08:36,1
12/04/2022 08:33,5
12/04/2022 08:31,1
12/04/2022 08:28,1
12/04/2022 08:23,2
12/04/2022 08:21,1
12/04/2022 08:18,1
12/04/2022 08:14,2
12/04/2022 08:12,3
12/04/2022 08:10,1
12/04/2022 08:08,1
12/04/2022 08:05,5
12/04/2022 08:04,2
12/04/2022 08:04,2
12/04/2022 08:03,1
12/04/2022 08:00,1
12/04/2022 07:59,1
12/04/2022 07:55,2
12/04/2022 07:52,4
12/04/2022 07:50,2
12/04/2022 07:50,5
12/04/2022 07:48,4
12/04/2022 07:45,1
12/04/2022 07:43,1
12/04/2022 07:39,2
12/04/2022 07:32,2
12/04/2022 07:31,1
12/04/2022 07:28,2
12/04/2022 07:28,1
12/04/2022 07:23,1
12/04/2022 07:22,3
12/04/2022 07:19,1
12/04/2022 07:17,4
12/04/2022 07:14,1
12/04/2022 07:14,3
12/04/2022 07:11,1
12/04/2022 07:11,1
12/04/2022 07:08,1
12/04/2022 07:08,3
12/04/2022 07:07,3
12/04/2022 07:07,1
12/04/2022 07:03,1
12/04/2022 07:01,2
12/04/2022 06:59,5
12/04/2022 06:58,1
12/04/2022 06:48,5
12/04/2022 06:47,2
12/04/2022 06:46,1
12/04/2022 06:44,5
12/04/2022 06:42,1
12/04/2022 06:41,1
12/04/2022 06:41,1
12/04/2022 06:40,1
12/04/2022 06:35,5
12/04/2022 06:26,1
12/04/2022 06:22,1
12/04/2022 06:19,5
12/04/2022 06:18,2
12/04/2022 06:13,2
12/04/2022 06:08,1
12/04/2022 06:06,1
12/04/2022 06:03,1
12/04/2022 06:02,5
12/04/2022 06:01,2
12/04/2022 05:57,4
12/04/2022 05:56,3
12/04/2022 05:55,1
12/04/2022 05:53,1
12/04/2022 05:50,3
12/04/2022 05:48,1
12/04/2022 05:47,1
12/04/2022 05:47,1
12/04/2022 05:46,5
12/04/2022 05:43,5
12/04/2022 05:39,3
12/04/2022 05:39,5
12/04/2022 05:34,1
12/04/2022 05:31,1
12/04/2022 05:31,1
12/04/2022 05:28,1
12/04/2022 05:26,1
12/04/2022 05:20,2
12/04/2022 05:13,1
12/04/2022 05:13,5
12/04/2022 05:09,1
12/04/2022 05:08,1
12/04/2022 05:07,5
12/04/2022 05:07,1
12/04/2022 05:07,1
12/04/2022 05:04,1
12/04/2022 05:04,3
12/04/2022 05:02,1
12/04/2022 04:59,3
12/04/2022 04:56,2
12/04/2022 04:54,1
12/04/2022 04:52,4
12/04/2022 04:47,1
12/04/2022 04:44,1
12/04/2022 04:42,2
12/04/2022 04:41,5
12/04/2022 04:39,4
12/04/2022 04:37,1
12/04/2022 04:34,4
12/04/2022 04:33,1
12/04/2022 04:27,2
12/04/2022 04:26,1
12/04/2022 04:25,1
12/04/2022 04:24,3
12/04/2022 04:21,3
12/04/2022 04:21,1
12/04/2022 04:21,1
12/04/2022 04:20,1
12/04/2022 04:19,2
12/04/2022 04:16,1
12/04/2022 04:15,1
12/04/2022 04:13,2
12/04/2022 04:11,2
12/04/2022 04:11,1
12/04/2022 04:09,3
12/04/2022 04:09,1
12/04/2022 04:05,5
12/04/2022 04:01,4
12/04/2022 03:59,2
12/04/2022 03:59,5
12/04/2022 03:56,1
12/04/2022 03:56,2
12/04/2022 03:55,1
12/04/2022 03:55,1
12/04/2022 03:50,3
12/04/2022 03:48,1
12/04/2022 03:44,1
12/04/2022 03:44,3
12/04/2022 03:44,3
12/04/2022 03:43,1
12/04/2022 03:40,3
12/04/2022 03:38,5
12/04/2022 03:36,3
12/04/2022 03:36,1
12/04/2022 03:35,3
12/04/2022 03:32,4
12/04/2022 03:31,4
12/04/2022 03:27,2
12/04/2022 03:25,1
12/04/2022 03:25,1
12/04/2022 03:21,4
12/04/2022 03:17,2
12/04/2022 03:16,4
12/04/2022 03:14,1
12/04/2022 03:13,1
12/04/2022 03:11,1
12/04/2022 03:11,1
12/04/2022 03:10,1
12/04/2022 03:10,5
12/04/2022 03:07,1
12/04/2022 03:06,2
12/04/2022 02:54,4
12/04/2022 02:54,2
12/04/2022 02:48,5
12/04/2022 02:44,3
12/04/2022 02:44,3
12/04/2022 02:42,2
12/04/2022 02:38,3
12/04/2022 02:36,1
12/04/2022 02:33,1
12/04/2022 02:30,2
12/04/2022 02:28,2
12/04/2022 02:27,2
12/04/2022 02:24,2
12/04/2022 02:22,5
12/04/2022 02:19,3
12/04/2022 02:14,3
12/04/2022 02:07,4
12/04/2022 02:06,2
12/04/2022 02:03,1
12/04/2022 02:01,1
12/04/2022 01:55,4
12/04/2022 01:48,2
12/04/2022 01:42,1
12/04/2022 01:42,2
12/04/2022 01:42,2
12/04/2022 01:41,4
12/04/2022 01:41,1
12/04/2022 01:41,3
12/04/2022 01:40,2
12/04/2022 01:36,3
12/04/2022 01:36,3
12/04/2022 01:34,2
12/04/2022 01:25,1
12/04/2022 01:23,3
12/04/2022 01:19,4
12/04/2022 01:19,4
12/04/2022 01:17,3
12/04/2022 01:16,1
12/04/2022 01:11,2
12/04/2022 01:10,3
12/04/2022 01:08,5
12/04/2022 01:03,1
12/04/2022 01:02,1
12/04/2022 00:58,2
12/04/2022 00:57,4
12/04/2022 00:57,1
12/04/2022 00:55,3
12/04/2022 00:55,1
12/04/2022 00:53,2
12/04/2022 00:52,2
12/04/2022 00:52,5
12/04/2022 00:49,1
12/04/2022 00:48,1
12/04/2022 00:48,1
12/04/2022 00:47,3
12/04/2022 00:45,3
12/04/2022 00:42,1
12/04/2022 00:42,3
12/04/2022 00:38,3
12/04/2022 00:36,1
12/04/2022 00:35,2
12/04/2022 00:28,1
12/04/2022 00:26,3
12/04/2022 00:18,5
12/04/2022 00:10,5
12/04/2022 00:03,3
11/04/2022 23:59,2
11/04/2022 23:56,5
11/04/2022 23:55,3
11/04/2022 23:54,1
11/04/2022 23:54,1
11/04/2022 23:52,2
11/04/2022 23:51,2
11/04/2022 23:47,4
11/04/2022 23:46,5
11/04/2022 23:46,1
11/04/2022 23:46,1
11/04/2022 23:40,3
11/04/2022 23:34,1
11/04/2022 23:33,1
11/04/2022 23:30,5
11/04/2022 23:29,2
11/04/2022 23:22,1
11/04/2022 23:20,5
11/04/2022 23:19,2
11/04/2022 23:17,1
11/04/2022 23:15,2
11/04/2022 23:13,5
11/04/2022 23:13,2
11/04/2022 23:12,3
11/04/2022 23:08,2
11/04/2022 23:08,5
11/04/2022 23:07,2
11/04/2022 23:05,2
11/04/2022 23:03,3
11/04/2022 23:00,1
11/04/2022 22:59,1
11/04/2022 22:59,3
11/04/2022 22:59,3
11/04/2022 22:57,3
11/04/2022 22:57,5
11/04/2022 22:56,1
11/04/2022 22:55,4
11/04/2022 22:55,4
11/04/2022 22:51,1
11/04/2022 22:47,2
11/04/2022 22:40,5
11/04/2022 22:34,3
11/04/2022 22:31,2
11/04/2022 22:30,1
11/04/2022 22:29,4
11/04/2022 22:25,2
11/04/2022 22:25,5
11/04/2022 22:20,5
11/04/2022 22:12,1
11/04/2022 22:12,3
11/04/2022 22:08,3
11/04/2022 22:06,2
11/04/2022 22:01,1
11/04/2022 21:57,2
11/04/2022 21:55,1
11/04/2022 21:51,1
11/04/2022 21:44,1
11/04/2022 21:42,2
11/04/2022 21:40,3
11/04/2022 21:40,5
11/04/2022 21:37,1
11/04/2022 21:35,1
11/04/2022 21:32,1
11/04/2022 21:30,5
11/04/2022 21:30,2
11/04/2022 21:26,1
11/04/2022 21:23,3
11/04/2022 21:23,1
11/04/2022 21:23,3
11/04/2022 21:20,5
11/04/2022 21:12,1
11/04/2022 21:12,1
11/04/2022 21:11,2
11/04/2022 21:05,2
11/04/2022 21:05,1
11/04/2022 21:03,1
11/04/2022 21:01,1
11/04/2022 20:59,3
11/04/2022 20:59,1
11/04/2022 20:58,1
11/04/2022 20:57,3
11/04/2022 20:57,5
11/04/2022 20:57,1
11/04/2022 20:54,2
11/04/2022 20:53,2
11/04/2022 20:51,3
11/04/2022 20:51,1
11/04/2022 20:50,5
11/04/2022 20:50,1
11/04/2022 20:49,1
11/04/2022 20:48,5
11/04/2022 20:46,5
11/04/2022 20:44,1
11/04/2022 20:43,1
11/04/2022 20:43,1
11/04/2022 20:42,3
11/04/2022 20:42,2
11/04/2022 20:42,3
11/04/2022 20:32,1
11/04/2022 20:31,2
11/04/2022 20:28,2
11/04/2022 20:26,4
11/04/2022 20:26,1
11/04/2022 20:26,2
11/04/2022 20:24,1
11/04/2022 20:21,2
11/04/2022 20:19,1
11/04/2022 20:12,5
11/04/2022 20:11,2
11/04/2022 20:10,1
11/04/2022 20:08,2
11/04/2022 20:07,4
11/04/2022 19:58,1
11/04/2022 19:56,3
11/04/2022 19:54,5
11/04/2022 19:53,2
11/04/2022 19:52,3
11/04/2022 19:51,1
11/04/2022 19:47,1
11/04/2022 19:46,3
11/04/2022 19:41,5
11/04/2022 19:36,3
11/04/2022 19:36,5
11/04/2022 19:36,4
11/04/2022 19:32,5
11/04/2022 19:30,2
11/04/2022 19:27,5
11/04/2022 19:26,3
11/04/2022 19:25,5
11/04/2022 19:19,2
11/04/2022 19:18,5
11/04/2022 19:13,1
11/04/2022 19:13,1
11/04/2022 19:11,4
11/04/2022 19:10,3
11/04/2022 19:10,3
11/04/2022 19:07,1
11/04/2022 19:06,4
11/04/2022 19:02,2
11/04/2022 19:00,2
11/04/2022 18:57,1
11/04/2022 18:54,1
11/04/2022 18:53,1
11/04/2022 18:53,1
11/04/2022 18:52,2
11/04/2022 18:47,3
11/04/2022 18:47,2
11/04/2022 18:47,1
11/04/2022 18:47,5
11/04/2022 18:45,3
11/04/2022 18:44,4
11/04/2022 18:44,5
11/04/2022 18:40,1
11/04/2022 18:34,1
11/04/2022 18:33,5
11/04/2022 18:28,1
11/04/2022 18:25,1
11/04/2022 18:24,5
11/04/2022 18:18,5
11/04/2022 18:17,5
11/04/2022 18:16,2
11/04/2022 18:14,5
11/04/2022 18:13,1
11/04/2022 18:12,3
11/04/2022 18:11,1
11/04/2022 18:10,3
11/04/2022 18:10,5
11/04/2022 18:08,1
11/04/2022 18:07,3
11/04/2022 18:01,1
11/04/2022 18:00,5
11/04/2022 17:59,4
11/04/2022 17:59,1
11/04/2022 17:52,2
11/04/2022 17:50,3
11/04/2022 17:47,1
11/04/2022 17:45,5
11/04/2022 17:44,5
11/04/2022 17:42,5
11/04/2022 17:37,1
11/04/2022 17:37,1
11/04/2022 17:36,5
11/04/2022 17:35,1
11/04/2022 17:33,3
11/04/2022 17:31,1
11/04/2022 17:27,1
11/04/2022 17:26,1
11/04/2022 17:25,5
11/04/2022 17:25,5
11/04/2022 17:24,5
11/04/2022 17:23,5
11/04/2022 17:23,2
11/04/2022 17:16,5
11/04/2022 17:16,5
11/04/2022 17:16,1
11/04/2022 17:12,2
11/04/2022 17:11,5
11/04/2022 17:10,2
11/04/2022 17:09,1
11/04/2022 17:08,1
11/04/2022 17:06,3
11/04/2022 17:01,1
11/04/2022 17:00,1
11/04/2022 16:57,5
11/04/2022 16:57,5
11/04/2022 16:57,1
11/04/2022 16:54,5
11/04/2022 16:46,1
11/04/2022 16:44,4
11/04/2022 16:42,1
11/04/2022 16:42,1
11/04/2022 16:40,1
11/04/2022 16:38,1
11/04/2022 16:35,1
11/04/2022 16:30,4
11/04/2022 16:30,2
11/04/2022 16:24,1
11/04/2022 16:21,2
11/04/2022 16:21,3
11/04/2022 16:20,5
11/04/2022 16:19,5
11/04/2022 16:18,1
11/04/2022 16:17,2
11/04/2022 16:16,1
11/04/2022 16:16,2
11/04/2022 16:13,1
11/04/2022 16:12,1
11/04/2022 16:12,4
11/04/2022 16:09,3
11/04/2022 16:06,1
11/04/2022 16:04,3
11/04/2022 16:02,2
11/04/2022 16:01,3
11/04/2022 15:58,2
11/04/2022 15:58,1
11/04/2022 15:55,5
11/04/2022 15:55,5
11/04/2022 15:52,5
11/04/2022 15:52,1
11/04/2022 15:47,1
11/04/2022 15:45,1
11/04/2022 15:43,1
11/04/2022 15:43,1
11/04/2022 15:38,1
11/04/2022 15:37,1
11/04/2022 15:34,5
11/04/2022 15:30,1
11/04/2022 15:28,1
11/04/2022 15:27,4
11/04/2022 15:25,3
11/04/2022 15:20,1
11/04/2022 15:19,2
11/04/2022 15:16,1
11/04/2022 15:15,1
11/04/2022 15:12,5
11/04/2022 15:11,5
11/04/2022 15:09,5
11/04/2022 15:08,3
11/04/2022 15:08,1
11/04/2022 15:06,3
11/04/2022 15:04,2
11/04/2022 15:04,1
11/04/2022 15:04,1
11/04/2022 15:03,4
11/04/2022 15:01,5
11/04/2022 15:00,2
11/04/2022 14:57,1
11/04/2022 14:55,2
11/04/2022 14:55,4
11/04/2022 14:53,1
11/04/2022 14:53,1
11/04/2022 14:53,1
11/04/2022 14:52,5
11/04/2022 14:51,5
11/04/2022 14:49,5
11/04/2022 14:47,1
11/04/2022 14:45,1
11/04/2022 14:44,4
11/04/2022 14:43,5
11/04/2022 14:42,3
11/04/2022 14:38,5
11/04/2022 14:38,2
11/04/2022 14:38,4
11/04/2022 14:36,1
11/04/2022 14:32,1
11/04/2022 14:28,2
11/04/2022 14:26,2
11/04/2022 14:23,1
11/04/2022 14:21,5
11/04/2022 14:18,3
11/04/2022 14:18,5
11/04/2022 14:18,5
11/04/2022 14:08,1
11/04/2022 14:07,1
11/04/2022 14:06,1
11/04/2022 13:58,3
11/04/2022 13:58,1
11/04/2022 13:58,3
11/04/2022 13:54,1
11/04/2022 13:48,5
11/04/2022 13:42,2
11/04/2022 13:38,4
11/04/2022 13:37,1
11/04/2022 13:37,1
11/04/2022 13:36,3
11/04/2022 13:34,3
11/04/2022 13:32,1
11/04/2022 13:32,5
11/04/2022 13:29,3
11/04/2022 13:28,1
11/04/2022 13:26,3
11/04/2022 13:23,5
11/04/2022 13:22,5
11/04/2022 13:21,1
11/04/2022 13:17,3
11/04/2022 13:17,3
11/04/2022 13:17,3
11/04/2022 13:15,5
11/04/2022 13:14,5
11/04/2022 13:13,1
11/04/2022 13:11,1
11/04/2022 13:10,1
11/04/2022 13:08,4
11/04/2022 13:07,2
11/04/2022 13:07,4
11/04/2022 13:07,2
11/04/2022 13:04,2
11/04/2022 13:00,3
11/04/2022 12:59,2
11/04/2022 12:55,2
11/04/2022 12:54,2
11/04/2022 12:54,4
11/04/2022 12:51,1
11/04/2022 12:48,2
11/04/2022 12:44,3
11/04/2022 12:44,4
11/04/2022 12:43,5
11/04/2022 12:41,3
11/04/2022 12:38,5
11/04/2022 12:37,5
11/04/2022 12:35,1
11/04/2022 12:35,2
11/04/2022 12:35,1
11/04/2022 12:34,5
11/04/2022 12:26,2
11/04/2022 12:26,4
11/04/2022 12:24,5
11/04/2022 12:22,4
11/04/2022 12:22,4
11/04/2022 12:17,5
11/04/2022 12:16,3
11/04/2022 12:14,2
11/04/2022 12:11,1
11/04/2022 12:08,3
11/04/2022 12:06,5
11/04/2022 12:05,5
11/04/2022 12:05,4
11/04/2022 12:04,1
11/04/2022 11:54,5
11/04/2022 11:54,5
11/04/2022 11:53,1
11/04/2022 11:49,1
11/04/2022 11:47,2
11/04/2022 11:46,5
11/04/2022 11:45,2
11/04/2022 11:41,5
11/04/2022 11:41,1
11/04/2022 11:38,2
11/04/2022 11:37,5
11/04/2022 11:37,1
11/04/2022 11:34,2
11/04/2022 11:34,1
11/04/2022 11:25,2
11/04/2022 11:19,4
11/04/2022 11:19,3
11/04/2022 11:17,5
11/04/2022 11:15,2
11/04/2022 11:12,5
11/04/2022 11:11,2
11/04/2022 11:10,5
11/04/2022 11:08,3
11/04/2022 10:57,2
11/04/2022 10:54,3
11/04/2022 10:48,1
11/04/2022 10:47,3
11/04/2022 10:45,5
11/04/2022 10:42,5
11/04/2022 10:39,1
11/04/2022 10:39,1
11/04/2022 10:35,1
11/04/2022 10:34,1
11/04/2022 10:33,3
11/04/2022 10:32,1
11/04/2022 10:31,3
11/04/2022 10:31,1
11/04/2022 10:29,1
11/04/2022 10:26,5
11/04/2022 10:21,3
11/04/2022 10:19,2
11/04/2022 10:15,1
11/04/2022 10:13,1
11/04/2022 10:13,1
11/04/2022 10:12,5
11/04/2022 10:03,2
11/04/2022 09:56,3
11/04/2022 09:51,5
11/04/2022 09:50,5
11/04/2022 09:46,1
11/04/2022 09:45,5
11/04/2022 09:44,3
11/04/2022 09:40,1
11/04/2022 09:38,3
11/04/2022 09:36,1
11/04/2022 09:34,1
11/04/2022 09:34,1
11/04/2022 09:33,5
11/04/2022 09:23,2
11/04/2022 09:08,1
11/04/2022 09:05,1
11/04/2022 09:03,5
11/04/2022 08:54,1
11/04/2022 08:49,1
11/04/2022 08:46,1
11/04/2022 08:43,1
11/04/2022 08:41,2
11/04/2022 08:41,3
11/04/2022 08:41,1
11/04/2022 08:38,1
11/04/2022 08:32,2
11/04/2022 08:32,1
11/04/2022 08:27,2
11/04/2022 08:27,1
11/04/2022 08:26,1
11/04/2022 08:24,5
11/04/2022 08:22,3
11/04/2022 08:20,1
11/04/2022 08:16,2
11/04/2022 08:14,3
11/04/2022 08:05,2
11/04/2022 08:00,2
11/04/2022 07:59,2
11/04/2022 07:49,3
11/04/2022 07:48,1
11/04/2022 07:47,4
11/04/2022 07:47,2
11/04/2022 07:40,1
11/04/2022 07:32,4
11/04/2022 07:32,5
11/04/2022 07:28,1
11/04/2022 07:28,1
11/04/2022 07:20,4
11/04/2022 07:20,2
11/04/2022 07:17,3
11/04/2022 07:13,5
11/04/2022 07:10,4
11/04/2022 07:06,2
11/04/2022 07:05,1
11/04/2022 07:03,5
11/04/2022 07:00,1
11/04/2022 06:56,4
11/04/2022 06:53,4
11/04/2022 06:49,2
11/04/2022 06:49,5
11/04/2022 06:43,5
11/04/2022 06:43,1
11/04/2022 06:41,2
11/04/2022 06:39,2
11/04/2022 06:35,2
11/04/2022 06:21,2
11/04/2022 06:14,1
11/04/2022 06:08,1
11/04/2022 06:02,3
11/04/2022 05:55,1
11/04/2022 05:50,2
11/04/2022 05:49,4
11/04/2022 05:48,5
11/04/2022 05:38,3
11/04/2022 05:38,5
11/04/2022 05:37,1
11/04/2022 05:34,5
11/04/2022 05:22,2
11/04/2022 05:21,5
11/04/2022 05:12,1
11/04/2022 05:12,1
11/04/2022 05:05,1
11/04/2022 05:03,4
11/04/2022 05:02,3
11/04/2022 05:02,3
11/04/2022 05:01,1
11/04/2022 04:59,2
11/04/2022 04:56,4
11/04/2022 04:53,1
11/04/2022 04:51,1
11/04/2022 04:51,3
11/04/2022 04:50,2
11/04/2022 04:48,4
11/04/2022 04:40,1
11/04/2022 04:32,3
11/04/2022 04:30,1
11/04/2022 04:25,2
11/04/2022 04:25,1
11/04/2022 04:21,4
11/04/2022 04:16,3
11/04/2022 04:14,2
11/04/2022 04:11,5
11/04/2022 04:09,1
11/04/2022 04:04,5
11/04/2022 04:02,5
11/04/2022 04:01,1
11/04/2022 03:58,1
11/04/2022 03:56,1
11/04/2022 03:56,3
11/04/2022 03:52,2
11/04/2022 03:48,2
11/04/2022 03:48,1
11/04/2022 03:48,2
11/04/2022 03:46,1
11/04/2022 03:44,5
11/04/2022 03:41,2
11/04/2022 03:33,1
11/04/2022 03:32,3
11/04/2022 03:28,4
11/04/2022 03:27,3
11/04/2022 03:27,1
11/04/2022 03:20,1
11/04/2022 03:11,1
11/04/2022 03:08,3
11/04/2022 03:07,1
11/04/2022 03:05,1
11/04/2022 03:04,1
11/04/2022 03:04,3
11/04/2022 03:02,5
11/04/2022 03:01,4
11/04/2022 02:55,5
11/04/2022 02:51,5
11/04/2022 02:51,1
11/04/2022 02:49,5
11/04/2022 02:43,5
11/04/2022 02:36,5
11/04/2022 02:34,5
11/04/2022 02:33,3
11/04/2022 02:27,4
11/04/2022 02:26,5
11/04/2022 02:26,1
11/04/2022 02:24,4
11/04/2022 02:19,2
11/04/2022 02:17,5
11/04/2022 02:17,1
11/04/2022 02:14,5
11/04/2022 02:13,3
11/04/2022 02:13,4
11/04/2022 02:11,5
11/04/2022 02:05,5
11/04/2022 01:59,2
11/04/2022 01:53,2
11/04/2022 01:52,3
11/04/2022 01:46,2
11/04/2022 01:46,2
11/04/2022 01:45,1
11/04/2022 01:45,5
11/04/2022 01:44,1
11/04/2022 01:43,1
11/04/2022 01:42,1
11/04/2022 01:41,4
11/04/2022 01:34,2
11/04/2022 01:33,3
11/04/2022 01:33,1
11/04/2022 01:30,5
11/04/2022 01:24,2
11/04/2022 01:23,3
11/04/2022 01:21,3
11/04/2022 01:19,4
11/04/2022 01:05,1
11/04/2022 01:03,4
11/04/2022 00:55,1
11/04/2022 00:53,1
11/04/2022 00:42,2
11/04/2022 00:41,4
11/04/2022 00:20,1
11/04/2022 00:19,5
11/04/2022 00:17,1
11/04/2022 00:14,4
11/04/2022 00:10,2
11/04/2022 00:09,1
11/04/2022 00:05,1
11/04/2022 00:03,2
11/04/2022 00:02,3
11/04/2022 00:00,2
10/04/2022 23:58,1
10/04/2022 23:58,4
10/04/2022 23:56,3
10/04/2022 23:55,5
10/04/2022 23:50,4
10/04/2022 23:48,2
10/04/2022 23:35,5
10/04/2022 23:34,5
10/04/2022 23:33,1
10/04/2022 23:30,4
10/04/2022 23:28,4
10/04/2022 23:24,1
10/04/2022 23:16,3
10/04/2022 23:11,3
10/04/2022 23:09,1
10/04/2022 23:08,1
10/04/2022 23:08,4
10/04/2022 23:01,2
10/04/2022 22:56,3
10/04/2022 22:51,1
10/04/2022 22:44,3
10/04/2022 22:43,1
10/04/2022 22:42,2
10/04/2022 22:41,5
10/04/2022 22:39,3
10/04/2022 22:38,4
10/04/2022 22:23,5
10/04/2022 22:22,1
10/04/2022 22:21,1
10/04/2022 22:17,1
10/04/2022 22:16,4
10/04/2022 22:15,5
10/04/2022 22:13,5
10/04/2022 22:12,5
10/04/2022 22:08,5
10/04/2022 22:07,5
10/04/2022 22:03,5
10/04/2022 22:02,1
10/04/2022 21:57,5
10/04/2022 21:57,1
10/04/2022 21:49,3
10/04/2022 21:43,3
10/04/2022 21:42,3
10/04/2022 21:41,5
10/04/2022 21:36,1
10/04/2022 21:32,5
10/04/2022 21:30,2
10/04/2022 21:23,4
10/04/2022 21:14,3
10/04/2022 21:12,5
10/04/2022 21:09,5
10/04/2022 21:05,5
10/04/2022 21:01,5
10/04/2022 20:57,4
10/04/2022 20:53,3
10/04/2022 20:50,1
10/04/2022 20:44,1
10/04/2022 20:41,4
10/04/2022 20:40,5
10/04/2022 20:24,1
10/04/2022 20:19,3
10/04/2022 20:15,5
10/04/2022 20:14,1
10/04/2022 20:12,2
10/04/2022 19:59,4
10/04/2022 19:53,2
10/04/2022 19:39,2
10/04/2022 19:37,1
10/04/2022 19:32,5
10/04/2022 19:32,3
10/04/2022 19:31,3
10/04/2022 19:21,1
10/04/2022 19:21,1
10/04/2022 19:16,3
10/04/2022 19:06,4
10/04/2022 19:06,5
10/04/2022 19:04,5
10/04/2022 18:57,3
10/04/2022 18:57,3
10/04/2022 18:56,1
10/04/2022 18:54,1
10/04/2022 18:44,1
10/04/2022 18:42,2
10/04/2022 18:42,1
10/04/2022 18:38,1
10/04/2022 18:37,5
10/04/2022 18:33,4
10/04/2022 18:29,3
10/04/2022 18:28,2
10/04/2022 18:26,1
10/04/2022 18:20,1
10/04/2022 18:19,3
10/04/2022 18:09,1
10/04/2022 18:08,1
10/04/2022 18:04,5
10/04/2022 17:54,5
10/04/2022 17:49,1
10/04/2022 17:41,3
10/04/2022 17:40,4
10/04/2022 17:40,1
10/04/2022 17:37,3
10/04/2022 17:34,4
10/04/2022 17:34,1
10/04/2022 17:33,1
10/04/2022 17:29,5
10/04/2022 17:27,1
10/04/2022 17:27,1
10/04/2022 17:19,5
10/04/2022 17:18,2
10/04/2022 17:15,1
10/04/2022 17:14,4
10/04/2022 17:09,2
10/04/2022 17:05,4
10/04/2022 17:04,1
10/04/2022 17:00,1
10/04/2022 16:59,5
10/04/2022 16:51,3
10/04/2022 16:23,3
10/04/2022 16:16,1
10/04/2022 16:12,2
10/04/2022 16:10,5
10/04/2022 16:09,1
10/04/2022 16:04,5
10/04/2022 16:04,3
10/04/2022 16:00,3
10/04/2022 15:58,2
10/04/2022 15:55,1
10/04/2022 15:53,4
10/04/2022 15:52,1
10/04/2022 15:51,1
10/04/2022 15:51,1
10/04/2022 15:40,1
10/04/2022 15:37,5
10/04/2022 15:37,1
10/04/2022 15:34,1
10/04/2022 15:30,4
10/04/2022 15:28,5
10/04/2022 15:24,1
10/04/2022 15:17,5
10/04/2022 15:17,1
10/04/2022 15:12,5
10/04/2022 15:10,2
10/04/2022 15:04,1
10/04/2022 15:04,5
10/04/2022 15:01,3
10/04/2022 15:00,5
10/04/2022 14:47,1
10/04/2022 14:43,3
10/04/2022 14:42,4
10/04/2022 14:42,2
10/04/2022 14:40,1
10/04/2022 14:36,1
10/04/2022 14:32,1
10/04/2022 14:30,2
10/04/2022 14:29,1
10/04/2022 14:26,2
10/04/2022 14:13,1
10/04/2022 14:08,1
10/04/2022 13:44,5
10/04/2022 13:38,1
10/04/2022 13:34,5
10/04/2022 13:33,5
10/04/2022 13:32,5
10/04/2022 13:31,1
10/04/2022 13:25,4
10/04/2022 13:23,1
10/04/2022 13:20,1
10/04/2022 13:18,1
10/04/2022 13:16,1
10/04/2022 13:13,1
10/04/2022 13:11,2
10/04/2022 13:09,4
10/04/2022 13:09,4
10/04/2022 13:05,5
10/04/2022 13:04,2
10/04/2022 13:03,1
10/04/2022 13:03,1
10/04/2022 13:02,1
10/04/2022 13:02,1
10/04/2022 12:57,1
10/04/2022 12:54,3
10/04/2022 12:47,4
10/04/2022 12:47,5
10/04/2022 12:46,1
10/04/2022 12:40,1
10/04/2022 12:30,1
10/04/2022 12:28,3
10/04/2022 12:27,1
10/04/2022 12:27,3
10/04/2022 12:24,5
10/04/2022 12:24,2
10/04/2022 12:07,5
10/04/2022 12:03,5
10/04/2022 12:03,1
10/04/2022 12:02,1
10/04/2022 12:01,4
10/04/2022 11:57,2
10/04/2022 11:54,5
10/04/2022 11:48,1
10/04/2022 11:45,5
10/04/2022 11:45,3
10/04/2022 11:44,1
10/04/2022 11:39,3
10/04/2022 11:39,5
10/04/2022 11:25,1
10/04/2022 11:24,1
10/04/2022 11:22,4
10/04/2022 11:21,2
10/04/2022 11:06,1
10/04/2022 10:53,5
10/04/2022 10:52,4
10/04/2022 10:43,5
10/04/2022 10:23,4
10/04/2022 10:17,4
10/04/2022 10:12,1
10/04/2022 09:36,3
10/04/2022 09:29,4
10/04/2022 09:28,5
10/04/2022 09:28,3
10/04/2022 09:21,5
10/04/2022 09:14,1
10/04/2022 09:12,1
10/04/2022 09:03,5
10/04/2022 09:02,1
10/04/2022 08:47,5
10/04/2022 08:30,3
10/04/2022 08:21,3
10/04/2022 08:16,1
10/04/2022 08:15,1
10/04/2022 08:01,4
10/04/2022 07:57,1
10/04/2022 07:54,3
10/04/2022 07:51,3
10/04/2022 07:47,2
10/04/2022 07:46,3
10/04/2022 07:37,1
10/04/2022 07:33,1
10/04/2022 07:32,5
10/04/2022 07:15,5
10/04/2022 07:09,2
10/04/2022 06:58,1
10/04/2022 06:53,1
10/04/2022 06:50,4
10/04/2022 06:50,1
10/04/2022 06:38,2
10/04/2022 06:22,1
10/04/2022 05:32,1
10/04/2022 05:18,1
10/04/2022 05:17,1
10/04/2022 05:07,2
10/04/2022 05:04,5
10/04/2022 04:55,5
10/04/2022 04:46,5
10/04/2022 04:41,3
10/04/2022 04:40,1
10/04/2022 04:32,3
10/04/2022 04:27,3
10/04/2022 04:10,1
10/04/2022 04:09,1
10/04/2022 03:57,1
10/04/2022 03:53,1
10/04/2022 03:47,5
10/04/2022 03:28,4
10/04/2022 03:27,1
10/04/2022 03:27,5
10/04/2022 03:17,1
10/04/2022 03:16,5
10/04/2022 03:08,5
10/04/2022 03:04,1
10/04/2022 03:01,3
10/04/2022 02:58,5
10/04/2022 02:55,2
10/04/2022 02:54,5
10/04/2022 02:53,4
10/04/2022 02:52,1
10/04/2022 02:49,3
10/04/2022 02:47,2
10/04/2022 02:43,5
10/04/2022 02:41,1
10/04/2022 02:32,4
10/04/2022 02:14,3
10/04/2022 02:07,1
10/04/2022 01:57,1
10/04/2022 01:46,5
10/04/2022 01:44,3
10/04/2022 01:38,2
10/04/2022 01:26,5
10/04/2022 01:22,5
10/04/2022 01:04,5
10/04/2022 01:00,1
10/04/2022 00:58,1
10/04/2022 00:54,5
10/04/2022 00:41,5
10/04/2022 00:36,5
10/04/2022 00:31,1
10/04/2022 00:22,1
10/04/2022 00:17,2
10/04/2022 00:08,3
10/04/2022 00:07,1
09/04/2022 23:38,1
09/04/2022 23:36,5
09/04/2022 23:35,3
09/04/2022 23:32,1
09/04/2022 23:28,1
09/04/2022 23:15,1
09/04/2022 23:13,1
09/04/2022 23:09,2
09/04/2022 23:08,2
09/04/2022 22:58,1
09/04/2022 22:57,2
09/04/2022 22:44,1
09/04/2022 22:44,1
09/04/2022 22:38,1
09/04/2022 22:32,4
09/04/2022 22:20,3
09/04/2022 22:14,5
09/04/2022 22:07,1
09/04/2022 21:58,2
09/04/2022 21:42,2
09/04/2022 21:33,2
09/04/2022 21:30,3
09/04/2022 21:30,5
09/04/2022 21:29,1
09/04/2022 21:27,3
09/04/2022 20:58,1
09/04/2022 20:46,1
09/04/2022 20:33,5
09/04/2022 20:23,2
09/04/2022 20:18,5
09/04/2022 20:16,4
09/04/2022 20:14,1
09/04/2022 20:11,5
09/04/2022 20:08,5
09/04/2022 20:05,5
09/04/2022 19:52,2
09/04/2022 19:43,2
09/04/2022 19:40,5
09/04/2022 19:35,5
09/04/2022 19:28,4
09/04/2022 19:26,4
09/04/2022 19:24,5
09/04/2022 19:23,1
09/04/2022 19:22,5
09/04/2022 19:22,1
09/04/2022 19:08,4
09/04/2022 18:55,2
09/04/2022 18:54,2
09/04/2022 18:53,1
09/04/2022 18:53,1
09/04/2022 18:52,1
09/04/2022 18:44,3
09/04/2022 18:42,3
09/04/2022 18:42,5
09/04/2022 18:38,3
09/04/2022 18:34,5
09/04/2022 18:34,1
09/04/2022 18:23,2
09/04/2022 18:23,4
09/04/2022 18:22,4
09/04/2022 18:17,5
09/04/2022 18:11,5
09/04/2022 18:06,1
09/04/2022 18:04,1
09/04/2022 18:00,5
09/04/2022 17:52,5
09/04/2022 17:47,4
09/04/2022 17:46,1
09/04/2022 17:34,1
09/04/2022 17:32,5
09/04/2022 17:32,5
09/04/2022 17:31,2
09/04/2022 17:24,1
09/04/2022 17:21,1
09/04/2022 17:18,3
09/04/2022 17:14,3
09/04/2022 17:12,3
09/04/2022 17:11,2
09/04/2022 17:06,5
09/04/2022 17:05,5
09/04/2022 16:54,5
09/04/2022 16:53,2
09/04/2022 16:52,1
09/04/2022 16:52,1
09/04/2022 16:51,4
09/04/2022 16:48,1
09/04/2022 16:47,4
09/04/2022 16:41,5
09/04/2022 16:37,5
09/04/2022 16:32,1
09/04/2022 16:25,4
09/04/2022 16:20,5
09/04/2022 16:19,5
09/04/2022 16:12,3
09/04/2022 16:06,5
09/04/2022 16:05,4
09/04/2022 16:03,5
09/04/2022 15:54,4
09/04/2022 15:52,4
09/04/2022 15:46,3
09/04/2022 15:43,1
09/04/2022 15:27,4
09/04/2022 15:27,4
09/04/2022 15:26,3
09/04/2022 15:18,5
09/04/2022 15:13,5
09/04/2022 15:11,4
09/04/2022 15:02,1
09/04/2022 15:00,1
09/04/2022 14:55,3
09/04/2022 14:39,4
09/04/2022 14:35,2
09/04/2022 14:20,3
09/04/2022 14:19,4
09/04/2022 14:15,1
09/04/2022 14:06,1
09/04/2022 13:58,1
09/04/2022 13:51,2
09/04/2022 13:47,4
09/04/2022 13:42,3
09/04/2022 13:40,4
09/04/2022 13:37,5
09/04/2022 13:33,3
09/04/2022 13:33,5
09/04/2022 13:28,5
09/04/2022 13:25,1
09/04/2022 13:25,5
09/04/2022 13:23,5
09/04/2022 12:34,4
09/04/2022 12:34,5
09/04/2022 12:30,2
09/04/2022 12:24,4
09/04/2022 12:19,1
09/04/2022 12:13,1
09/04/2022 12:11,5
09/04/2022 12:05,5
09/04/2022 11:57,5
09/04/2022 11:54,2
09/04/2022 11:30,1
09/04/2022 11:29,1
09/04/2022 11:19,5
09/04/2022 11:18,1
09/04/2022 11:06,5
09/04/2022 10:53,4
09/04/2022 10:36,4
09/04/2022 10:33,5
09/04/2022 10:24,1
09/04/2022 10:21,5
09/04/2022 10:11,1
09/04/2022 09:51,3
09/04/2022 09:36,1
09/04/2022 09:32,2
09/04/2022 09:23,4
09/04/2022 09:22,3
09/04/2022 09:07,1
09/04/2022 09:05,1
09/04/2022 09:02,1
09/04/2022 09:00,4
09/04/2022 08:57,5
09/04/2022 08:56,4
09/04/2022 08:55,1
09/04/2022 08:50,1
09/04/2022 08:30,2
09/04/2022 08:29,1
09/04/2022 08:29,1
09/04/2022 08:22,5
09/04/2022 08:18,4
09/04/2022 08:06,3
09/04/2022 07:59,4
09/04/2022 07:53,5
09/04/2022 07:48,4
09/04/2022 07:32,5
09/04/2022 07:28,2
09/04/2022 07:26,5
09/04/2022 07:06,1
09/04/2022 07:05,3
09/04/2022 06:58,2
09/04/2022 06:53,5
09/04/2022 06:46,2
09/04/2022 06:43,1
09/04/2022 06:43,5
09/04/2022 06:40,2
09/04/2022 06:33,4
09/04/2022 06:32,2
09/04/2022 06:24,4
09/04/2022 06:21,2
09/04/2022 06:17,5
09/04/2022 06:06,5
09/04/2022 05:59,5
09/04/2022 05:45,5
09/04/2022 05:45,5
09/04/2022 05:42,3
09/04/2022 05:34,5
09/04/2022 05:29,5
09/04/2022 05:13,5
09/04/2022 04:59,5
09/04/2022 04:48,1
09/04/2022 04:43,5
09/04/2022 04:39,2
09/04/2022 04:37,5
09/04/2022 04:34,5
09/04/2022 04:32,1
09/04/2022 04:31,1
09/04/2022 04:30,3
09/04/2022 04:05,4
09/04/2022 04:03,5
09/04/2022 04:03,5
09/04/2022 03:59,3
09/04/2022 03:43,2
09/04/2022 03:19,3
09/04/2022 03:12,1
09/04/2022 02:47,5
09/04/2022 02:46,1
09/04/2022 02:25,1
09/04/2022 02:23,4
09/04/2022 02:15,3
09/04/2022 02:13,2
09/04/2022 02:08,4
09/04/2022 02:06,5
09/04/2022 01:47,3
09/04/2022 01:44,1
09/04/2022 01:42,5
09/04/2022 01:35,3
09/04/2022 01:27,1
09/04/2022 01:25,4
09/04/2022 01:12,4
09/04/2022 01:06,1
09/04/2022 00:53,1
09/04/2022 00:51,2
09/04/2022 00:49,5
09/04/2022 00:43,3
09/04/2022 00:41,1
09/04/2022 00:28,4
09/04/2022 00:27,4
09/04/2022 00:23,3
09/04/2022 00:05,5
09/04/2022 00:03,3
08/04/2022 23:50,4
08/04/2022 23:45,1
08/04/2022 23:32,5
08/04/2022 23:29,4
08/04/2022 23:03,1
08/04/2022 22:52,5
08/04/2022 22:52,1
08/04/2022 22:45,5
08/04/2022 22:30,5
08/04/2022 22:22,3
08/04/2022 22:21,1
08/04/2022 22:08,5
08/04/2022 22:00,1
08/04/2022 21:51,5
08/04/2022 21:48,1
08/04/2022 21:38,5
08/04/2022 21:37,1
08/04/2022 21:37,3
08/04/2022 21:34,5
08/04/2022 21:31,1
08/04/2022 21:29,1
08/04/2022 21:14,2
08/04/2022 20:56,3
08/04/2022 20:55,5
08/04/2022 20:55,3
08/04/2022 20:48,5
08/04/2022 20:47,3
08/04/2022 20:46,1
08/04/2022 20:27,1
08/04/2022 20:20,4
08/04/2022 20:20,3
08/04/2022 20:18,3
08/04/2022 20:06,4
08/04/2022 20:02,1
08/04/2022 19:58,5
08/04/2022 19:57,5
08/04/2022 19:46,5
08/04/2022 19:43,2
08/04/2022 19:38,5
08/04/2022 19:33,1
08/04/2022 19:31,4
08/04/2022 19:11,4
08/04/2022 19:07,5
08/04/2022 19:01,2
08/04/2022 19:00,1
08/04/2022 18:59,5
08/04/2022 18:51,5
08/04/2022 18:44,5
08/04/2022 18:38,5
08/04/2022 18:35,2
08/04/2022 18:33,5
08/04/2022 18:33,5
08/04/2022 18:30,5
08/04/2022 18:20,5
08/04/2022 18:20,3
08/04/2022 18:16,5
08/04/2022 18:14,5
08/04/2022 18:10,2
08/04/2022 18:06,2
08/04/2022 18:04,1
08/04/2022 17:57,5
08/04/2022 17:53,3
08/04/2022 17:45,4
08/04/2022 17:39,3
08/04/2022 17:39,5
08/04/2022 17:36,5
08/04/2022 17:31,4
08/04/2022 17:27,5
08/04/2022 17:26,5
08/04/2022 17:26,1
08/04/2022 17:23,2
08/04/2022 17:22,1
08/04/2022 17:18,2
08/04/2022 17:16,5
08/04/2022 17:10,2
08/04/2022 16:58,3
08/04/2022 16:48,1
08/04/2022 16:37,4
08/04/2022 16:36,1
08/04/2022 16:34,1
08/04/2022 16:30,1
08/04/2022 16:29,1
08/04/2022 16:28,2
08/04/2022 16:25,1
08/04/2022 16:20,1
08/04/2022 16:18,3
08/04/2022 16:16,1
08/04/2022 16:13,3
08/04/2022 16:11,4
08/04/2022 16:06,4
08/04/2022 15:52,1
08/04/2022 15:49,1
08/04/2022 15:43,4
08/04/2022 15:42,5
08/04/2022 15:39,5
08/04/2022 15:31,5
08/04/2022 15:24,1
08/04/2022 15:22,2
08/04/2022 15:19,1
08/04/2022 15:16,5
08/04/2022 15:15,5
08/04/2022 15:14,1
08/04/2022 15:10,5
08/04/2022 15:08,3
08/04/2022 14:59,4
08/04/2022 14:52,2
08/04/2022 14:48,2
08/04/2022 14:43,5
08/04/2022 14:38,3
08/04/2022 14:29,5
08/04/2022 14:21,3
08/04/2022 14:14,5
08/04/2022 13:57,3
08/04/2022 13:56,5
08/04/2022 13:54,3
08/04/2022 13:47,4
08/04/2022 13:47,5
08/04/2022 13:32,1
08/04/2022 13:26,5
08/04/2022 13:24,1
08/04/2022 13:22,1
08/04/2022 13:18,5
08/04/2022 13:12,2
08/04/2022 13:12,5
08/04/2022 13:08,4
08/04/2022 13:02,1
08/04/2022 12:56,1
08/04/2022 12:50,5
08/04/2022 12:48,1
08/04/2022 12:28,5
08/04/2022 12:03,4
08/04/2022 11:57,1
08/04/2022 11:54,3
08/04/2022 11:46,1
08/04/2022 11:39,5
08/04/2022 11:36,3
08/04/2022 11:35,1
08/04/2022 11:33,1
08/04/2022 11:28,5
08/04/2022 11:28,1
08/04/2022 11:20,4
08/04/2022 11:17,4
08/04/2022 11:00,4
08/04/2022 10:55,3
08/04/2022 10:54,2
08/04/2022 10:52,4
08/04/2022 10:41,2
08/04/2022 10:40,5
08/04/2022 10:32,3
08/04/2022 10:26,5
08/04/2022 10:20,3
08/04/2022 10:19,5
08/04/2022 10:07,5
08/04/2022 10:03,5
08/04/2022 09:47,5
08/04/2022 09:42,4
08/04/2022 09:39,1
08/04/2022 09:39,5
08/04/2022 09:34,5
08/04/2022 09:32,3
08/04/2022 09:28,5
08/04/2022 09:11,4
08/04/2022 08:59,1
08/04/2022 08:54,1
08/04/2022 08:26,3
08/04/2022 08:21,2
08/04/2022 08:21,1
08/04/2022 08:14,5
08/04/2022 08:11,5
08/04/2022 07:48,2
08/04/2022 07:29,2
08/04/2022 07:28,5
08/04/2022 07:27,2
08/04/2022 07:26,1
08/04/2022 07:25,4
08/04/2022 07:16,5
08/04/2022 06:58,4
08/04/2022 06:53,3
08/04/2022 06:41,5
08/04/2022 06:38,5
08/04/2022 06:12,5
08/04/2022 06:05,1
08/04/2022 05:58,1
08/04/2022 05:50,1
08/04/2022 05:50,5
08/04/2022 05:48,5
08/04/2022 05:40,5
08/04/2022 05:36,4
08/04/2022 05:31,3
08/04/2022 05:19,5
08/04/2022 05:16,4
08/04/2022 05:09,1
08/04/2022 05:01,4
08/04/2022 05:01,1
08/04/2022 04:59,1
08/04/2022 04:36,5
08/04/2022 04:02,5
08/04/2022 04:00,1
08/04/2022 03:20,1
08/04/2022 03:19,4
08/04/2022 03:05,5
08/04/2022 03:02,1
08/04/2022 02:58,1
08/04/2022 02:50,2
08/04/2022 02:42,1
08/04/2022 02:24,5
08/04/2022 02:15,5
08/04/2022 02:13,5
08/04/2022 02:12,5
08/04/2022 02:07,1
08/04/2022 02:04,2
08/04/2022 01:53,5
08/04/2022 01:29,2
08/04/2022 01:29,1
08/04/2022 01:28,5
08/04/2022 01:25,2
08/04/2022 01:22,5
08/04/2022 01:13,3
08/04/2022 01:11,1
08/04/2022 01:08,1
08/04/2022 01:07,3
08/04/2022 00:59,2
08/04/2022 00:57,4
08/04/2022 00:50,1
08/04/2022 00:39,5
08/04/2022 00:39,5
08/04/2022 00:37,4
08/04/2022 00:37,3
08/04/2022 00:28,5
07/04/2022 23:53,2
07/04/2022 23:40,5
07/04/2022 23:39,4
07/04/2022 23:34,1
07/04/2022 23:25,4
07/04/2022 23:22,2
07/04/2022 23:20,1
07/04/2022 23:09,5
07/04/2022 23:04,1
07/04/2022 23:03,1
07/04/2022 22:49,5
07/04/2022 22:47,1
07/04/2022 22:46,3
07/04/2022 22:46,1
07/04/2022 22:43,5
07/04/2022 22:16,2
07/04/2022 22:00,4
07/04/2022 21:54,1
07/04/2022 21:46,3
07/04/2022 21:30,1
07/04/2022 21:28,4
07/04/2022 21:22,2
07/04/2022 21:19,5
07/04/2022 20:53,2
07/04/2022 20:48,5
07/04/2022 20:42,1
07/04/2022 20:30,1
07/04/2022 20:23,1
07/04/2022 20:20,3
07/04/2022 20:13,5
07/04/2022 20:10,4
07/04/2022 20:03,1
07/04/2022 20:00,2
07/04/2022 19:41,1
07/04/2022 19:41,4
07/04/2022 19:36,2
07/04/2022 19:24,2
07/04/2022 19:21,5
07/04/2022 19:05,5
07/04/2022 18:45,3
07/04/2022 18:42,1
07/04/2022 18:36,2
07/04/2022 18:32,5
07/04/2022 18:25,1
07/04/2022 18:23,2
07/04/2022 18:16,5
07/04/2022 18:16,1
07/04/2022 18:11,4
07/04/2022 17:58,3
07/04/2022 17:57,1
07/04/2022 17:33,5
07/04/2022 17:30,5
07/04/2022 17:20,5
07/04/2022 17:14,3
07/04/2022 17:10,5
07/04/2022 17:08,1
07/04/2022 17:06,5
07/04/2022 16:57,1
07/04/2022 16:49,4
07/04/2022 16:45,5
07/04/2022 16:34,2
07/04/2022 16:32,1
07/04/2022 16:19,2
07/04/2022 16:11,5
07/04/2022 16:09,2
07/04/2022 16:06,1
07/04/2022 16:04,5
07/04/2022 15:47,3
07/04/2022 15:37,4
07/04/2022 15:28,3
07/04/2022 15:25,5
07/04/2022 15:12,5
07/04/2022 15:12,5
07/04/2022 15:11,1
07/04/2022 15:08,4
07/04/2022 14:57,5
07/04/2022 14:39,5
07/04/2022 14:33,5
07/04/2022 14:30,1
07/04/2022 14:23,4
07/04/2022 14:22,1
07/04/2022 14:03,5
07/04/2022 14:02,5
07/04/2022 13:51,2
07/04/2022 13:43,3
07/04/2022 13:41,1
07/04/2022 13:36,1
07/04/2022 13:27,5
07/04/2022 13:20,1
07/04/2022 13:08,1
07/04/2022 12:59,5
07/04/2022 12:58,1
07/04/2022 12:41,1
07/04/2022 12:40,5
07/04/2022 12:40,2
07/04/2022 12:40,1
07/04/2022 12:35,1
07/04/2022 12:33,4
07/04/2022 12:31,5
07/04/2022 12:29,2
07/04/2022 12:12,4
07/04/2022 12:09,5
07/04/2022 11:58,2
07/04/2022 11:55,5
07/04/2022 11:53,3
07/04/2022 11:47,1
07/04/2022 11:45,1
07/04/2022 11:44,1
07/04/2022 11:41,5
07/04/2022 11:36,5
07/04/2022 11:14,1
07/04/2022 11:12,2
07/04/2022 11:06,4
07/04/2022 11:02,1
07/04/2022 10:56,1
07/04/2022 10:50,5
07/04/2022 10:35,1
07/04/2022 10:27,1
07/04/2022 10:19,4
07/04/2022 10:04,1
07/04/2022 10:01,4
07/04/2022 10:00,5
07/04/2022 09:56,5
07/04/2022 09:55,4
07/04/2022 09:43,4
07/04/2022 09:30,1
07/04/2022 09:12,1
07/04/2022 09:12,5
07/04/2022 09:04,5
07/04/2022 09:02,5
07/04/2022 08:41,1
07/04/2022 08:38,5
07/04/2022 08:38,4
07/04/2022 08:28,5
07/04/2022 08:27,5
07/04/2022 08:16,5
07/04/2022 07:51,5
07/04/2022 07:42,2
07/04/2022 07:33,1
07/04/2022 07:25,3
07/04/2022 07:23,1
07/04/2022 07:14,2
07/04/2022 07:10,2
07/04/2022 06:53,3
07/04/2022 06:49,1
07/04/2022 06:48,1
07/04/2022 06:46,1
07/04/2022 06:40,2
07/04/2022 06:36,3
07/04/2022 06:34,1
07/04/2022 06:27,3
07/04/2022 06:26,1
07/04/2022 06:20,2
07/04/2022 06:13,1
07/04/2022 06:05,5
07/04/2022 06:04,4
07/04/2022 05:57,4
07/04/2022 05:50,5
07/04/2022 05:42,2
07/04/2022 05:36,5
07/04/2022 05:26,2
07/04/2022 05:25,4
07/04/2022 05:18,3
07/04/2022 05:16,1
07/04/2022 04:49,5
07/04/2022 04:49,5
07/04/2022 04:48,5
07/04/2022 04:46,4
07/04/2022 04:23,5
07/04/2022 04:16,4
07/04/2022 04:10,3
07/04/2022 04:01,1
07/04/2022 03:43,1
07/04/2022 03:37,5
07/04/2022 03:36,4
07/04/2022 03:29,1
07/04/2022 03:24,5
07/04/2022 02:56,2
07/04/2022 02:54,1
07/04/2022 02:48,3
07/04/2022 02:40,1
07/04/2022 02:38,1
07/04/2022 02:31,5
07/04/2022 02:28,5
07/04/2022 02:27,5
07/04/2022 02:26,2
07/04/2022 02:25,4
07/04/2022 02:13,1
07/04/2022 02:11,1
07/04/2022 02:09,2
07/04/2022 02:05,5
07/04/2022 01:54,5
07/04/2022 01:48,2
07/04/2022 01:36,5
07/04/2022 01:28,1
07/04/2022 00:50,5
07/04/2022 00:45,2
07/04/2022 00:44,5
07/04/2022 00:43,1
07/04/2022 00:39,5
07/04/2022 00:37,5
06/04/2022 23:54,1
06/04/2022 23:50,1
06/04/2022 23:43,1
06/04/2022 23:41,5
06/04/2022 23:38,5
06/04/2022 23:11,5
06/04/2022 23:10,3
06/04/2022 23:10,5
06/04/2022 23:06,3
06/04/2022 22:47,5
06/04/2022 22:39,1
06/04/2022 22:26,5
06/04/2022 22:22,1
06/04/2022 22:22,5
06/04/2022 22:09,4
06/04/2022 22:06,4
06/04/2022 21:37,5
06/04/2022 21:36,1
06/04/2022 21:19,2
06/04/2022 21:08,1
06/04/2022 21:07,3
06/04/2022 20:53,2
06/04/2022 20:50,2
06/04/2022 20:30,5
06/04/2022 20:30,2
06/04/2022 20:28,2
06/04/2022 20:22,1
06/04/2022 20:11,5
06/04/2022 20:10,5
06/04/2022 20:09,1
06/04/2022 20:01,4
06/04/2022 20:01,5
06/04/2022 19:47,1
06/04/2022 19:35,5
06/04/2022 19:28,5
06/04/2022 19:27,4
06/04/2022 19:25,4
06/04/2022 19:17,5
06/04/2022 19:08,5
06/04/2022 19:05,1
06/04/2022 18:54,1
06/04/2022 18:41,4
06/04/2022 18:32,1
06/04/2022 18:25,3
06/04/2022 18:20,3
06/04/2022 18:17,5
06/04/2022 18:16,2
06/04/2022 18:11,5
06/04/2022 18:09,5
06/04/2022 17:58,2
06/04/2022 17:56,2
06/04/2022 17:56,1
06/04/2022 17:52,3
06/04/2022 17:39,5
06/04/2022 17:30,3
06/04/2022 17:30,4
06/04/2022 17:23,1
06/04/2022 17:16,5
06/04/2022 17:12,3
06/04/2022 17:11,2
06/04/2022 17:10,5
06/04/2022 17:07,1
06/04/2022 17:04,5
06/04/2022 16:59,2
06/04/2022 16:55,3
06/04/2022 16:51,5
06/04/2022 16:38,2
06/04/2022 16:36,3
06/04/2022 16:33,5
06/04/2022 16:29,5
06/04/2022 16:27,5
06/04/2022 16:26,1
06/04/2022 16:24,4
06/04/2022 16:22,5
06/04/2022 16:19,5
06/04/2022 16:19,5
06/04/2022 16:16,5
06/04/2022 16:07,5
06/04/2022 15:54,5
06/04/2022 15:42,3
06/04/2022 15:39,5
06/04/2022 15:32,3
06/04/2022 15:30,5
06/04/2022 15:26,1
06/04/2022 15:25,1
06/04/2022 15:19,2
06/04/2022 15:05,5
06/04/2022 15:02,4
06/04/2022 15:00,5
06/04/2022 15:00,5
06/04/2022 14:51,1
06/04/2022 14:47,2
06/04/2022 14:47,1
06/04/2022 14:38,4
06/04/2022 14:37,5
06/04/2022 14:33,4
06/04/2022 14:32,5
06/04/2022 14:30,1
06/04/2022 14:22,4
06/04/2022 14:20,1
06/04/2022 14:19,4
06/04/2022 14:18,5
06/04/2022 14:17,5
06/04/2022 14:14,2
06/04/2022 14:11,1
06/04/2022 14:03,4
06/04/2022 13:56,2
06/04/2022 13:51,4
06/04/2022 13:41,5
06/04/2022 13:35,5
06/04/2022 13:33,4
06/04/2022 13:31,5
06/04/2022 13:27,1
06/04/2022 13:03,2
06/04/2022 12:48,5
06/04/2022 12:45,1
06/04/2022 12:35,3
06/04/2022 12:28,1
06/04/2022 12:17,1
06/04/2022 12:07,4
06/04/2022 12:05,5
06/04/2022 11:39,5
06/04/2022 11:33,1
06/04/2022 11:26,5
06/04/2022 11:18,1
06/04/2022 11:17,3
06/04/2022 11:13,2
06/04/2022 11:07,4
06/04/2022 11:02,2
06/04/2022 10:56,1
06/04/2022 10:50,5
06/04/2022 10:45,5
06/04/2022 10:45,1
06/04/2022 10:28,1
06/04/2022 10:20,1
06/04/2022 10:16,5
06/04/2022 09:51,5
06/04/2022 09:48,2
06/04/2022 09:44,5
06/04/2022 09:08,2
06/04/2022 09:04,5
06/04/2022 08:59,5
06/04/2022 08:42,5
06/04/2022 08:19,5
06/04/2022 08:19,2
06/04/2022 08:11,5
06/04/2022 08:04,1
06/04/2022 07:54,5
06/04/2022 07:34,4
06/04/2022 07:26,3
06/04/2022 07:24,1
06/04/2022 07:23,5
06/04/2022 07:22,2
06/04/2022 07:10,5
06/04/2022 07:04,1
06/04/2022 06:56,1
06/04/2022 06:55,2
06/04/2022 06:54,5
06/04/2022 06:40,2
06/04/2022 05:54,5
06/04/2022 05:45,1
06/04/2022 05:40,2
06/04/2022 05:40,3
06/04/2022 05:30,5
06/04/2022 05:20,4
06/04/2022 05:04,5
06/04/2022 04:46,1
06/04/2022 04:45,3
06/04/2022 04:35,1
06/04/2022 04:30,3
06/04/2022 04:20,2
06/04/2022 04:01,1
06/04/2022 03:52,4
06/04/2022 03:50,1
06/04/2022 03:48,1
06/04/2022 03:42,1
06/04/2022 03:27,5
06/04/2022 03:26,1
06/04/2022 03:25,4
06/04/2022 03:19,5
06/04/2022 03:18,4
06/04/2022 03:11,5
06/04/2022 03:10,3
06/04/2022 03:10,4
06/04/2022 02:49,1
06/04/2022 02:31,3
06/04/2022 02:28,3
06/04/2022 01:52,3
06/04/2022 01:44,5
06/04/2022 01:29,1
06/04/2022 01:14,5
06/04/2022 01:11,5
06/04/2022 01:00,3
06/04/2022 00:52,2
06/04/2022 00:36,4
06/04/2022 00:28,5
06/04/2022 00:22,4
06/04/2022 00:21,3
06/04/2022 00:17,5
06/04/2022 00:12,1
05/04/2022 23:51,5
05/04/2022 23:35,5
05/04/2022 23:17,3
05/04/2022 23:13,3
05/04/2022 23:00,2
05/04/2022 22:58,5
05/04/2022 22:57,2
05/04/2022 22:47,5
05/04/2022 22:33,5
05/04/2022 22:32,4
05/04/2022 22:16,3
05/04/2022 21:58,2
05/04/2022 21:55,4
05/04/2022 21:51,5
05/04/2022 21:46,4
05/04/2022 21:43,5
05/04/2022 21:15,3
05/04/2022 21:04,4
05/04/2022 21:01,5
05/04/2022 20:51,5
05/04/2022 20:42,3
05/04/2022 20:35,1
05/04/2022 20:21,5
05/04/2022 20:19,1
05/04/2022 20:11,4
05/04/2022 20:01,4
05/04/2022 20:00,5
05/04/2022 20:00,5
05/04/2022 19:59,1
05/04/2022 19:57,2
05/04/2022 19:52,5
05/04/2022 19:52,4
05/04/2022 19:51,1
05/04/2022 19:45,1
05/04/2022 19:13,1
05/04/2022 19:08,5
05/04/2022 19:02,3
05/04/2022 18:59,3
05/04/2022 18:57,1
05/04/2022 18:54,2
05/04/2022 18:49,1
05/04/2022 18:45,1
05/04/2022 18:41,3
05/04/2022 18:33,5
05/04/2022 18:30,3
05/04/2022 18:27,3
05/04/2022 18:20,5
05/04/2022 18:18,1
05/04/2022 18:13,5
05/04/2022 18:11,3
05/04/2022 17:57,2
05/04/2022 17:55,1
05/04/2022 17:47,5
05/04/2022 17:43,3
05/04/2022 17:41,5
05/04/2022 17:31,5
05/04/2022 17:30,4
05/04/2022 17:29,1
05/04/2022 17:22,2
05/04/2022 17:13,5
05/04/2022 17:04,1
05/04/2022 17:03,1
05/04/2022 16:59,5
05/04/2022 16:47,4
05/04/2022 16:46,5
05/04/2022 16:42,1
05/04/2022 16:38,5
05/04/2022 16:36,1
05/04/2022 16:31,5
05/04/2022 16:27,5
05/04/2022 16:22,1
05/04/2022 16:02,1
05/04/2022 15:59,1
05/04/2022 15:47,1
05/04/2022 15:41,5
05/04/2022 15:30,4
05/04/2022 15:29,4
05/04/2022 15:05,3
05/04/2022 15:03,2
05/04/2022 14:57,1
05/04/2022 14:55,5
05/04/2022 14:48,2
05/04/2022 14:44,5
05/04/2022 14:31,1
05/04/2022 14:26,3
05/04/2022 14:25,3
05/04/2022 14:23,1
05/04/2022 14:19,5
05/04/2022 14:19,5
05/04/2022 14:16,5
05/04/2022 14:07,2
05/04/2022 13:53,5
05/04/2022 13:52,4
05/04/2022 13:40,3
05/04/2022 13:37,5
05/04/2022 13:32,5
05/04/2022 13:23,5
05/04/2022 13:22,1
05/04/2022 13:18,1
05/04/2022 13:09,5
05/04/2022 13:08,1
05/04/2022 13:03,3
05/04/2022 12:47,1
05/04/2022 12:28,1
05/04/2022 12:25,5
05/04/2022 12:15,3
05/04/2022 12:10,3
05/04/2022 12:06,3
05/04/2022 11:57,1
05/04/2022 11:44,4
05/04/2022 11:42,5
05/04/2022 11:31,1
05/04/2022 11:25,5
05/04/2022 10:56,1
05/04/2022 10:39,3
05/04/2022 10:38,3
05/04/2022 10:32,5
05/04/2022 10:28,3
05/04/2022 10:16,5
05/04/2022 10:15,5
05/04/2022 10:12,1
05/04/2022 09:49,1
05/04/2022 09:42,5
05/04/2022 09:17,1
05/04/2022 09:08,2
05/04/2022 09:01,1
05/04/2022 08:57,5
05/04/2022 08:42,2
05/04/2022 08:37,1
05/04/2022 08:36,5
05/04/2022 08:27,3
05/04/2022 08:23,4
05/04/2022 07:46,5
05/04/2022 07:36,3
05/04/2022 07:18,1
05/04/2022 07:13,3
05/04/2022 07:07,4
05/04/2022 07:07,1
05/04/2022 07:04,1
05/04/2022 07:00,1
05/04/2022 06:48,1
05/04/2022 06:42,4
05/04/2022 06:13,1
05/04/2022 05:54,1
05/04/2022 05:51,5
05/04/2022 05:39,4
05/04/2022 05:31,4
05/04/2022 05:29,5
05/04/2022 04:57,5
05/04/2022 04:47,5
05/04/2022 04:44,5
05/04/2022 04:43,5
05/04/2022 04:22,3
05/04/2022 03:52,1
05/04/2022 03:49,3
05/04/2022 03:21,5
05/04/2022 03:11,1
05/04/2022 03:07,1
05/04/2022 02:45,2
05/04/2022 02:44,2
05/04/2022 02:43,5
05/04/2022 02:35,4
05/04/2022 02:27,1
05/04/2022 02:22,3
05/04/2022 02:06,5
05/04/2022 01:54,2
05/04/2022 01:44,1
05/04/2022 01:42,2
05/04/2022 01:38,5
05/04/2022 01:35,3
05/04/2022 01:12,4
05/04/2022 01:03,4
05/04/2022 00:48,4
05/04/2022 00:18,5
05/04/2022 00:05,5
05/04/2022 00:04,5
05/04/2022 00:03,1
05/04/2022 00:00,5
04/04/2022 23:55,3
04/04/2022 23:53,2
04/04/2022 23:48,4
04/04/2022 23:34,5
04/04/2022 23:27,1
04/04/2022 23:25,5
04/04/2022 23:24,2
04/04/2022 23:21,2
04/04/2022 23:10,5
04/04/2022 23:09,5
04/04/2022 23:08,2
04/04/2022 22:56,1
04/04/2022 22:55,2
04/04/2022 22:43,1
04/04/2022 22:37,3
04/04/2022 22:28,5
04/04/2022 22:15,1
04/04/2022 22:13,5
04/04/2022 22:08,1
04/04/2022 22:07,1
04/04/2022 22:07,4
04/04/2022 22:04,4
04/04/2022 22:04,5
04/04/2022 21:38,1
04/04/2022 21:33,2
04/04/2022 21:06,1
04/04/2022 21:03,5
04/04/2022 20:59,5
04/04/2022 20:55,2
04/04/2022 20:36,5
04/04/2022 20:20,1
04/04/2022 20:12,3
04/04/2022 20:10,5
04/04/2022 19:58,5
04/04/2022 19:51,1
04/04/2022 19:43,1
04/04/2022 19:40,5
04/04/2022 19:37,1
04/04/2022 19:34,5
04/04/2022 19:29,2
04/04/2022 19:21,5
04/04/2022 19:17,5
04/04/2022 19:00,1
04/04/2022 18:59,5
04/04/2022 18:49,5
04/04/2022 18:37,1
04/04/2022 18:34,2
04/04/2022 18:30,4
04/04/2022 18:29,3
04/04/2022 18:26,5
04/04/2022 18:17,5
04/04/2022 18:17,2
04/04/2022 17:59,1
04/04/2022 17:58,1
04/04/2022 17:53,5
04/04/2022 17:43,4
04/04/2022 17:40,1
04/04/2022 17:40,2
04/04/2022 17:36,3
04/04/2022 17:10,4
04/04/2022 17:05,1
04/04/2022 17:05,1
04/04/2022 17:02,2
04/04/2022 17:01,5
04/04/2022 16:59,1
04/04/2022 16:57,5
04/04/2022 16:54,1
04/04/2022 16:49,3
04/04/2022 16:42,5
04/04/2022 16:36,3
04/04/2022 16:35,2
04/04/2022 16:28,5
04/04/2022 16:25,5
04/04/2022 16:19,4
04/04/2022 16:07,5
04/04/2022 16:04,3
04/04/2022 16:04,5
04/04/2022 16:02,5
04/04/2022 15:30,1
04/04/2022 15:22,2
04/04/2022 15:08,1
04/04/2022 14:48,2
04/04/2022 14:40,1
04/04/2022 14:39,1
04/04/2022 14:34,1
04/04/2022 14:34,5
04/04/2022 14:28,2
04/04/2022 14:26,4
04/04/2022 14:24,1
04/04/2022 14:08,1
04/04/2022 14:07,5
04/04/2022 13:56,5
04/04/2022 13:49,5
04/04/2022 13:39,2
04/04/2022 13:36,2
04/04/2022 13:36,5
04/04/2022 13:33,1
04/04/2022 13:30,1
04/04/2022 13:29,5
04/04/2022 13:28,5
04/04/2022 13:18,1
04/04/2022 13:18,1
04/04/2022 13:03,1
04/04/2022 12:56,2
04/04/2022 12:24,1
04/04/2022 12:24,4
04/04/2022 12:21,2
04/04/2022 12:01,4
04/04/2022 12:00,1
04/04/2022 11:59,1
04/04/2022 11:41,5
04/04/2022 11:24,5
04/04/2022 11:16,3
04/04/2022 11:00,2
04/04/2022 10:53,2
04/04/2022 10:45,2
04/04/2022 10:44,5
04/04/2022 10:25,1
04/04/2022 10:12,5
04/04/2022 10:08,1
04/04/2022 09:43,3
04/04/2022 09:22,5
04/04/2022 09:04,1
04/04/2022 08:46,2
04/04/2022 08:45,3
04/04/2022 08:44,3
04/04/2022 08:42,2
04/04/2022 08:33,3
04/04/2022 08:26,1
04/04/2022 08:18,5
04/04/2022 08:17,5
04/04/2022 08:04,4
04/04/2022 07:54,3
04/04/2022 07:50,1
04/04/2022 07:30,3
04/04/2022 07:23,1
04/04/2022 07:14,5
04/04/2022 06:37,1
04/04/2022 06:27,1
04/04/2022 06:05,1
04/04/2022 06:02,4
04/04/2022 05:53,1
04/04/2022 05:53,5
04/04/2022 05:51,4
04/04/2022 05:48,1
04/04/2022 05:25,5
04/04/2022 05:19,3
04/04/2022 05:03,1
04/04/2022 05:02,1
04/04/2022 04:57,5
04/04/2022 04:42,5
04/04/2022 04:06,5
04/04/2022 04:03,3
04/04/2022 03:52,5
04/04/2022 03:39,5
04/04/2022 03:38,5
04/04/2022 03:22,5
04/04/2022 03:01,1
04/04/2022 02:41,4
04/04/2022 02:34,4
04/04/2022 02:25,1
04/04/2022 02:12,5
04/04/2022 02:06,3
04/04/2022 01:59,5
04/04/2022 01:30,1
04/04/2022 01:20,4
04/04/2022 01:15,3
04/04/2022 01:13,5
04/04/2022 01:11,5
04/04/2022 00:55,5
04/04/2022 00:50,1
04/04/2022 00:48,1
04/04/2022 00:40,1
04/04/2022 00:33,1
04/04/2022 00:28,5
04/04/2022 00:17,2
04/04/2022 00:10,1
03/04/2022 23:58,5
03/04/2022 23:46,3
03/04/2022 23:40,1
03/04/2022 23:22,1
03/04/2022 23:17,3
03/04/2022 23:14,3
03/04/2022 23:12,4
03/04/2022 22:59,1
03/04/2022 22:46,5
03/04/2022 22:44,5
03/04/2022 22:42,4
03/04/2022 22:39,5
03/04/2022 22:32,5
03/04/2022 22:27,5
03/04/2022 22:26,5
03/04/2022 22:24,5
03/04/2022 22:22,5
03/04/2022 22:10,5
03/04/2022 22:01,3
03/04/2022 21:46,1
03/04/2022 21:34,3
03/04/2022 21:15,1
03/04/2022 21:07,2
03/04/2022 21:06,4
03/04/2022 21:04,5
03/04/2022 21:03,1
03/04/2022 20:46,5
03/04/2022 20:34,4
03/04/2022 20:31,3
03/04/2022 20:12,4
03/04/2022 20:11,1
03/04/2022 20:01,3
03/04/2022 19:59,1
03/04/2022 19:58,2
03/04/2022 19:57,3
03/04/2022 19:55,5
03/04/2022 19:22,3
03/04/2022 19:20,5
03/04/2022 19:08,1
03/04/2022 19:04,5
03/04/2022 19:04,2
03/04/2022 18:54,5
03/04/2022 18:53,2
03/04/2022 18:47,1
03/04/2022 18:44,4
03/04/2022 18:23,5
03/04/2022 18:20,1
03/04/2022 18:16,1
03/04/2022 18:08,3
03/04/2022 18:04,5
03/04/2022 18:00,1
03/04/2022 17:56,3
03/04/2022 17:53,1
03/04/2022 17:52,4
03/04/2022 17:42,1
03/04/2022 17:41,1
03/04/2022 17:34,1
03/04/2022 17:27,1
03/04/2022 17:22,3
03/04/2022 17:21,5
03/04/2022 17:18,2
03/04/2022 17:05,5
03/04/2022 17:02,1
03/04/2022 17:02,2
03/04/2022 17:02,5
03/04/2022 17:01,4
03/04/2022 17:01,3
03/04/2022 16:47,2
03/04/2022 16:46,2
03/04/2022 16:45,5
03/04/2022 16:43,2
03/04/2022 16:39,2
03/04/2022 16:33,3
03/04/2022 16:24,5
03/04/2022 16:21,4
03/04/2022 16:06,1
03/04/2022 16:01,1
03/04/2022 15:56,3
03/04/2022 15:52,1
03/04/2022 15:49,5
03/04/2022 15:48,1
03/04/2022 15:42,3
03/04/2022 15:39,3
03/04/2022 15:32,5
03/04/2022 15:30,5
03/04/2022 15:28,1
03/04/2022 15:27,5
03/04/2022 15:21,5
03/04/2022 15:12,5
03/04/2022 15:04,4
03/04/2022 15:02,4
03/04/2022 14:50,5
03/04/2022 14:35,1
03/04/2022 14:20,5
03/04/2022 14:19,1
03/04/2022 14:13,2
03/04/2022 14:10,5
03/04/2022 14:05,4
03/04/2022 13:57,1
03/04/2022 13:57,5
03/04/2022 13:54,5
03/04/2022 13:47,5
03/04/2022 13:35,1
03/04/2022 13:33,5
03/04/2022 13:31,5
03/04/2022 13:28,1
03/04/2022 13:24,5
03/04/2022 13:24,1
03/04/2022 12:55,4
03/04/2022 12:31,5
03/04/2022 12:26,5
03/04/2022 12:25,5
03/04/2022 12:21,3
03/04/2022 12:20,4
03/04/2022 12:08,4
03/04/2022 12:04,5
03/04/2022 11:44,5
03/04/2022 11:40,3
03/04/2022 11:37,2
03/04/2022 11:24,4
03/04/2022 11:20,3
03/04/2022 11:19,4
03/04/2022 11:18,3
03/04/2022 11:07,5
03/04/2022 10:50,5
03/04/2022 10:44,2
03/04/2022 10:36,4
03/04/2022 10:16,5
03/04/2022 10:15,1
03/04/2022 10:13,5
03/04/2022 10:13,5
03/04/2022 10:12,1
03/04/2022 10:07,5
03/04/2022 10:01,3
03/04/2022 09:57,1
03/04/2022 09:52,1
03/04/2022 09:52,5
03/04/2022 09:46,3
03/04/2022 09:39,4
03/04/2022 09:03,4
03/04/2022 09:02,5
03/04/2022 08:55,3
03/04/2022 08:51,4
03/04/2022 08:48,1
03/04/2022 08:42,5
03/04/2022 08:38,1
03/04/2022 08:37,5
03/04/2022 08:18,5
03/04/2022 08:11,1
03/04/2022 08:11,5
03/04/2022 08:05,1
03/04/2022 07:55,5
03/04/2022 07:53,3
03/04/2022 07:52,2
03/04/2022 07:44,5
03/04/2022 07:27,4
03/04/2022 07:20,3
03/04/2022 07:14,4
03/04/2022 07:04,4
03/04/2022 06:58,2
03/04/2022 06:49,1
03/04/2022 06:41,2
03/04/2022 06:40,4
03/04/2022 06:39,1
03/04/2022 06:38,5
03/04/2022 06:29,5
03/04/2022 06:16,1
03/04/2022 05:56,1
03/04/2022 05:49,4
03/04/2022 05:46,5
03/04/2022 05:45,5
03/04/2022 05:38,1
03/04/2022 05:33,1
03/04/2022 05:22,3
03/04/2022 05:14,5
03/04/2022 05:01,5
03/04/2022 04:56,1
03/04/2022 04:48,5
03/04/2022 04:38,2
03/04/2022 04:19,3
03/04/2022 04:14,4
03/04/2022 04:13,4
03/04/2022 04:12,5
03/04/2022 03:55,2
03/04/2022 03:34,5
03/04/2022 03:27,4
03/04/2022 03:15,3
03/04/2022 03:15,5
03/04/2022 03:03,3
03/04/2022 03:03,2
03/04/2022 02:59,1
03/04/2022 02:54,1
03/04/2022 02:44,5
03/04/2022 02:44,5
03/04/2022 02:37,1
03/04/2022 02:33,1
03/04/2022 02:17,3
03/04/2022 01:39,5
03/04/2022 01:30,2
03/04/2022 01:25,3
03/04/2022 01:06,5
03/04/2022 00:57,5
03/04/2022 00:42,3
03/04/2022 00:25,1
03/04/2022 00:23,4
03/04/2022 00:07,1
03/04/2022 00:01,1
02/04/2022 23:58,1
02/04/2022 23:48,4
02/04/2022 23:41,3
02/04/2022 23:35,5
02/04/2022 23:35,5
02/04/2022 23:06,5
02/04/2022 23:03,4
02/04/2022 22:50,1
02/04/2022 22:49,1
02/04/2022 22:43,1
02/04/2022 22:38,5
02/04/2022 22:36,2
02/04/2022 22:34,3
02/04/2022 22:23,5
02/04/2022 22:11,5
02/04/2022 22:09,5
02/04/2022 22:00,4
02/04/2022 22:00,5
02/04/2022 21:57,4
02/04/2022 21:45,5
02/04/2022 21:42,5
02/04/2022 21:37,4
02/04/2022 21:31,1
02/04/2022 21:27,2
02/04/2022 21:06,3
02/04/2022 21:03,4
02/04/2022 20:55,5
02/04/2022 20:54,3
02/04/2022 20:51,5
02/04/2022 20:47,2
02/04/2022 20:30,3
02/04/2022 20:29,3
02/04/2022 20:25,3
02/04/2022 20:05,4
02/04/2022 19:58,1
02/04/2022 19:53,1
02/04/2022 19:49,4
02/04/2022 19:46,5
02/04/2022 19:45,1
02/04/2022 19:33,4
02/04/2022 19:32,1
02/04/2022 19:31,1
02/04/2022 19:23,5
02/04/2022 19:23,2
02/04/2022 19:20,1
02/04/2022 19:15,5
02/04/2022 19:12,2
02/04/2022 19:10,1
02/04/2022 19:05,5
02/04/2022 19:03,3
02/04/2022 19:02,5
02/04/2022 18:57,2
02/04/2022 18:55,5
02/04/2022 18:45,5
02/04/2022 18:38,1
02/04/2022 18:30,5
02/04/2022 18:28,1
02/04/2022 18:26,1
02/04/2022 18:19,1
02/04/2022 18:16,3
02/04/2022 18:14,4
02/04/2022 18:10,3
02/04/2022 18:07,1
02/04/2022 17:55,1
02/04/2022 17:52,5
02/04/2022 17:49,4
02/04/2022 17:45,1
02/04/2022 17:41,1
02/04/2022 17:30,2
02/04/2022 17:29,1
02/04/2022 17:28,4
02/04/2022 17:24,3
02/04/2022 17:12,4
02/04/2022 17:10,5
02/04/2022 17:09,1
02/04/2022 17:08,1
02/04/2022 17:06,1
02/04/2022 17:01,1
02/04/2022 16:58,1
02/04/2022 16:48,2
02/04/2022 16:40,5
02/04/2022 16:34,5
02/04/2022 16:33,5
02/04/2022 16:30,5
02/04/2022 16:26,1
02/04/2022 16:25,5
02/04/2022 16:14,4
02/04/2022 16:12,5
02/04/2022 16:11,4
02/04/2022 16:05,1
02/04/2022 16:01,5
02/04/2022 16:00,5
02/04/2022 16:00,2
02/04/2022 16:00,1
02/04/2022 15:57,4
02/04/2022 15:51,4
02/04/2022 15:44,5
02/04/2022 15:44,1
02/04/2022 15:44,5
02/04/2022 15:42,3
02/04/2022 15:31,1
02/04/2022 15:18,1
02/04/2022 15:14,5
02/04/2022 15:11,5
02/04/2022 15:09,1
02/04/2022 15:01,2
02/04/2022 14:59,5
02/04/2022 14:51,1
02/04/2022 14:50,2
02/04/2022 14:46,1
02/04/2022 14:33,1
02/04/2022 14:27,1
02/04/2022 14:27,5
02/04/2022 14:24,5
02/04/2022 14:23,4
02/04/2022 14:23,5
02/04/2022 14:21,5
02/04/2022 14:19,1
02/04/2022 14:18,5
02/04/2022 14:16,5
02/04/2022 14:01,1
02/04/2022 13:41,2
02/04/2022 13:35,3
02/04/2022 13:28,5
02/04/2022 13:25,5
02/04/2022 13:03,2
02/04/2022 13:01,1
02/04/2022 13:00,1
02/04/2022 12:58,5
02/04/2022 12:48,5
02/04/2022 12:25,1
02/04/2022 12:23,3
02/04/2022 12:20,4
02/04/2022 12:13,5
02/04/2022 12:11,5
02/04/2022 12:03,5
02/04/2022 12:01,5
02/04/2022 11:36,3
02/04/2022 11:32,4
02/04/2022 11:27,1
02/04/2022 11:23,5
02/04/2022 11:10,4
02/04/2022 11:10,1
02/04/2022 10:56,1
02/04/2022 10:53,3
02/04/2022 10:40,5
02/04/2022 10:38,5
02/04/2022 10:31,2
02/04/2022 10:22,2
02/04/2022 10:10,1
02/04/2022 10:09,3
02/04/2022 09:52,5
02/04/2022 09:39,3
02/04/2022 09:38,5
02/04/2022 09:37,1
02/04/2022 09:29,4
02/04/2022 09:21,4
02/04/2022 09:12,5
02/04/2022 09:09,5
02/04/2022 09:08,1
02/04/2022 09:03,1
02/04/2022 09:01,5
02/04/2022 08:47,1
02/04/2022 08:40,4
02/04/2022 08:31,1
02/04/2022 08:18,1
02/04/2022 08:17,5
02/04/2022 08:15,2
02/04/2022 08:10,1
02/04/2022 08:08,1
02/04/2022 07:56,1
02/04/2022 07:42,1
02/04/2022 07:42,5
02/04/2022 07:34,5
02/04/2022 07:23,4
02/04/2022 07:17,5
02/04/2022 07:12,1
02/04/2022 07:03,5
02/04/2022 07:01,4
02/04/2022 06:52,1
02/04/2022 06:44,5
02/04/2022 06:32,2
02/04/2022 06:20,1
02/04/2022 06:09,5
02/04/2022 06:01,5
02/04/2022 05:41,5
02/04/2022 05:41,3
02/04/2022 05:36,1
02/04/2022 05:22,1
02/04/2022 05:11,2
02/04/2022 05:05,4
02/04/2022 04:51,1
02/04/2022 04:24,3
02/04/2022 04:14,1
02/04/2022 04:03,1
02/04/2022 04:02,1
02/04/2022 03:57,5
02/04/2022 03:41,4
02/04/2022 03:37,5
02/04/2022 03:15,1
02/04/2022 03:04,5
02/04/2022 02:56,2
02/04/2022 02:53,1
02/04/2022 02:49,5
02/04/2022 02:41,5
02/04/2022 02:37,1
02/04/2022 02:26,4
02/04/2022 02:25,3
02/04/2022 02:07,4
02/04/2022 01:56,5
02/04/2022 01:35,4
02/04/2022 01:21,5
02/04/2022 01:20,5
02/04/2022 01:17,1
02/04/2022 01:06,5
02/04/2022 00:59,2
02/04/2022 00:45,4
02/04/2022 00:45,5
02/04/2022 00:41,1
02/04/2022 00:38,2
02/04/2022 00:35,5
02/04/2022 00:27,3
02/04/2022 00:18,3
02/04/2022 00:01,4
01/04/2022 23:57,1
01/04/2022 23:35,1
01/04/2022 23:32,5
01/04/2022 23:31,2
01/04/2022 23:29,1
01/04/2022 23:26,1
01/04/2022 23:14,1
01/04/2022 23:11,1
01/04/2022 22:38,1
01/04/2022 22:35,5
01/04/2022 22:27,4
01/04/2022 22:25,1
01/04/2022 22:23,5
01/04/2022 22:08,2
01/04/2022 22:02,5
01/04/2022 22:00,1
01/04/2022 21:57,3
01/04/2022 21:40,5
01/04/2022 21:30,5
01/04/2022 21:23,4
01/04/2022 21:15,1
01/04/2022 21:13,5
01/04/2022 21:03,4
01/04/2022 20:38,5
01/04/2022 20:30,1
01/04/2022 20:30,5
01/04/2022 20:23,5
01/04/2022 20:22,1
01/04/2022 20:15,5
01/04/2022 20:15,2
01/04/2022 19:50,5
01/04/2022 19:25,5
01/04/2022 19:22,4
01/04/2022 19:12,5
01/04/2022 19:00,5
01/04/2022 19:00,5
01/04/2022 18:57,5
01/04/2022 18:55,1
01/04/2022 18:40,3
01/04/2022 18:40,2
01/04/2022 18:16,1
01/04/2022 18:09,1
01/04/2022 18:07,1
01/04/2022 18:01,2
01/04/2022 17:59,3
01/04/2022 17:55,5
01/04/2022 17:48,5
01/04/2022 17:43,1
01/04/2022 17:39,5
01/04/2022 17:18,5
01/04/2022 17:17,1
01/04/2022 17:15,5
01/04/2022 17:13,5
01/04/2022 17:12,5
01/04/2022 17:06,4
01/04/2022 17:01,2
01/04/2022 16:56,5
01/04/2022 16:38,5
01/04/2022 16:35,5
01/04/2022 16:21,5
01/04/2022 16:17,1
01/04/2022 16:15,4
01/04/2022 16:14,5
01/04/2022 16:14,2
01/04/2022 16:13,5
01/04/2022 16:08,3
01/04/2022 16:07,1
01/04/2022 16:00,1
01/04/2022 15:54,2
01/04/2022 15:52,2
01/04/2022 15:50,3
01/04/2022 15:48,5
01/04/2022 15:46,5
01/04/2022 15:19,1
01/04/2022 15:15,5
01/04/2022 15:14,1
01/04/2022 15:14,2
01/04/2022 15:11,4
01/04/2022 15:11,1
01/04/2022 15:10,5
01/04/2022 15:08,1
01/04/2022 15:08,5
01/04/2022 15:02,5
01/04/2022 14:44,5
01/04/2022 14:36,5
01/04/2022 14:36,4
01/04/2022 14:35,4
01/04/2022 14:32,1
01/04/2022 14:29,4
01/04/2022 14:20,5
01/04/2022 14:11,1
01/04/2022 14:11,5
01/04/2022 14:08,5
01/04/2022 14:03,3
01/04/2022 13:55,1
01/04/2022 13:52,4
01/04/2022 13:51,5
01/04/2022 13:50,4
01/04/2022 13:48,1
01/04/2022 13:46,5
01/04/2022 13:46,3
01/04/2022 13:44,2
01/04/2022 13:34,1
01/04/2022 13:23,5
01/04/2022 13:17,5
01/04/2022 13:12,4
01/04/2022 13:10,5
01/04/2022 13:02,5
01/04/2022 12:56,2
01/04/2022 12:47,5
01/04/2022 12:44,4
01/04/2022 12:42,5
01/04/2022 12:35,4
01/04/2022 12:32,2
01/04/2022 12:29,3
01/04/2022 12:26,2
01/04/2022 12:14,5
01/04/2022 12:10,1
01/04/2022 12:09,1
01/04/2022 12:00,4
01/04/2022 11:58,1
01/04/2022 11:55,3
01/04/2022 11:43,2
01/04/2022 11:33,5
01/04/2022 11:31,5
01/04/2022 11:29,5
01/04/2022 11:23,1
01/04/2022 11:11,1
01/04/2022 11:11,5
01/04/2022 11:05,5
01/04/2022 10:49,5
01/04/2022 09:48,5
01/04/2022 09:47,5
01/04/2022 09:47,5
01/04/2022 09:31,1
01/04/2022 09:27,3
01/04/2022 09:26,5
01/04/2022 09:21,5
01/04/2022 09:18,1
01/04/2022 09:17,5
01/04/2022 09:16,5
01/04/2022 09:07,5
01/04/2022 09:01,3
01/04/2022 08:49,1
01/04/2022 08:43,1
01/04/2022 08:38,3
01/04/2022 08:32,1
01/04/2022 08:26,5
01/04/2022 08:19,2
01/04/2022 08:13,4
01/04/2022 08:00,2
01/04/2022 07:47,1
01/04/2022 07:38,3
01/04/2022 07:33,4
01/04/2022 07:31,1
01/04/2022 07:30,3
01/04/2022 07:02,5
01/04/2022 07:01,5
01/04/2022 06:53,5
01/04/2022 06:41,5
01/04/2022 06:40,1
01/04/2022 06:37,3
01/04/2022 06:19,1
01/04/2022 06:18,5
01/04/2022 06:17,5
01/04/2022 05:49,3
01/04/2022 05:41,5
01/04/2022 05:40,1
01/04/2022 05:36,4
01/04/2022 05:18,5
01/04/2022 05:03,4
01/04/2022 04:55,5
01/04/2022 04:54,1
01/04/2022 04:41,1
01/04/2022 04:41,5
01/04/2022 04:37,1
01/04/2022 04:36,4
01/04/2022 04:07,3
01/04/2022 04:05,1
01/04/2022 04:04,5
01/04/2022 03:53,1
01/04/2022 03:49,1
01/04/2022 03:49,5
01/04/2022 03:40,4
01/04/2022 03:30,4
01/04/2022 03:28,5
01/04/2022 03:19,2
01/04/2022 03:06,4
01/04/2022 03:00,1
01/04/2022 02:52,3
01/04/2022 02:49,3
01/04/2022 02:42,1
01/04/2022 02:39,5
01/04/2022 02:38,2
01/04/2022 02:38,3
01/04/2022 01:59,5
01/04/2022 01:50,1
01/04/2022 01:40,1
01/04/2022 01:37,3
01/04/2022 01:02,5
01/04/2022 01:02,5
01/04/2022 00:54,4
01/04/2022 00:42,5
01/04/2022 00:37,4
01/04/2022 00:29,2
01/04/2022 00:19,4
01/04/2022 00:15,5
01/04/2022 00:09,5
01/04/2022 00:04,4
31/03/2022 23:57,5
31/03/2022 23:57,5
31/03/2022 23:55,1
31/03/2022 23:37,1
31/03/2022 23:29,5
31/03/2022 23:14,5
31/03/2022 23:11,1
31/03/2022 23:04,1
31/03/2022 23:02,5
31/03/2022 22:47,1
31/03/2022 22:32,1
31/03/2022 22:27,5
31/03/2022 22:27,3
31/03/2022 22:24,2
31/03/2022 22:14,5
31/03/2022 22:10,3
31/03/2022 22:06,2
31/03/2022 22:00,4
31/03/2022 21:51,1
31/03/2022 21:50,1
31/03/2022 21:37,4
31/03/2022 21:36,4
31/03/2022 21:32,2
31/03/2022 21:22,1
31/03/2022 21:15,1
31/03/2022 21:08,1
31/03/2022 21:04,5
31/03/2022 20:59,3
31/03/2022 20:58,5
31/03/2022 20:58,4
31/03/2022 20:50,5
31/03/2022 20:43,5
31/03/2022 20:41,4
31/03/2022 20:31,5
31/03/2022 20:17,5
31/03/2022 20:04,4
31/03/2022 19:47,5
31/03/2022 19:34,1
31/03/2022 19:28,4
31/03/2022 19:26,2
31/03/2022 19:11,5
31/03/2022 19:08,1
31/03/2022 19:03,1
31/03/2022 19:02,4
31/03/2022 19:01,5
31/03/2022 18:57,5
31/03/2022 18:51,1
31/03/2022 18:51,1
31/03/2022 18:40,5
31/03/2022 18:34,5
31/03/2022 18:31,2
31/03/2022 18:21,4
31/03/2022 18:11,4
31/03/2022 18:08,1
31/03/2022 18:06,4
31/03/2022 18:02,5
31/03/2022 17:38,4
31/03/2022 17:38,3
31/03/2022 17:37,1
31/03/2022 17:29,3
31/03/2022 17:18,4
31/03/2022 17:17,5
31/03/2022 17:14,5
31/03/2022 17:07,5
31/03/2022 17:07,2
31/03/2022 16:54,5
31/03/2022 16:49,1
31/03/2022 16:44,5
31/03/2022 16:43,5
31/03/2022 16:39,5
31/03/2022 16:38,4
31/03/2022 16:37,1
31/03/2022 16:35,1
31/03/2022 16:35,2
31/03/2022 16:35,2
31/03/2022 16:25,2
31/03/2022 16:18,4
31/03/2022 16:15,2
31/03/2022 16:06,2
31/03/2022 16:03,5
31/03/2022 16:02,5
31/03/2022 16:00,5
31/03/2022 15:57,3
31/03/2022 15:46,4
31/03/2022 15:43,5
31/03/2022 15:40,5
31/03/2022 15:34,1
31/03/2022 15:34,3
31/03/2022 15:33,4
31/03/2022 15:32,1
31/03/2022 15:31,5
31/03/2022 15:25,3
31/03/2022 15:11,3
31/03/2022 15:07,5
31/03/2022 15:04,1
31/03/2022 14:59,1
31/03/2022 14:57,4
31/03/2022 14:55,5
31/03/2022 14:35,5
31/03/2022 14:35,4
31/03/2022 14:32,4
31/03/2022 14:32,5
31/03/2022 14:30,5
31/03/2022 14:21,1
31/03/2022 14:16,2
31/03/2022 14:15,5
31/03/2022 14:14,5
31/03/2022 14:05,1
31/03/2022 14:04,2
31/03/2022 14:00,4
31/03/2022 13:48,4
31/03/2022 13:46,4
31/03/2022 13:39,2
31/03/2022 13:37,2
31/03/2022 13:26,5
31/03/2022 13:25,2
31/03/2022 13:20,5
31/03/2022 13:13,1
31/03/2022 13:13,4
31/03/2022 13:08,5
31/03/2022 13:07,3
31/03/2022 13:07,1
31/03/2022 13:01,5
31/03/2022 12:59,5
31/03/2022 12:59,3
31/03/2022 12:57,2
31/03/2022 12:56,1
31/03/2022 12:47,1
31/03/2022 12:24,5
31/03/2022 11:58,5
31/03/2022 11:54,4
31/03/2022 11:47,1
31/03/2022 11:45,1
31/03/2022 11:40,1
31/03/2022 11:27,5
31/03/2022 11:16,2
31/03/2022 11:13,4
31/03/2022 11:10,1
31/03/2022 11:09,5
31/03/2022 11:05,1
31/03/2022 11:02,1
31/03/2022 10:49,1
31/03/2022 10:45,1
31/03/2022 10:01,1
31/03/2022 09:54,5
31/03/2022 09:50,3
31/03/2022 09:48,1
31/03/2022 09:41,4
31/03/2022 09:40,4
31/03/2022 09:18,3
31/03/2022 09:11,2
31/03/2022 09:06,5
31/03/2022 08:58,5
31/03/2022 08:57,2
31/03/2022 08:50,5
31/03/2022 08:10,2
31/03/2022 07:58,2
31/03/2022 07:58,5
31/03/2022 07:42,4
31/03/2022 07:40,1
31/03/2022 07:39,1
31/03/2022 07:27,1
31/03/2022 07:17,1
31/03/2022 07:12,5
31/03/2022 07:11,5
31/03/2022 07:05,5
31/03/2022 07:05,4
31/03/2022 06:53,1
31/03/2022 06:47,1
31/03/2022 06:41,2
31/03/2022 06:41,1
31/03/2022 06:40,5
31/03/2022 06:38,3
31/03/2022 06:37,5
31/03/2022 06:36,4
31/03/2022 06:36,5
31/03/2022 06:33,4
31/03/2022 06:29,2
31/03/2022 06:25,5
31/03/2022 06:24,5
31/03/2022 06:14,1
31/03/2022 06:08,1
31/03/2022 06:04,4
31/03/2022 06:03,1
31/03/2022 06:03,2
31/03/2022 06:02,1
31/03/2022 06:02,3
31/03/2022 05:48,3
31/03/2022 05:45,5
31/03/2022 05:42,5
31/03/2022 05:41,2
31/03/2022 05:35,1
31/03/2022 05:28,5
31/03/2022 05:26,1
31/03/2022 05:21,4
31/03/2022 05:15,5
31/03/2022 05:15,2
31/03/2022 05:06,5
31/03/2022 04:59,5
31/03/2022 04:32,4
31/03/2022 04:19,1
31/03/2022 04:16,3
31/03/2022 04:16,1
31/03/2022 04:13,1
31/03/2022 04:05,4
31/03/2022 03:59,4
31/03/2022 03:54,4
31/03/2022 03:43,5
31/03/2022 03:35,5
31/03/2022 03:16,4
31/03/2022 03:08,3
31/03/2022 03:03,5
31/03/2022 03:01,2
31/03/2022 02:58,5
31/03/2022 02:54,5
31/03/2022 02:42,1
31/03/2022 02:42,4
31/03/2022 02:41,2
31/03/2022 02:40,5
31/03/2022 02:39,3
31/03/2022 02:28,4
31/03/2022 02:27,1
31/03/2022 02:21,2
31/03/2022 02:14,1
31/03/2022 01:48,5
31/03/2022 01:39,3
31/03/2022 01:33,5
31/03/2022 01:33,5
31/03/2022 01:25,3
31/03/2022 01:21,1
31/03/2022 01:20,5
31/03/2022 01:11,5
31/03/2022 01:07,2
31/03/2022 01:04,5
31/03/2022 00:51,2
31/03/2022 00:45,5
31/03/2022 00:41,1
31/03/2022 00:37,5
31/03/2022 00:35,5
31/03/2022 00:15,1
31/03/2022 00:14,3
31/03/2022 00:06,4
31/03/2022 00:02,5
30/03/2022 23:53,2
30/03/2022 23:51,1
30/03/2022 23:47,5
30/03/2022 23:44,1
30/03/2022 23:33,1
30/03/2022 23:24,4
30/03/2022 23:19,5
30/03/2022 23:11,1
30/03/2022 23:09,5
30/03/2022 23:07,1
30/03/2022 22:55,1
30/03/2022 22:50,3
30/03/2022 22:49,1
30/03/2022 22:46,4
30/03/2022 22:44,5
30/03/2022 22:42,4
30/03/2022 22:31,5
30/03/2022 22:28,5
30/03/2022 22:23,4
30/03/2022 22:07,1
30/03/2022 21:56,4
30/03/2022 21:42,1
30/03/2022 21:42,1
30/03/2022 21:30,5
30/03/2022 21:08,5
30/03/2022 21:06,5
30/03/2022 21:00,1
30/03/2022 20:58,5
30/03/2022 20:51,1
30/03/2022 20:33,1
30/03/2022 20:32,3
30/03/2022 20:32,5
30/03/2022 20:31,5
30/03/2022 20:29,4
30/03/2022 20:20,4
30/03/2022 20:16,1
30/03/2022 20:14,5
30/03/2022 20:09,5
30/03/2022 20:04,1
30/03/2022 19:54,2
30/03/2022 19:44,1
30/03/2022 19:38,5
30/03/2022 19:36,2
30/03/2022 19:30,5
30/03/2022 19:26,2
30/03/2022 19:23,2
30/03/2022 19:21,3
30/03/2022 18:30,1
30/03/2022 18:29,5
30/03/2022 18:27,4
30/03/2022 18:24,5
30/03/2022 18:21,4
30/03/2022 18:15,1
30/03/2022 18:14,3
30/03/2022 18:09,5
30/03/2022 18:01,4
30/03/2022 17:53,1
30/03/2022 17:49,3
30/03/2022 17:39,1
30/03/2022 17:36,1
30/03/2022 17:31,1
30/03/2022 17:29,5
30/03/2022 17:27,5
30/03/2022 17:17,5
30/03/2022 17:14,2
30/03/2022 17:08,5
30/03/2022 17:02,1
30/03/2022 17:02,2
30/03/2022 17:00,1
30/03/2022 16:58,2
30/03/2022 16:50,1
30/03/2022 16:46,4
30/03/2022 16:45,1
30/03/2022 16:41,5
30/03/2022 16:35,1
30/03/2022 16:35,1
30/03/2022 16:26,5
30/03/2022 16:17,1
30/03/2022 16:14,1
30/03/2022 16:13,1
30/03/2022 16:08,2
30/03/2022 16:07,5
30/03/2022 16:07,1
30/03/2022 16:05,3
30/03/2022 16:01,3
30/03/2022 15:53,4
30/03/2022 15:51,1
30/03/2022 15:49,5
30/03/2022 15:48,5
30/03/2022 15:34,4
30/03/2022 15:26,1
30/03/2022 15:19,5
30/03/2022 15:14,1
30/03/2022 15:07,5
30/03/2022 15:00,1
30/03/2022 15:00,1
30/03/2022 14:53,3
30/03/2022 14:50,1
30/03/2022 14:48,2
30/03/2022 14:48,4
30/03/2022 14:45,4
30/03/2022 14:42,4
30/03/2022 14:36,3
30/03/2022 14:34,1
30/03/2022 14:33,2
30/03/2022 14:32,1
30/03/2022 14:29,3
30/03/2022 14:25,1
30/03/2022 14:14,1
30/03/2022 14:07,4
30/03/2022 14:07,4
30/03/2022 13:41,1
30/03/2022 13:39,4
30/03/2022 13:37,1
30/03/2022 13:36,5
30/03/2022 13:33,1
30/03/2022 13:26,1
30/03/2022 13:24,1
30/03/2022 13:20,5
30/03/2022 13:12,5
30/03/2022 13:04,5
30/03/2022 12:55,1
30/03/2022 12:40,4
30/03/2022 12:38,5
30/03/2022 12:29,5
30/03/2022 12:24,2
30/03/2022 12:17,4
30/03/2022 12:16,1
30/03/2022 12:15,5
30/03/2022 12:06,5
30/03/2022 11:53,1
30/03/2022 11:52,1
30/03/2022 11:32,5
30/03/2022 11:30,5
30/03/2022 11:25,4
30/03/2022 11:19,4
30/03/2022 10:55,1
30/03/2022 10:52,5
30/03/2022 10:36,2
30/03/2022 10:17,1
30/03/2022 10:13,1
30/03/2022 10:07,5
30/03/2022 09:56,3
30/03/2022 09:55,5
30/03/2022 09:35,1
30/03/2022 09:35,4
30/03/2022 09:35,4
30/03/2022 09:24,4
30/03/2022 09:23,5
30/03/2022 09:16,3
30/03/2022 09:10,4
30/03/2022 08:38,1
30/03/2022 08:37,5
30/03/2022 08:22,3
30/03/2022 08:19,3
30/03/2022 08:07,4
30/03/2022 08:04,1
30/03/2022 07:49,4
30/03/2022 07:47,5
30/03/2022 07:41,1
30/03/2022 07:22,5
30/03/2022 07:01,5
30/03/2022 06:51,1
30/03/2022 06:35,5
30/03/2022 06:31,5
30/03/2022 06:28,5
30/03/2022 06:20,4
30/03/2022 06:06,1
30/03/2022 06:03,2
30/03/2022 05:57,1
30/03/2022 05:33,1
30/03/2022 04:58,1
30/03/2022 04:49,5
30/03/2022 04:48,5
30/03/2022 04:44,4
30/03/2022 04:34,4
30/03/2022 04:32,5
30/03/2022 04:24,5
30/03/2022 04:24,3
30/03/2022 04:05,3
30/03/2022 04:01,1
30/03/2022 03:57,5
30/03/2022 03:44,4
30/03/2022 03:14,1
30/03/2022 03:10,1
30/03/2022 02:44,2
30/03/2022 02:36,4
30/03/2022 02:36,5
30/03/2022 02:33,5
30/03/2022 02:31,2
30/03/2022 02:23,5
30/03/2022 02:21,4
30/03/2022 02:18,5
30/03/2022 02:04,1
30/03/2022 01:56,1
30/03/2022 01:51,1
30/03/2022 01:42,5
30/03/2022 01:39,5
30/03/2022 01:34,3
30/03/2022 01:32,3
30/03/2022 01:31,5
30/03/2022 01:25,2
30/03/2022 01:16,4
30/03/2022 00:49,2
30/03/2022 00:47,5
30/03/2022 00:46,1
30/03/2022 00:44,5
30/03/2022 00:32,5
30/03/2022 00:21,2
30/03/2022 00:13,5
30/03/2022 00:09,3
29/03/2022 23:59,1
29/03/2022 23:57,4
29/03/2022 23:46,1
29/03/2022 23:23,4
29/03/2022 23:04,2
29/03/2022 22:58,4
29/03/2022 22:54,3
29/03/2022 22:47,5
29/03/2022 22:37,4
29/03/2022 22:36,4
29/03/2022 22:24,1
29/03/2022 22:09,4
29/03/2022 21:36,2
29/03/2022 21:34,4
29/03/2022 21:19,3
29/03/2022 21:12,3
29/03/2022 21:12,5
29/03/2022 21:11,4
29/03/2022 21:11,5
29/03/2022 21:08,1
29/03/2022 20:57,4
29/03/2022 20:56,4
29/03/2022 20:26,2
29/03/2022 20:25,5
29/03/2022 20:24,5
29/03/2022 20:23,5
29/03/2022 19:57,1
29/03/2022 19:50,3
29/03/2022 19:37,4
29/03/2022 19:35,5
29/03/2022 19:32,5
29/03/2022 19:19,5
29/03/2022 19:15,5
29/03/2022 18:49,4
29/03/2022 18:48,5
29/03/2022 18:48,4
29/03/2022 18:47,3
29/03/2022 18:40,3
29/03/2022 18:35,2
29/03/2022 18:29,1
29/03/2022 18:23,5
29/03/2022 17:59,1
29/03/2022 17:56,1
29/03/2022 17:54,4
29/03/2022 17:50,4
29/03/2022 17:36,5
29/03/2022 17:35,1
29/03/2022 17:33,4
29/03/2022 17:26,2
29/03/2022 17:16,4
29/03/2022 17:15,5
29/03/2022 16:52,5
29/03/2022 16:39,5
29/03/2022 16:37,5
29/03/2022 16:26,3
29/03/2022 16:18,3
29/03/2022 16:16,1
29/03/2022 16:15,5
29/03/2022 16:13,3
29/03/2022 16:13,1
29/03/2022 16:08,1
29/03/2022 16:07,5
29/03/2022 16:04,5
29/03/2022 15:53,3
29/03/2022 15:49,1
29/03/2022 15:49,4
29/03/2022 15:40,5
29/03/2022 15:39,3
29/03/2022 15:30,1
29/03/2022 15:27,3
29/03/2022 15:25,5
29/03/2022 15:22,5
29/03/2022 15:16,4
29/03/2022 15:14,5
29/03/2022 15:07,4
29/03/2022 15:06,4
29/03/2022 14:52,1
29/03/2022 14:50,4
29/03/2022 14:38,5
29/03/2022 14:20,5
29/03/2022 14:11,3
29/03/2022 14:09,4
29/03/2022 14:01,5
29/03/2022 13:50,1
29/03/2022 13:38,4
29/03/2022 13:38,1
29/03/2022 13:08,5
29/03/2022 13:04,5
29/03/2022 13:02,3
29/03/2022 13:02,4
29/03/2022 12:42,2
29/03/2022 12:23,2
29/03/2022 11:53,3
29/03/2022 11:33,1
29/03/2022 11:30,2
29/03/2022 11:30,4
29/03/2022 11:24,1
29/03/2022 11:21,5
29/03/2022 11:16,3
29/03/2022 11:03,4
29/03/2022 11:01,4
29/03/2022 11:00,4
29/03/2022 10:57,5
29/03/2022 10:56,5
29/03/2022 10:53,4
29/03/2022 10:49,2
29/03/2022 10:39,1
29/03/2022 10:36,4
29/03/2022 10:24,1
29/03/2022 10:17,1
29/03/2022 09:50,5
29/03/2022 09:47,5
29/03/2022 09:44,5
29/03/2022 09:36,3
29/03/2022 08:59,3
29/03/2022 08:56,2
29/03/2022 08:49,4
29/03/2022 08:39,1
29/03/2022 08:37,3
29/03/2022 08:11,1
29/03/2022 08:04,1
29/03/2022 07:58,5
29/03/2022 07:53,2
29/03/2022 07:51,2
29/03/2022 07:51,2
29/03/2022 07:47,1
29/03/2022 07:09,5
29/03/2022 07:06,5
29/03/2022 07:01,5
29/03/2022 06:58,1
29/03/2022 06:49,3
29/03/2022 06:49,3
29/03/2022 06:46,1
29/03/2022 06:42,3
29/03/2022 06:37,1
29/03/2022 06:36,3
29/03/2022 06:31,5
29/03/2022 06:23,2
29/03/2022 06:04,1
29/03/2022 05:56,1
29/03/2022 05:39,5
29/03/2022 05:07,4
29/03/2022 04:44,1
29/03/2022 04:27,3
29/03/2022 04:21,5
29/03/2022 04:21,3
29/03/2022 04:15,4
29/03/2022 04:13,5
29/03/2022 04:07,5
29/03/2022 04:05,1
29/03/2022 04:03,5
29/03/2022 04:01,2
29/03/2022 03:59,5
29/03/2022 03:58,4
29/03/2022 03:50,4
29/03/2022 03:33,5
29/03/2022 03:28,5
29/03/2022 03:16,2
29/03/2022 03:11,2
29/03/2022 03:08,5
29/03/2022 03:07,4
29/03/2022 03:05,1
29/03/2022 02:59,1
29/03/2022 02:57,3
29/03/2022 02:46,1
29/03/2022 02:42,1
29/03/2022 02:41,5
29/03/2022 02:13,1
29/03/2022 02:11,1
29/03/2022 01:25,1
29/03/2022 01:20,5
29/03/2022 01:05,5
29/03/2022 01:01,3
29/03/2022 01:00,4
29/03/2022 00:51,3
29/03/2022 00:44,5
29/03/2022 00:41,1
29/03/2022 00:38,4
29/03/2022 00:33,3
29/03/2022 00:33,5
29/03/2022 00:25,3
29/03/2022 00:22,5
29/03/2022 00:18,1
29/03/2022 00:14,1
29/03/2022 00:10,1
28/03/2022 23:59,3
28/03/2022 23:55,5
28/03/2022 23:53,5
28/03/2022 23:52,2
28/03/2022 23:44,5
28/03/2022 23:26,5
28/03/2022 23:03,5
28/03/2022 22:58,5
28/03/2022 22:57,5
28/03/2022 22:52,5
28/03/2022 22:46,1
28/03/2022 22:43,2
28/03/2022 22:39,1
28/03/2022 22:33,5
28/03/2022 22:18,5
28/03/2022 22:04,1
28/03/2022 22:01,5
28/03/2022 21:57,5
28/03/2022 21:54,2
28/03/2022 21:50,1
28/03/2022 21:27,3
28/03/2022 21:23,4
28/03/2022 21:22,4
28/03/2022 21:19,3
28/03/2022 21:15,2
28/03/2022 21:05,2
28/03/2022 21:05,5
28/03/2022 21:02,5
28/03/2022 21:01,1
28/03/2022 20:59,2
28/03/2022 20:59,3
28/03/2022 20:57,1
28/03/2022 20:45,5
28/03/2022 20:24,2
28/03/2022 20:19,1
28/03/2022 20:18,1
28/03/2022 20:08,5
28/03/2022 20:04,4
28/03/2022 19:58,4
28/03/2022 19:56,4
28/03/2022 19:56,5
28/03/2022 19:47,4
28/03/2022 19:42,5
28/03/2022 19:40,1
28/03/2022 19:40,3
28/03/2022 19:37,1
28/03/2022 19:34,1
28/03/2022 19:28,1
28/03/2022 19:17,2
28/03/2022 19:09,5
28/03/2022 19:08,5
28/03/2022 19:07,2
28/03/2022 18:27,4
28/03/2022 18:16,5
28/03/2022 18:11,1
28/03/2022 18:06,1
28/03/2022 18:05,3
28/03/2022 18:00,3
28/03/2022 17:49,2
28/03/2022 17:47,1
28/03/2022 17:38,5
28/03/2022 17:28,5
28/03/2022 17:07,1
28/03/2022 17:06,5
28/03/2022 16:56,2
28/03/2022 16:55,5
28/03/2022 16:52,5
28/03/2022 16:52,5
28/03/2022 16:49,4
28/03/2022 16:46,1
28/03/2022 16:46,3
28/03/2022 16:43,2
28/03/2022 16:41,4
28/03/2022 16:41,1
28/03/2022 16:38,4
28/03/2022 16:37,1
28/03/2022 16:36,1
28/03/2022 16:32,5
28/03/2022 16:24,1
28/03/2022 16:21,5
28/03/2022 16:21,2
28/03/2022 16:01,1
28/03/2022 16:00,4
28/03/2022 15:54,5
28/03/2022 15:42,5
28/03/2022 15:41,5
28/03/2022 15:35,4
28/03/2022 15:31,5
28/03/2022 15:30,1
28/03/2022 15:27,4
28/03/2022 14:56,1
28/03/2022 14:45,5
28/03/2022 14:30,1
28/03/2022 14:26,4
28/03/2022 14:26,5
28/03/2022 14:24,2
28/03/2022 14:22,1
28/03/2022 14:10,5
28/03/2022 13:50,1
28/03/2022 13:39,1
28/03/2022 13:29,4
28/03/2022 13:23,5
28/03/2022 13:18,4
28/03/2022 12:34,5
28/03/2022 12:27,5
28/03/2022 12:14,5
28/03/2022 12:14,1
28/03/2022 12:00,2
28/03/2022 11:58,5
28/03/2022 11:22,1
28/03/2022 11:04,1
28/03/2022 10:58,5
28/03/2022 10:55,4
28/03/2022 10:20,5
28/03/2022 10:15,5
28/03/2022 09:57,5
28/03/2022 09:50,1
28/03/2022 09:27,1
28/03/2022 09:23,1
28/03/2022 09:20,5
28/03/2022 09:12,5
28/03/2022 09:12,4
28/03/2022 09:09,1
28/03/2022 09:03,5
28/03/2022 08:59,5
28/03/2022 08:51,1
28/03/2022 08:16,5
28/03/2022 08:10,3
28/03/2022 07:51,4
28/03/2022 07:50,5
28/03/2022 07:30,1
28/03/2022 07:21,1
28/03/2022 07:18,5
28/03/2022 07:18,1
28/03/2022 06:55,3
28/03/2022 06:52,4
28/03/2022 06:46,1
28/03/2022 06:41,5
28/03/2022 06:21,5
28/03/2022 06:11,5
28/03/2022 06:11,1
28/03/2022 06:05,5
28/03/2022 05:54,5
28/03/2022 05:53,5
28/03/2022 05:03,1
28/03/2022 04:54,4
28/03/2022 04:34,5
28/03/2022 04:32,5
28/03/2022 04:09,4
28/03/2022 04:05,5
28/03/2022 03:56,5
28/03/2022 03:38,3
28/03/2022 03:19,1
28/03/2022 03:13,3
28/03/2022 03:08,5
28/03/2022 03:03,1
28/03/2022 02:56,5
28/03/2022 02:52,5
28/03/2022 02:38,5
28/03/2022 02:31,1
28/03/2022 02:30,5
28/03/2022 02:12,3
28/03/2022 02:04,5
28/03/2022 01:41,2
28/03/2022 01:33,1
28/03/2022 01:23,3
28/03/2022 01:16,3
28/03/2022 01:13,1
28/03/2022 01:07,1
28/03/2022 00:55,5
28/03/2022 00:52,5
28/03/2022 00:45,3
28/03/2022 00:37,5
28/03/2022 00:35,1
28/03/2022 00:32,3
28/03/2022 00:25,1
28/03/2022 00:18,5
28/03/2022 00:16,3
28/03/2022 00:15,4
28/03/2022 00:12,5
28/03/2022 00:11,1
28/03/2022 00:09,5
28/03/2022 00:02,3
28/03/2022 00:01,5
27/03/2022 23:57,5
27/03/2022 23:45,1
27/03/2022 23:40,2
27/03/2022 23:39,5
27/03/2022 23:34,2
27/03/2022 23:30,5
27/03/2022 22:58,2
27/03/2022 22:57,5
27/03/2022 22:55,4
27/03/2022 22:40,1
27/03/2022 22:37,4
27/03/2022 22:09,1
27/03/2022 22:04,1
27/03/2022 21:51,5
27/03/2022 21:47,1
27/03/2022 21:34,2
27/03/2022 21:29,1
27/03/2022 21:09,5
27/03/2022 21:05,5
27/03/2022 20:54,1
27/03/2022 20:52,3
27/03/2022 20:49,1
27/03/2022 20:48,1
27/03/2022 20:46,4
27/03/2022 20:37,5
27/03/2022 20:35,5
27/03/2022 20:28,2
27/03/2022 20:25,1
27/03/2022 20:24,5
27/03/2022 20:17,4
27/03/2022 20:13,5
27/03/2022 20:03,5
27/03/2022 20:03,3
27/03/2022 20:00,4
27/03/2022 19:58,5
27/03/2022 19:44,5
27/03/2022 19:39,1
27/03/2022 19:38,1
27/03/2022 19:29,1
27/03/2022 19:06,1
27/03/2022 19:00,2
27/03/2022 18:53,5
27/03/2022 18:47,3
27/03/2022 18:46,2
27/03/2022 18:27,3
27/03/2022 18:26,5
27/03/2022 18:19,5
27/03/2022 18:09,3
27/03/2022 17:58,1
27/03/2022 17:57,5
27/03/2022 17:52,4
27/03/2022 17:50,5
27/03/2022 17:48,5
27/03/2022 17:32,5
27/03/2022 17:31,5
27/03/2022 17:30,1
27/03/2022 17:28,1
27/03/2022 17:21,5
27/03/2022 17:21,3
27/03/2022 17:13,5
27/03/2022 17:10,4
27/03/2022 17:00,1
27/03/2022 16:56,1
27/03/2022 16:55,3
27/03/2022 16:50,4
27/03/2022 16:46,5
27/03/2022 16:45,4
27/03/2022 16:34,5
27/03/2022 16:25,4
27/03/2022 16:17,2
27/03/2022 16:13,5
27/03/2022 16:13,4
27/03/2022 16:09,5
27/03/2022 16:07,5
27/03/2022 15:45,1
27/03/2022 15:40,5
27/03/2022 15:30,5
27/03/2022 15:28,3
27/03/2022 15:27,1
27/03/2022 15:21,5
27/03/2022 15:19,5
27/03/2022 15:02,3
27/03/2022 14:58,1
27/03/2022 14:56,5
27/03/2022 14:52,1
27/03/2022 14:41,1
27/03/2022 14:35,5
27/03/2022 14:15,3
27/03/2022 14:11,5
27/03/2022 14:06,5
27/03/2022 13:36,5
27/03/2022 13:33,5
27/03/2022 13:32,5
27/03/2022 13:29,1
27/03/2022 13:28,5
27/03/2022 13:09,4
27/03/2022 13:09,1
27/03/2022 13:06,5
27/03/2022 13:00,5
27/03/2022 12:56,1
27/03/2022 12:48,5
27/03/2022 12:41,1
27/03/2022 12:38,5
27/03/2022 12:33,5
27/03/2022 12:32,3
27/03/2022 12:31,2
27/03/2022 12:30,5
27/03/2022 12:29,4
27/03/2022 12:28,2
27/03/2022 12:23,5
27/03/2022 12:21,2
27/03/2022 12:18,3
27/03/2022 12:13,4
27/03/2022 12:10,5
27/03/2022 12:09,1
27/03/2022 12:09,1
27/03/2022 12:03,2
27/03/2022 11:58,5
27/03/2022 11:36,2
27/03/2022 11:35,1
27/03/2022 11:33,5
27/03/2022 11:30,5
27/03/2022 11:25,2
27/03/2022 11:15,5
27/03/2022 11:14,3
27/03/2022 11:13,5
27/03/2022 10:59,2
27/03/2022 10:58,4
27/03/2022 10:56,4
27/03/2022 10:50,1
27/03/2022 10:35,5
27/03/2022 10:34,4
27/03/2022 10:22,5
27/03/2022 10:05,1
27/03/2022 09:55,5
27/03/2022 09:45,2
27/03/2022 09:44,4
27/03/2022 09:35,1
27/03/2022 09:31,2
27/03/2022 09:28,4
27/03/2022 09:27,2
27/03/2022 09:11,5
27/03/2022 09:10,5
27/03/2022 09:06,4
27/03/2022 08:42,5
27/03/2022 08:34,3
27/03/2022 08:26,1
27/03/2022 08:24,5
27/03/2022 08:02,1
27/03/2022 07:56,5
27/03/2022 07:47,5
27/03/2022 07:47,5
27/03/2022 07:30,2
27/03/2022 07:24,4
27/03/2022 07:15,3
27/03/2022 07:14,1
27/03/2022 06:58,5
27/03/2022 06:53,5
27/03/2022 06:52,1
27/03/2022 06:44,2
27/03/2022 06:28,5
27/03/2022 06:20,5
27/03/2022 05:45,5
27/03/2022 05:37,5
27/03/2022 05:25,5
27/03/2022 05:20,1
27/03/2022 05:17,4
27/03/2022 04:50,5
27/03/2022 04:43,5
27/03/2022 04:23,2
27/03/2022 04:01,2
27/03/2022 03:58,3
27/03/2022 03:54,3
27/03/2022 03:44,5
27/03/2022 03:40,1
27/03/2022 03:25,5
27/03/2022 03:18,5
27/03/2022 02:53,4
27/03/2022 02:51,5
27/03/2022 02:33,1
27/03/2022 02:19,3
27/03/2022 02:17,5
27/03/2022 02:14,3
27/03/2022 01:37,2
27/03/2022 01:32,1
27/03/2022 01:25,1
27/03/2022 01:03,5
27/03/2022 01:02,1
27/03/2022 00:57,1
27/03/2022 00:51,1
27/03/2022 00:42,1
27/03/2022 00:40,5
27/03/2022 00:17,3
27/03/2022 00:11,3
27/03/2022 00:01,4
27/03/2022 00:01,5
26/03/2022 23:57,4
26/03/2022 23:51,1
26/03/2022 23:28,5
26/03/2022 23:26,5
26/03/2022 23:16,5
26/03/2022 23:15,5
26/03/2022 23:14,5
26/03/2022 23:14,4
26/03/2022 23:13,1
26/03/2022 23:10,4
26/03/2022 23:06,3
26/03/2022 22:59,4
26/03/2022 22:56,5
26/03/2022 22:56,5
26/03/2022 22:47,5
26/03/2022 22:39,5
26/03/2022 22:22,2
26/03/2022 22:18,1
26/03/2022 22:17,1
26/03/2022 22:01,1
26/03/2022 21:36,1
26/03/2022 21:21,1
26/03/2022 21:20,5
26/03/2022 21:08,5
26/03/2022 21:04,2
26/03/2022 21:01,5
26/03/2022 20:49,5
26/03/2022 20:46,3
26/03/2022 20:39,4
26/03/2022 20:37,2
26/03/2022 20:35,5
26/03/2022 20:24,5
26/03/2022 20:12,2
26/03/2022 20:08,5
26/03/2022 20:03,3
26/03/2022 19:57,5
26/03/2022 19:52,5
26/03/2022 19:47,5
26/03/2022 19:36,3
26/03/2022 19:12,3
26/03/2022 19:10,5
26/03/2022 19:07,5
26/03/2022 19:06,4
26/03/2022 19:06,3
26/03/2022 18:53,3
26/03/2022 18:51,3
26/03/2022 18:51,1
26/03/2022 18:50,5
26/03/2022 18:45,4
26/03/2022 18:43,1
26/03/2022 18:32,1
26/03/2022 18:26,5
26/03/2022 18:14,5
26/03/2022 18:12,1
26/03/2022 18:02,5
26/03/2022 17:58,2
26/03/2022 17:49,4
26/03/2022 17:32,4
26/03/2022 17:29,5
26/03/2022 17:24,3
26/03/2022 17:19,4
26/03/2022 17:16,2
26/03/2022 17:11,3
26/03/2022 17:11,3
26/03/2022 17:04,5
26/03/2022 17:03,1
26/03/2022 17:02,4
26/03/2022 17:02,3
26/03/2022 17:00,2
26/03/2022 16:56,1
26/03/2022 16:54,5
26/03/2022 16:54,3
26/03/2022 16:53,5
26/03/2022 16:50,5
26/03/2022 16:43,5
26/03/2022 16:37,4
26/03/2022 16:30,3
26/03/2022 16:17,5
26/03/2022 16:16,5
26/03/2022 16:16,2
26/03/2022 16:16,4
26/03/2022 16:15,2
26/03/2022 16:14,2
26/03/2022 16:06,5
26/03/2022 16:06,5
26/03/2022 16:05,1
26/03/2022 16:03,5
26/03/2022 16:01,5
26/03/2022 16:01,1
26/03/2022 16:00,5
26/03/2022 15:57,1
26/03/2022 15:55,5
26/03/2022 15:53,5
26/03/2022 15:53,1
26/03/2022 15:45,5
26/03/2022 15:32,5
26/03/2022 15:28,2
26/03/2022 15:25,5
26/03/2022 15:09,5
26/03/2022 15:07,5
26/03/2022 14:46,3
26/03/2022 14:42,5
26/03/2022 14:35,3
26/03/2022 14:34,2
26/03/2022 14:33,4
26/03/2022 14:29,4
26/03/2022 14:28,5
26/03/2022 14:25,5
26/03/2022 14:25,4
26/03/2022 14:16,3
26/03/2022 14:12,5
26/03/2022 14:12,1
26/03/2022 13:53,2
26/03/2022 13:49,3
26/03/2022 13:47,2
26/03/2022 13:47,5
26/03/2022 13:40,1
26/03/2022 13:38,2
26/03/2022 13:38,4
26/03/2022 13:25,1
26/03/2022 13:22,5
26/03/2022 13:19,3
26/03/2022 13:18,4
26/03/2022 13:15,5
26/03/2022 13:15,4
26/03/2022 13:15,3
26/03/2022 13:12,5
26/03/2022 13:01,5
26/03/2022 12:46,1
26/03/2022 12:42,5
26/03/2022 12:33,5
26/03/2022 12:33,1
26/03/2022 12:24,1
26/03/2022 12:22,2
26/03/2022 12:14,5
26/03/2022 12:12,5
26/03/2022 11:54,5
26/03/2022 11:51,1
26/03/2022 11:48,1
26/03/2022 11:39,5
26/03/2022 11:36,5
26/03/2022 11:27,5
26/03/2022 11:22,2
26/03/2022 11:16,1
26/03/2022 11:13,3
26/03/2022 11:06,1
26/03/2022 11:05,2
26/03/2022 11:04,2
26/03/2022 10:53,2
26/03/2022 10:52,2
26/03/2022 10:45,5
26/03/2022 10:44,5
26/03/2022 10:35,3
26/03/2022 10:17,4
26/03/2022 10:11,5
26/03/2022 09:53,5
26/03/2022 09:38,4
26/03/2022 09:25,1
26/03/2022 09:22,1
26/03/2022 09:21,1
26/03/2022 09:05,5
26/03/2022 08:49,3
26/03/2022 08:43,5
26/03/2022 08:39,4
26/03/2022 08:26,4
26/03/2022 08:25,4
26/03/2022 08:24,1
26/03/2022 08:23,3
26/03/2022 08:10,3
26/03/2022 08:02,1
26/03/2022 08:00,1
26/03/2022 07:53,4
26/03/2022 07:49,3
26/03/2022 07:48,1
26/03/2022 07:33,5
26/03/2022 07:25,5
26/03/2022 07:24,4
26/03/2022 07:10,4
26/03/2022 06:25,3
26/03/2022 06:19,1
26/03/2022 06:13,1
26/03/2022 06:09,5
26/03/2022 06:04,2
26/03/2022 06:04,2
26/03/2022 06:04,2
26/03/2022 06:01,3
26/03/2022 05:59,5
26/03/2022 05:53,3
26/03/2022 05:48,1
26/03/2022 05:44,5
26/03/2022 05:43,1
26/03/2022 05:39,1
26/03/2022 05:38,5
26/03/2022 05:29,5
26/03/2022 05:28,4
26/03/2022 05:22,5
26/03/2022 04:53,5
26/03/2022 04:52,5
26/03/2022 04:17,1
26/03/2022 04:15,5
26/03/2022 04:13,5
26/03/2022 04:05,2
26/03/2022 03:58,5
26/03/2022 03:56,1
26/03/2022 03:46,1
26/03/2022 03:46,4
26/03/2022 03:30,3
26/03/2022 03:28,5
26/03/2022 03:24,4
26/03/2022 03:21,5
26/03/2022 03:05,3
26/03/2022 03:00,1
26/03/2022 02:56,4
26/03/2022 02:45,1
26/03/2022 02:38,5
26/03/2022 02:37,5
26/03/2022 02:35,2
26/03/2022 02:27,3
26/03/2022 02:21,5
26/03/2022 02:17,1
26/03/2022 02:14,1
26/03/2022 02:13,5
26/03/2022 02:02,5
26/03/2022 01:54,1
26/03/2022 01:50,5
26/03/2022 01:49,5
26/03/2022 01:39,4
26/03/2022 01:37,1
26/03/2022 01:35,1
26/03/2022 01:18,1
26/03/2022 01:04,1
26/03/2022 00:52,1
26/03/2022 00:50,5
26/03/2022 00:48,4
26/03/2022 00:34,5
26/03/2022 00:30,5
26/03/2022 00:28,1
26/03/2022 00:09,5
26/03/2022 00:08,1
26/03/2022 00:00,1
25/03/2022 23:44,4
25/03/2022 23:30,5
25/03/2022 23:30,5
25/03/2022 23:29,5
25/03/2022 23:28,1
25/03/2022 23:20,4
25/03/2022 23:09,5
25/03/2022 23:06,5
25/03/2022 22:52,1
25/03/2022 22:21,1
25/03/2022 22:17,1
25/03/2022 22:17,1
25/03/2022 22:09,2
25/03/2022 22:08,5
25/03/2022 21:50,5
25/03/2022 21:49,5
25/03/2022 21:48,1
25/03/2022 21:48,3
25/03/2022 21:47,4
25/03/2022 21:41,5
25/03/2022 21:35,4
25/03/2022 21:30,1
25/03/2022 21:24,1
25/03/2022 21:22,4
25/03/2022 21:14,1
25/03/2022 21:09,5
25/03/2022 21:03,1
25/03/2022 20:55,3
25/03/2022 20:51,4
25/03/2022 20:50,5
25/03/2022 20:47,1
25/03/2022 20:44,4
25/03/2022 20:35,5
25/03/2022 20:18,3
25/03/2022 20:07,4
25/03/2022 20:04,1
25/03/2022 20:00,1
25/03/2022 19:58,5
25/03/2022 19:21,1
25/03/2022 19:14,5
25/03/2022 19:10,1
25/03/2022 19:06,1
25/03/2022 19:05,2
25/03/2022 19:03,1
25/03/2022 19:03,2
25/03/2022 19:00,1
25/03/2022 18:57,3
25/03/2022 18:55,4
25/03/2022 18:52,4
25/03/2022 18:48,1
25/03/2022 18:46,3
25/03/2022 18:39,4
25/03/2022 18:33,5
25/03/2022 18:33,5
25/03/2022 18:32,5
25/03/2022 18:27,1
25/03/2022 18:20,1
25/03/2022 18:05,5
25/03/2022 17:42,5
25/03/2022 17:41,5
25/03/2022 17:37,5
25/03/2022 17:36,5
25/03/2022 17:35,3
25/03/2022 17:30,5
25/03/2022 17:26,1
25/03/2022 17:24,4
25/03/2022 17:18,5
25/03/2022 17:13,2
25/03/2022 17:10,1
25/03/2022 17:07,5
25/03/2022 17:03,4
25/03/2022 17:02,5
25/03/2022 16:53,5
25/03/2022 16:51,3
25/03/2022 16:51,5
25/03/2022 16:41,4
25/03/2022 16:40,3
25/03/2022 16:39,4
25/03/2022 16:32,1
25/03/2022 16:28,5
25/03/2022 16:28,5
25/03/2022 16:28,5
25/03/2022 16:26,2
25/03/2022 16:23,3
25/03/2022 16:22,5
25/03/2022 16:15,4
25/03/2022 16:14,1
25/03/2022 16:06,1
25/03/2022 16:00,5
25/03/2022 15:58,2
25/03/2022 15:57,5
25/03/2022 15:52,4
25/03/2022 15:50,1
25/03/2022 15:44,5
25/03/2022 15:36,5
25/03/2022 15:33,2
25/03/2022 15:31,5
25/03/2022 15:20,5
25/03/2022 15:16,5
25/03/2022 15:06,1
25/03/2022 15:04,1
25/03/2022 15:00,2
25/03/2022 14:57,3
25/03/2022 14:39,5
25/03/2022 14:37,5
25/03/2022 14:36,2
25/03/2022 14:36,5
25/03/2022 14:33,4
25/03/2022 14:31,1
25/03/2022 14:29,3
25/03/2022 14:24,4
25/03/2022 14:20,5
25/03/2022 14:11,5
25/03/2022 14:11,1
25/03/2022 13:56,5
25/03/2022 13:49,1
25/03/2022 13:46,3
25/03/2022 13:43,5
25/03/2022 13:29,1
25/03/2022 13:27,5
25/03/2022 13:22,1
25/03/2022 13:15,5
25/03/2022 13:13,1
25/03/2022 13:07,5
25/03/2022 12:55,5
25/03/2022 12:52,5
25/03/2022 12:48,4
25/03/2022 12:40,1
25/03/2022 12:35,3
25/03/2022 12:33,2
25/03/2022 12:30,5
25/03/2022 12:28,5
25/03/2022 12:16,2
25/03/2022 12:14,2
25/03/2022 12:02,2
25/03/2022 11:57,5
25/03/2022 11:49,1
25/03/2022 11:48,4
25/03/2022 11:46,1
25/03/2022 11:43,4
25/03/2022 11:42,4
25/03/2022 11:38,4
25/03/2022 11:26,4
25/03/2022 11:26,2
25/03/2022 11:16,5
25/03/2022 11:11,1
25/03/2022 11:03,2
25/03/2022 11:03,1
25/03/2022 10:59,5
25/03/2022 10:51,2
25/03/2022 10:49,5
25/03/2022 10:44,3
25/03/2022 10:42,3
25/03/2022 10:40,3
25/03/2022 10:32,3
25/03/2022 10:25,2
25/03/2022 10:23,1
25/03/2022 10:19,5
25/03/2022 10:15,2
25/03/2022 10:12,5
25/03/2022 09:49,5
25/03/2022 09:47,2
25/03/2022 09:47,3
25/03/2022 09:45,5
25/03/2022 09:42,5
25/03/2022 09:26,5
25/03/2022 09:22,4
25/03/2022 09:14,3
25/03/2022 09:08,1
25/03/2022 08:58,4
25/03/2022 08:57,4
25/03/2022 08:51,1
25/03/2022 08:48,5
25/03/2022 08:45,5
25/03/2022 08:37,5
25/03/2022 08:34,4
25/03/2022 08:28,4
25/03/2022 08:22,1
25/03/2022 08:17,5
25/03/2022 08:15,3
25/03/2022 08:00,1
25/03/2022 07:53,5
25/03/2022 07:50,5
25/03/2022 07:34,3
25/03/2022 07:33,5
25/03/2022 07:33,3
25/03/2022 07:30,1
25/03/2022 07:26,5
25/03/2022 07:21,5
25/03/2022 07:19,5
25/03/2022 07:17,4
25/03/2022 07:06,5
25/03/2022 07:03,3
25/03/2022 06:53,1
25/03/2022 06:35,2
25/03/2022 06:32,5
25/03/2022 06:27,4
25/03/2022 06:09,2
25/03/2022 05:39,5
25/03/2022 05:27,5
25/03/2022 05:22,3
25/03/2022 05:22,1
25/03/2022 05:17,5
25/03/2022 04:56,3
25/03/2022 04:48,2
25/03/2022 04:35,1
25/03/2022 04:19,5
25/03/2022 04:17,2
25/03/2022 04:12,1
25/03/2022 04:10,5
25/03/2022 04:09,5
25/03/2022 03:48,5
25/03/2022 03:36,5
25/03/2022 03:30,5
25/03/2022 03:26,4
25/03/2022 03:11,5
25/03/2022 03:09,5
25/03/2022 02:58,5
25/03/2022 02:45,5
25/03/2022 02:28,4
25/03/2022 02:27,5
25/03/2022 02:19,4
25/03/2022 02:06,1
25/03/2022 02:06,5
25/03/2022 02:05,5
25/03/2022 02:01,3
25/03/2022 01:54,1
25/03/2022 01:53,5
25/03/2022 01:53,5
25/03/2022 01:45,1
25/03/2022 01:39,5
25/03/2022 01:37,1
25/03/2022 01:28,5
25/03/2022 01:19,1
25/03/2022 01:14,5
25/03/2022 01:07,1
25/03/2022 01:03,3
25/03/2022 01:00,4
25/03/2022 01:00,2
25/03/2022 00:43,1
25/03/2022 00:41,3
25/03/2022 00:38,5
25/03/2022 00:32,1
25/03/2022 00:25,1
25/03/2022 00:17,5
25/03/2022 00:17,1
25/03/2022 00:15,5
25/03/2022 00:09,1
25/03/2022 00:02,1
24/03/2022 23:50,5
24/03/2022 23:48,5
24/03/2022 23:41,5
24/03/2022 23:33,2
24/03/2022 23:21,2
24/03/2022 23:20,4
24/03/2022 23:13,3
24/03/2022 23:05,5
24/03/2022 22:59,5
24/03/2022 22:53,5
24/03/2022 22:48,5
24/03/2022 22:40,2
24/03/2022 22:39,1
24/03/2022 22:36,5
24/03/2022 22:29,1
24/03/2022 22:26,1
24/03/2022 22:25,5
24/03/2022 22:18,1
24/03/2022 22:09,2
24/03/2022 22:05,5
24/03/2022 21:55,2
24/03/2022 21:50,5
24/03/2022 21:44,5
24/03/2022 21:39,4
24/03/2022 21:39,3
24/03/2022 21:38,3
24/03/2022 21:28,1
24/03/2022 21:14,4
24/03/2022 21:10,5
24/03/2022 21:06,5
24/03/2022 21:03,3
24/03/2022 20:56,2
24/03/2022 20:55,1
24/03/2022 20:51,5
24/03/2022 20:45,4
24/03/2022 20:39,1
24/03/2022 20:30,5
24/03/2022 20:27,1
24/03/2022 20:25,1
24/03/2022 20:22,1
24/03/2022 20:20,1
24/03/2022 20:10,3
24/03/2022 20:06,5
24/03/2022 20:00,5
24/03/2022 19:59,3
24/03/2022 19:55,1
24/03/2022 19:46,5
24/03/2022 19:42,5
24/03/2022 19:36,4
24/03/2022 19:34,3
24/03/2022 19:29,5
24/03/2022 19:29,3
24/03/2022 19:14,5
24/03/2022 19:10,5
24/03/2022 19:03,2
24/03/2022 19:01,3
24/03/2022 18:57,5
24/03/2022 18:55,2
24/03/2022 18:54,5
24/03/2022 18:50,4
24/03/2022 18:50,4
24/03/2022 18:47,5
24/03/2022 18:45,1
24/03/2022 18:42,5
24/03/2022 18:37,3
24/03/2022 18:35,1
24/03/2022 18:34,5
24/03/2022 18:24,2
24/03/2022 18:24,3
24/03/2022 18:19,5
24/03/2022 18:07,2
24/03/2022 18:03,5
24/03/2022 17:53,1
24/03/2022 17:52,1
24/03/2022 17:40,3
24/03/2022 17:35,1
24/03/2022 17:32,3
24/03/2022 17:29,5
24/03/2022 17:25,1
24/03/2022 17:22,1
24/03/2022 17:22,5
24/03/2022 17:18,5
24/03/2022 17:17,1
24/03/2022 17:17,4
24/03/2022 17:16,5
24/03/2022 17:15,4
24/03/2022 17:12,1
24/03/2022 17:12,1
24/03/2022 17:08,3
24/03/2022 16:55,3
24/03/2022 16:53,1
24/03/2022 16:52,5
24/03/2022 16:52,5
24/03/2022 16:48,5
24/03/2022 16:46,5
24/03/2022 16:39,5
24/03/2022 16:38,5
24/03/2022 16:06,2
24/03/2022 16:02,4
24/03/2022 16:02,2
24/03/2022 15:57,5
24/03/2022 15:56,2
24/03/2022 15:55,1
24/03/2022 15:49,1
24/03/2022 15:42,1
24/03/2022 15:33,1
24/03/2022 15:24,5
24/03/2022 15:19,5
24/03/2022 15:15,5
24/03/2022 15:14,1
24/03/2022 15:11,1
24/03/2022 15:11,4
24/03/2022 15:02,5
24/03/2022 14:52,5
24/03/2022 14:49,5
24/03/2022 14:49,1
24/03/2022 14:45,4
24/03/2022 14:34,5
24/03/2022 14:29,4
24/03/2022 14:28,5
24/03/2022 14:25,1
24/03/2022 14:18,5
24/03/2022 14:15,4
24/03/2022 14:10,3
24/03/2022 13:58,5
24/03/2022 13:55,1
24/03/2022 13:51,5
24/03/2022 13:28,1
24/03/2022 13:21,5
24/03/2022 13:21,5
24/03/2022 13:07,2
24/03/2022 12:59,1
24/03/2022 12:54,1
24/03/2022 12:44,5
24/03/2022 12:41,5
24/03/2022 12:37,1
24/03/2022 12:25,3
24/03/2022 12:25,5
24/03/2022 12:15,4
24/03/2022 11:57,3
24/03/2022 11:54,2
24/03/2022 11:48,4
24/03/2022 11:43,4
24/03/2022 11:35,5
24/03/2022 11:31,4
24/03/2022 11:16,5
24/03/2022 11:16,1
24/03/2022 11:08,1
24/03/2022 11:04,5
24/03/2022 11:00,2
24/03/2022 10:50,1
24/03/2022 10:50,1
24/03/2022 10:43,5
24/03/2022 10:37,2
24/03/2022 10:27,4
24/03/2022 10:07,3
24/03/2022 10:06,1
24/03/2022 10:00,2
24/03/2022 09:54,5
24/03/2022 09:42,2
24/03/2022 09:37,5
24/03/2022 09:30,5
24/03/2022 09:15,1
24/03/2022 09:10,1
24/03/2022 08:57,1
24/03/2022 08:56,2
24/03/2022 08:43,1
24/03/2022 08:29,2
24/03/2022 08:29,1
24/03/2022 08:27,4
24/03/2022 08:25,1
24/03/2022 08:21,2
24/03/2022 08:09,4
24/03/2022 08:07,1
24/03/2022 08:03,5
24/03/2022 07:59,3
24/03/2022 07:56,3
24/03/2022 07:53,4
24/03/2022 07:49,5
24/03/2022 07:28,1
24/03/2022 07:22,3
24/03/2022 07:12,4
24/03/2022 06:48,2
24/03/2022 06:43,5
24/03/2022 06:39,5
24/03/2022 06:37,2
24/03/2022 06:37,1
24/03/2022 06:16,3
24/03/2022 06:16,3
24/03/2022 06:04,4
24/03/2022 05:49,1
24/03/2022 05:43,5
24/03/2022 05:23,5
24/03/2022 05:20,5
24/03/2022 05:01,5
24/03/2022 04:53,1
24/03/2022 04:53,5
24/03/2022 04:47,1
24/03/2022 04:45,5
24/03/2022 04:36,5
24/03/2022 04:30,1
24/03/2022 04:22,5
24/03/2022 04:19,4
24/03/2022 04:17,2
24/03/2022 04:11,3
24/03/2022 04:08,3
24/03/2022 04:03,5
24/03/2022 03:54,4
24/03/2022 03:49,3
24/03/2022 03:38,2
24/03/2022 03:38,2
24/03/2022 03:37,3
24/03/2022 03:35,2
24/03/2022 03:28,5
24/03/2022 03:23,5
24/03/2022 03:12,5
24/03/2022 03:08,2
24/03/2022 02:51,5
24/03/2022 02:47,1
24/03/2022 02:47,1
24/03/2022 02:44,5
24/03/2022 02:38,3
24/03/2022 02:17,1
24/03/2022 02:11,2
24/03/2022 02:05,2
24/03/2022 02:02,5
24/03/2022 01:53,3
24/03/2022 01:52,1
24/03/2022 01:49,2
24/03/2022 01:40,5
24/03/2022 01:28,4
24/03/2022 01:26,4
24/03/2022 01:23,4
24/03/2022 01:19,2
24/03/2022 01:18,2
24/03/2022 01:18,3
24/03/2022 01:04,5
24/03/2022 00:54,5
24/03/2022 00:54,4
24/03/2022 00:53,5
24/03/2022 00:50,5
24/03/2022 00:48,5
24/03/2022 00:22,4
24/03/2022 00:19,5
24/03/2022 00:17,2
24/03/2022 00:16,1
24/03/2022 00:11,2
24/03/2022 00:04,3
23/03/2022 23:56,5
23/03/2022 23:56,4
23/03/2022 23:51,2
23/03/2022 23:39,3
23/03/2022 23:39,3
23/03/2022 23:35,5
23/03/2022 23:33,2
23/03/2022 23:26,1
23/03/2022 23:26,5
23/03/2022 23:21,3
23/03/2022 23:03,4
23/03/2022 22:51,3
23/03/2022 22:50,5
23/03/2022 22:40,1
23/03/2022 22:23,5
23/03/2022 22:14,4
23/03/2022 22:05,5
23/03/2022 22:00,4
23/03/2022 21:55,5
23/03/2022 21:35,4
23/03/2022 21:29,2
23/03/2022 21:24,3
23/03/2022 21:14,3
23/03/2022 21:07,2
23/03/2022 21:03,5
23/03/2022 21:01,2
23/03/2022 20:52,5
23/03/2022 20:50,3
23/03/2022 20:41,3
23/03/2022 20:41,5
23/03/2022 20:36,1
23/03/2022 20:17,1
23/03/2022 20:16,1
23/03/2022 20:15,5
23/03/2022 20:14,4
23/03/2022 20:06,5
23/03/2022 20:01,1
23/03/2022 19:54,3
23/03/2022 19:54,4
23/03/2022 19:43,1
23/03/2022 19:34,5
23/03/2022 19:30,1
23/03/2022 19:26,5
23/03/2022 19:24,4
23/03/2022 19:24,5
23/03/2022 19:23,2
23/03/2022 19:21,5
23/03/2022 19:19,5
23/03/2022 19:18,3
23/03/2022 19:15,4
23/03/2022 19:13,5
23/03/2022 19:09,3
23/03/2022 19:02,2
23/03/2022 18:39,5
23/03/2022 18:34,4
23/03/2022 18:27,5
23/03/2022 18:27,5
23/03/2022 18:24,4
23/03/2022 18:14,5
23/03/2022 18:10,5
23/03/2022 18:10,1
23/03/2022 18:04,1
23/03/2022 18:03,5
23/03/2022 17:59,5
23/03/2022 17:59,4
23/03/2022 17:57,2
23/03/2022 17:43,3
23/03/2022 17:34,2
23/03/2022 17:32,5
23/03/2022 17:32,1
23/03/2022 17:31,5
23/03/2022 17:29,5
23/03/2022 17:25,2
23/03/2022 17:20,1
23/03/2022 17:20,5
23/03/2022 17:19,1
23/03/2022 17:15,4
23/03/2022 17:14,2
23/03/2022 17:12,3
23/03/2022 17:08,5
23/03/2022 17:03,1
23/03/2022 16:53,4
23/03/2022 16:52,2
23/03/2022 16:49,1
23/03/2022 16:42,5
23/03/2022 16:39,1
23/03/2022 16:34,1
23/03/2022 16:28,5
23/03/2022 16:27,5
23/03/2022 16:23,2
23/03/2022 16:13,1
23/03/2022 16:13,5
23/03/2022 16:13,5
23/03/2022 16:04,5
23/03/2022 16:02,5
23/03/2022 16:00,5
23/03/2022 15:59,5
23/03/2022 15:58,5
23/03/2022 15:54,1
23/03/2022 15:51,5
23/03/2022 15:47,1
23/03/2022 15:45,5
23/03/2022 15:41,5
23/03/2022 15:40,5
23/03/2022 15:38,5
23/03/2022 15:34,5
23/03/2022 15:34,1
23/03/2022 15:33,5
23/03/2022 15:31,4
23/03/2022 15:21,5
23/03/2022 15:21,2
23/03/2022 15:11,1
23/03/2022 15:10,3
23/03/2022 15:10,5
23/03/2022 15:03,3
23/03/2022 14:59,1
23/03/2022 14:56,5
23/03/2022 14:55,5
23/03/2022 14:54,1
23/03/2022 14:38,1
23/03/2022 14:37,1
23/03/2022 14:31,4
23/03/2022 14:27,5
23/03/2022 14:27,5
23/03/2022 14:24,3
23/03/2022 14:23,4
23/03/2022 14:15,3
23/03/2022 14:14,4
23/03/2022 14:02,2
23/03/2022 13:55,4
23/03/2022 13:52,1
23/03/2022 13:51,3
23/03/2022 13:50,3
23/03/2022 13:49,4
23/03/2022 13:48,3
23/03/2022 13:48,5
23/03/2022 13:34,5
23/03/2022 13:23,1
23/03/2022 13:20,5
23/03/2022 13:12,5
23/03/2022 13:08,4
23/03/2022 13:04,1
23/03/2022 12:59,4
23/03/2022 12:58,5
23/03/2022 12:57,4
23/03/2022 12:54,5
23/03/2022 12:49,5
23/03/2022 12:49,5
23/03/2022 12:26,3
23/03/2022 12:22,5
23/03/2022 12:22,2
23/03/2022 12:17,1
23/03/2022 12:15,5
23/03/2022 12:11,4
23/03/2022 12:09,4
23/03/2022 12:06,3
23/03/2022 11:59,5
23/03/2022 11:59,5
23/03/2022 11:58,5
23/03/2022 11:53,5
23/03/2022 11:48,4
23/03/2022 11:44,4
23/03/2022 11:41,4
23/03/2022 11:39,4
23/03/2022 11:37,5
23/03/2022 11:31,5
23/03/2022 11:30,3
23/03/2022 11:28,4
23/03/2022 11:27,5
23/03/2022 11:26,5
23/03/2022 11:12,5
23/03/2022 11:10,5
23/03/2022 11:09,5
23/03/2022 11:08,5
23/03/2022 11:07,1
23/03/2022 11:04,1
23/03/2022 11:04,5
23/03/2022 10:56,1
23/03/2022 10:55,4
23/03/2022 10:54,5
23/03/2022 10:47,5
23/03/2022 10:46,2
23/03/2022 10:45,3
23/03/2022 10:40,5
23/03/2022 10:39,5
23/03/2022 10:39,4
23/03/2022 10:35,1
23/03/2022 10:32,3
23/03/2022 10:30,5
23/03/2022 10:24,1
23/03/2022 10:21,4
23/03/2022 10:07,1
23/03/2022 10:00,4
23/03/2022 09:59,1
23/03/2022 09:53,3
23/03/2022 09:51,5
23/03/2022 09:35,5
23/03/2022 09:34,4
23/03/2022 09:22,5
23/03/2022 09:16,3
23/03/2022 09:04,1
23/03/2022 09:02,4
23/03/2022 08:56,3
23/03/2022 08:46,2
23/03/2022 08:33,5
23/03/2022 08:33,4
23/03/2022 08:28,4
23/03/2022 08:19,5
23/03/2022 08:15,4
23/03/2022 08:15,2
23/03/2022 08:14,5
23/03/2022 08:14,5
23/03/2022 08:13,1
23/03/2022 08:09,4
23/03/2022 07:52,3
23/03/2022 07:46,4
23/03/2022 07:44,4
23/03/2022 07:41,1
23/03/2022 07:31,3
23/03/2022 07:30,4
23/03/2022 07:23,1
23/03/2022 07:16,3
23/03/2022 07:09,4
23/03/2022 07:07,1
23/03/2022 06:57,4
23/03/2022 06:52,5
23/03/2022 06:49,5
23/03/2022 06:45,5
23/03/2022 06:41,5
23/03/2022 06:39,3
23/03/2022 06:38,5
23/03/2022 06:37,5
23/03/2022 06:37,5
23/03/2022 06:34,4
23/03/2022 06:31,4
23/03/2022 06:28,5
23/03/2022 06:26,1
23/03/2022 06:20,5
23/03/2022 06:18,5
23/03/2022 06:15,5
23/03/2022 06:09,3
23/03/2022 06:02,5
23/03/2022 05:59,5
23/03/2022 05:55,1
23/03/2022 05:52,5
23/03/2022 05:46,5
23/03/2022 05:43,5
23/03/2022 05:42,5
23/03/2022 05:41,4
23/03/2022 05:32,1
23/03/2022 05:32,1
23/03/2022 04:59,5
23/03/2022 04:50,4
23/03/2022 04:44,4
23/03/2022 04:43,5
23/03/2022 04:31,4
23/03/2022 04:31,5
23/03/2022 04:23,4
23/03/2022 04:09,3
23/03/2022 04:08,4
23/03/2022 04:08,5
23/03/2022 04:04,2
23/03/2022 04:04,5
23/03/2022 04:04,4
23/03/2022 04:00,1
23/03/2022 03:51,4
23/03/2022 03:49,5
23/03/2022 03:33,5
23/03/2022 03:26,1
23/03/2022 03:24,5
23/03/2022 03:23,5
23/03/2022 03:23,4
23/03/2022 03:19,1
23/03/2022 03:12,5
23/03/2022 03:11,1
23/03/2022 03:10,2
23/03/2022 02:57,4
23/03/2022 02:54,5
23/03/2022 02:53,2
23/03/2022 02:53,5
23/03/2022 02:52,4
23/03/2022 02:50,5
23/03/2022 02:50,4
23/03/2022 02:47,1
23/03/2022 02:44,5
23/03/2022 02:38,1
23/03/2022 02:28,5
23/03/2022 02:25,5
23/03/2022 02:24,2
23/03/2022 02:16,4
23/03/2022 02:07,4
23/03/2022 02:03,5
23/03/2022 02:02,5
23/03/2022 02:02,5
23/03/2022 01:57,1
23/03/2022 01:55,5
23/03/2022 01:53,5
23/03/2022 01:50,4
23/03/2022 01:43,5
23/03/2022 01:39,5
23/03/2022 01:38,3
23/03/2022 01:36,5
23/03/2022 01:34,1
23/03/2022 01:29,5
23/03/2022 01:28,5
23/03/2022 01:22,4
23/03/2022 01:17,5
23/03/2022 01:17,5
23/03/2022 01:12,5
23/03/2022 01:10,5
23/03/2022 01:06,5
23/03/2022 01:03,5
23/03/2022 01:00,5
23/03/2022 00:59,4
23/03/2022 00:54,4
23/03/2022 00:40,1
23/03/2022 00:27,1
23/03/2022 00:16,5
23/03/2022 00:11,2
23/03/2022 00:10,5
23/03/2022 00:01,1
22/03/2022 23:55,4
22/03/2022 23:55,1
22/03/2022 23:54,5
22/03/2022 23:51,5
22/03/2022 23:47,4
22/03/2022 23:45,5
22/03/2022 23:38,3
22/03/2022 23:37,5
22/03/2022 23:36,5
22/03/2022 23:36,4
22/03/2022 23:33,4
22/03/2022 23:30,1
22/03/2022 23:27,1
22/03/2022 23:25,1
22/03/2022 23:20,3
22/03/2022 23:19,4
22/03/2022 23:16,5
22/03/2022 23:15,1
22/03/2022 23:14,5
22/03/2022 23:08,5
22/03/2022 23:06,5
22/03/2022 23:04,1
22/03/2022 23:01,5
22/03/2022 22:56,5
22/03/2022 22:56,5
22/03/2022 22:55,2
22/03/2022 22:51,1
22/03/2022 22:36,5
22/03/2022 22:36,3
22/03/2022 22:33,5
22/03/2022 22:30,5
22/03/2022 22:24,5
22/03/2022 22:20,5
22/03/2022 22:15,4
22/03/2022 22:14,5
22/03/2022 22:13,1
22/03/2022 22:11,1
22/03/2022 22:10,4
22/03/2022 22:09,5
22/03/2022 22:03,5
22/03/2022 21:58,1
22/03/2022 21:58,5
22/03/2022 21:58,5
22/03/2022 21:57,3
22/03/2022 21:56,3
22/03/2022 21:49,5
22/03/2022 21:49,5
22/03/2022 21:47,4
22/03/2022 21:40,5
22/03/2022 21:38,1
22/03/2022 21:36,5
22/03/2022 21:31,5
22/03/2022 21:27,5
22/03/2022 21:27,4
22/03/2022 21:27,5
22/03/2022 21:26,5
22/03/2022 21:23,5
22/03/2022 21:18,4
22/03/2022 21:17,5
22/03/2022 21:12,5
22/03/2022 21:10,5
22/03/2022 21:09,2
22/03/2022 21:09,5
22/03/2022 21:08,5
22/03/2022 21:06,5
22/03/2022 21:04,2
22/03/2022 20:58,5
22/03/2022 20:55,5
22/03/2022 20:54,3
22/03/2022 20:51,1
22/03/2022 20:50,4
22/03/2022 20:49,1
22/03/2022 20:47,5
22/03/2022 20:46,5
22/03/2022 20:46,5
22/03/2022 20:44,1
22/03/2022 20:43,4
22/03/2022 20:39,3
22/03/2022 20:39,4
22/03/2022 20:37,5
22/03/2022 20:31,1
22/03/2022 20:30,1
22/03/2022 20:28,5
22/03/2022 20:22,5
22/03/2022 20:19,5
22/03/2022 20:10,5
22/03/2022 20:10,5
22/03/2022 20:06,5
22/03/2022 20:06,5
22/03/2022 20:05,5
22/03/2022 20:02,4
22/03/2022 19:58,5
22/03/2022 19:57,1
22/03/2022 19:56,5
22/03/2022 19:55,5
22/03/2022 19:51,5
22/03/2022 19:47,5
22/03/2022 19:45,4
22/03/2022 19:42,5
22/03/2022 19:42,4
22/03/2022 19:42,4
22/03/2022 19:40,5
22/03/2022 19:39,3
22/03/2022 19:38,5
22/03/2022 19:37,5
22/03/2022 19:36,5
22/03/2022 19:34,2
22/03/2022 19:30,4
22/03/2022 19:25,4
22/03/2022 19:23,1
22/03/2022 19:22,5
22/03/2022 19:19,5
22/03/2022 19:17,3
22/03/2022 19:14,5
22/03/2022 19:14,1
22/03/2022 19:12,5
22/03/2022 19:09,4
22/03/2022 19:09,5
22/03/2022 19:08,4
22/03/2022 19:07,2
22/03/2022 19:02,3
22/03/2022 19:02,3
22/03/2022 18:52,4
22/03/2022 18:52,4
22/03/2022 18:46,3
22/03/2022 18:43,1
22/03/2022 18:33,3
22/03/2022 18:32,1
22/03/2022 18:27,1
22/03/2022 17:58,1
22/03/2022 17:55,1
22/03/2022 17:53,2
22/03/2022 17:50,5
22/03/2022 17:42,1
22/03/2022 17:38,4
22/03/2022 17:38,1
22/03/2022 17:36,1
22/03/2022 17:27,1
22/03/2022 17:18,1
22/03/2022 17:17,5
22/03/2022 17:14,5
22/03/2022 17:02,5
22/03/2022 17:00,2
22/03/2022 16:55,5
22/03/2022 16:53,5
22/03/2022 16:52,5
22/03/2022 16:48,5
22/03/2022 16:46,5
22/03/2022 16:42,1
22/03/2022 16:41,4
22/03/2022 16:38,1
22/03/2022 16:34,3
22/03/2022 16:32,5
22/03/2022 16:30,5
22/03/2022 16:27,5
22/03/2022 16:21,1
22/03/2022 16:19,4
22/03/2022 16:18,1
22/03/2022 16:18,5
22/03/2022 16:15,5
22/03/2022 16:01,1
22/03/2022 15:54,1
22/03/2022 15:48,1
22/03/2022 15:46,1
22/03/2022 15:35,5
22/03/2022 15:32,5
22/03/2022 15:30,5
22/03/2022 15:20,5
22/03/2022 15:08,1
22/03/2022 15:07,1
22/03/2022 15:05,4
22/03/2022 15:02,5
22/03/2022 14:39,3
22/03/2022 14:36,5
22/03/2022 14:33,5
22/03/2022 14:30,5
22/03/2022 14:27,5
22/03/2022 14:21,1
22/03/2022 14:16,2
22/03/2022 14:14,1
22/03/2022 14:13,1
22/03/2022 14:10,1
22/03/2022 14:01,4
22/03/2022 13:55,2
22/03/2022 13:48,5
22/03/2022 13:48,1
22/03/2022 13:47,2
22/03/2022 13:45,1
22/03/2022 13:37,3
22/03/2022 13:37,3
22/03/2022 13:28,5
22/03/2022 13:17,4
22/03/2022 13:16,1
22/03/2022 13:02,3
22/03/2022 12:57,5
22/03/2022 12:45,5
22/03/2022 12:42,5
22/03/2022 12:40,1
22/03/2022 12:39,3
22/03/2022 12:36,1
22/03/2022 12:31,5
22/03/2022 12:25,5
22/03/2022 12:11,5
22/03/2022 12:06,1
22/03/2022 11:53,1
22/03/2022 11:53,5
22/03/2022 11:53,5
22/03/2022 11:41,4
22/03/2022 11:39,2
22/03/2022 11:31,3
22/03/2022 11:29,5
22/03/2022 11:23,1
22/03/2022 11:16,2
22/03/2022 11:08,5
22/03/2022 10:58,5
22/03/2022 10:56,1
22/03/2022 10:52,1
22/03/2022 10:51,5
22/03/2022 10:51,3
22/03/2022 10:50,2
22/03/2022 10:25,1
22/03/2022 10:13,4
22/03/2022 10:10,1
22/03/2022 10:05,1
22/03/2022 09:29,4
22/03/2022 09:24,5
22/03/2022 09:12,3
22/03/2022 09:09,4
22/03/2022 09:00,3
22/03/2022 08:47,5
22/03/2022 08:46,5
22/03/2022 08:39,2
22/03/2022 08:34,5
22/03/2022 08:08,1
22/03/2022 08:05,4
22/03/2022 08:01,5
22/03/2022 07:57,1
22/03/2022 07:53,1
22/03/2022 07:49,5
22/03/2022 07:46,5
22/03/2022 07:42,3
22/03/2022 07:41,3
22/03/2022 07:38,3
22/03/2022 07:14,5
22/03/2022 07:14,4
22/03/2022 07:04,1
22/03/2022 06:57,2
22/03/2022 06:51,2
22/03/2022 06:20,5
22/03/2022 06:19,1
22/03/2022 06:17,5
22/03/2022 06:15,5
22/03/2022 05:59,1
22/03/2022 05:51,5
22/03/2022 05:48,4
22/03/2022 05:18,5
22/03/2022 05:05,3
22/03/2022 05:05,1
22/03/2022 04:56,3
22/03/2022 04:56,5
22/03/2022 04:44,4
22/03/2022 04:42,4
22/03/2022 04:41,5
22/03/2022 04:25,5
22/03/2022 04:24,4
22/03/2022 04:23,5
22/03/2022 04:18,5
22/03/2022 04:13,5
22/03/2022 04:11,5
22/03/2022 04:10,2
22/03/2022 04:04,5
22/03/2022 04:03,5
22/03/2022 03:53,5
22/03/2022 03:37,1
22/03/2022 03:29,4
22/03/2022 03:24,3
22/03/2022 03:11,3
22/03/2022 03:09,1
22/03/2022 02:37,1
22/03/2022 02:36,1
22/03/2022 02:35,5
22/03/2022 02:33,2
22/03/2022 02:31,4
22/03/2022 02:15,4
22/03/2022 02:13,5
22/03/2022 02:11,3
22/03/2022 02:06,3
22/03/2022 01:50,5
22/03/2022 01:26,1
22/03/2022 01:25,5
22/03/2022 01:24,3
22/03/2022 01:05,5
22/03/2022 01:03,1
22/03/2022 01:02,1
22/03/2022 01:02,5
22/03/2022 00:55,4
22/03/2022 00:54,3
22/03/2022 00:52,1
22/03/2022 00:50,1
22/03/2022 00:50,2
22/03/2022 00:38,5
22/03/2022 00:36,2
22/03/2022 00:18,1
22/03/2022 00:17,1
21/03/2022 23:52,3
21/03/2022 23:46,1
21/03/2022 23:44,1
21/03/2022 23:42,5
21/03/2022 23:36,1
21/03/2022 23:36,1
21/03/2022 23:28,1
21/03/2022 23:25,1
21/03/2022 23:25,5
21/03/2022 23:16,1
21/03/2022 23:13,3
21/03/2022 23:12,5
21/03/2022 23:04,4
21/03/2022 23:00,5
21/03/2022 22:56,5
21/03/2022 22:50,1
21/03/2022 22:49,4
21/03/2022 22:39,3
21/03/2022 22:33,5
21/03/2022 22:29,5
21/03/2022 22:22,2
21/03/2022 22:19,2
21/03/2022 22:17,4
21/03/2022 22:14,1
21/03/2022 22:12,2
21/03/2022 21:48,5
21/03/2022 21:23,1
21/03/2022 21:14,3
21/03/2022 21:12,4
21/03/2022 21:09,4
21/03/2022 21:02,5
21/03/2022 20:51,1
21/03/2022 20:47,5
21/03/2022 20:42,3
21/03/2022 20:28,1
21/03/2022 20:22,5
21/03/2022 20:16,1
21/03/2022 19:56,5
21/03/2022 19:55,3
21/03/2022 19:55,2
21/03/2022 19:42,5
21/03/2022 19:37,5
21/03/2022 19:33,5
21/03/2022 19:28,5
21/03/2022 19:16,4
21/03/2022 19:14,4
21/03/2022 18:52,5
21/03/2022 18:50,5
21/03/2022 18:48,5
21/03/2022 18:42,5
21/03/2022 18:40,4
21/03/2022 18:29,5
21/03/2022 18:26,4
21/03/2022 18:25,5
21/03/2022 18:24,1
21/03/2022 18:12,1
21/03/2022 18:09,4
21/03/2022 18:05,5
21/03/2022 17:58,3
21/03/2022 17:51,1
21/03/2022 17:39,5
21/03/2022 17:25,5
21/03/2022 17:23,5
21/03/2022 17:23,5
21/03/2022 17:17,4
21/03/2022 17:08,1
21/03/2022 16:55,2
21/03/2022 16:51,5
21/03/2022 16:47,5
21/03/2022 16:45,1
21/03/2022 16:42,5
21/03/2022 16:38,1
21/03/2022 16:37,2
21/03/2022 16:33,5
21/03/2022 16:25,5
21/03/2022 16:23,4
21/03/2022 16:22,3
21/03/2022 16:17,5
21/03/2022 16:16,4
21/03/2022 16:09,5
21/03/2022 16:08,1
21/03/2022 16:07,1
21/03/2022 15:58,1
21/03/2022 15:53,5
21/03/2022 15:52,5
21/03/2022 15:52,1
21/03/2022 15:47,5
21/03/2022 15:41,2
21/03/2022 15:37,1
21/03/2022 15:27,5
21/03/2022 15:26,2
21/03/2022 15:16,4
21/03/2022 15:15,3
21/03/2022 15:13,1
21/03/2022 15:08,1
21/03/2022 15:04,5
21/03/2022 14:57,5
21/03/2022 14:56,1
21/03/2022 14:42,1
21/03/2022 14:41,1
21/03/2022 14:35,3
21/03/2022 14:22,1
21/03/2022 14:20,5
21/03/2022 14:14,5
21/03/2022 14:12,5
21/03/2022 14:00,2
21/03/2022 13:56,1
21/03/2022 13:54,4
21/03/2022 13:44,1
21/03/2022 13:42,5
21/03/2022 13:42,5
21/03/2022 13:32,5
21/03/2022 13:18,1
21/03/2022 13:04,4
21/03/2022 13:00,2
21/03/2022 12:59,3
21/03/2022 12:51,2
21/03/2022 12:47,5
21/03/2022 12:31,5
21/03/2022 12:29,2
21/03/2022 12:29,1
21/03/2022 12:23,5
21/03/2022 12:19,3
21/03/2022 12:17,1
21/03/2022 12:12,2
21/03/2022 12:01,4
21/03/2022 12:01,5
21/03/2022 11:59,2
21/03/2022 11:38,3
21/03/2022 11:36,1
21/03/2022 11:16,4
21/03/2022 10:59,4
21/03/2022 10:41,1
21/03/2022 10:41,5
21/03/2022 10:40,5
21/03/2022 10:36,3
21/03/2022 09:57,2
21/03/2022 09:54,1
21/03/2022 09:33,2
21/03/2022 09:27,1
21/03/2022 09:10,2
21/03/2022 09:01,5
21/03/2022 08:59,1
21/03/2022 08:33,1
21/03/2022 08:09,2
21/03/2022 08:05,1
21/03/2022 07:52,4
21/03/2022 07:52,1
21/03/2022 07:44,1
21/03/2022 07:42,5
21/03/2022 07:34,2
21/03/2022 07:28,1
21/03/2022 07:02,1
21/03/2022 06:59,4
21/03/2022 06:54,5
21/03/2022 06:40,2
21/03/2022 06:40,5
21/03/2022 06:31,1
21/03/2022 06:28,1
21/03/2022 06:26,1
21/03/2022 06:19,5
21/03/2022 06:13,4
21/03/2022 06:11,5
21/03/2022 06:07,1
21/03/2022 06:04,5
21/03/2022 06:02,5
21/03/2022 05:50,5
21/03/2022 05:46,3
21/03/2022 05:42,1
21/03/2022 05:38,1
21/03/2022 05:37,5
21/03/2022 05:21,5
21/03/2022 05:03,4
21/03/2022 05:01,2
21/03/2022 04:41,5
21/03/2022 04:37,5
21/03/2022 04:35,3
21/03/2022 04:24,3
21/03/2022 04:03,1
21/03/2022 03:41,4
21/03/2022 03:38,2
21/03/2022 03:30,3
21/03/2022 03:29,5
21/03/2022 03:25,5
21/03/2022 03:13,5
21/03/2022 03:12,2
21/03/2022 03:12,1
21/03/2022 03:03,1
21/03/2022 02:46,5
21/03/2022 02:45,5
21/03/2022 02:44,4
21/03/2022 02:36,5
21/03/2022 02:33,4
21/03/2022 02:31,1
21/03/2022 02:26,1
21/03/2022 02:25,5
21/03/2022 02:25,2
21/03/2022 02:21,5
21/03/2022 02:03,5
21/03/2022 01:59,4
21/03/2022 01:51,2
21/03/2022 01:30,2
21/03/2022 01:29,1
21/03/2022 01:29,1
21/03/2022 01:24,5
21/03/2022 01:16,5
21/03/2022 01:15,5
21/03/2022 01:10,1
21/03/2022 01:04,1
21/03/2022 00:48,2
21/03/2022 00:44,3
21/03/2022 00:42,4
21/03/2022 00:32,4
21/03/2022 00:29,5
21/03/2022 00:08,5
20/03/2022 23:58,3
20/03/2022 23:42,1
20/03/2022 23:42,4
20/03/2022 23:36,1
20/03/2022 23:30,2
20/03/2022 23:21,5
20/03/2022 23:15,5
20/03/2022 23:04,5
20/03/2022 22:51,1
20/03/2022 22:45,5
20/03/2022 22:32,5
20/03/2022 22:25,4
20/03/2022 22:20,1
20/03/2022 21:41,5
20/03/2022 21:41,5
20/03/2022 21:18,1
20/03/2022 21:12,4
20/03/2022 21:05,3
20/03/2022 21:05,5
20/03/2022 21:03,2
20/03/2022 20:57,2
20/03/2022 20:54,1
20/03/2022 20:39,2
20/03/2022 20:39,4
20/03/2022 20:34,5
20/03/2022 20:30,5
20/03/2022 20:30,3
20/03/2022 20:30,5
20/03/2022 20:29,5
20/03/2022 20:26,4
20/03/2022 20:15,4
20/03/2022 20:11,5
20/03/2022 20:11,4
20/03/2022 20:07,3
20/03/2022 20:06,5
20/03/2022 20:05,5
20/03/2022 19:50,4
20/03/2022 19:48,4
20/03/2022 19:45,1
20/03/2022 19:34,2
20/03/2022 19:31,4
20/03/2022 19:28,1
20/03/2022 19:21,5
20/03/2022 19:16,5
20/03/2022 19:13,4
20/03/2022 19:12,2
20/03/2022 19:08,4
20/03/2022 18:57,5
20/03/2022 18:55,5
20/03/2022 18:48,5
20/03/2022 18:36,5
20/03/2022 18:18,4
20/03/2022 18:14,2
20/03/2022 18:06,2
20/03/2022 18:04,4
20/03/2022 17:55,5
20/03/2022 17:52,5
20/03/2022 17:42,5
20/03/2022 17:39,5
20/03/2022 17:30,2
20/03/2022 17:24,5
20/03/2022 17:13,4
20/03/2022 17:13,5
20/03/2022 17:12,5
20/03/2022 17:11,5
20/03/2022 17:08,1
20/03/2022 17:07,1
20/03/2022 17:02,1
20/03/2022 16:58,3
20/03/2022 16:47,4
20/03/2022 16:47,3
20/03/2022 16:46,1
20/03/2022 16:32,1
20/03/2022 16:25,1
20/03/2022 16:25,2
20/03/2022 16:22,5
20/03/2022 16:20,5
20/03/2022 16:12,4
20/03/2022 16:11,4
20/03/2022 16:00,5
20/03/2022 15:56,2
20/03/2022 15:54,1
20/03/2022 15:44,5
20/03/2022 15:37,1
20/03/2022 15:35,1
20/03/2022 15:07,1
20/03/2022 15:01,2
20/03/2022 14:56,3
20/03/2022 14:52,1
20/03/2022 14:49,3
20/03/2022 14:36,2
20/03/2022 14:29,5
20/03/2022 14:28,3
20/03/2022 14:19,5
20/03/2022 14:18,5
20/03/2022 14:15,4
20/03/2022 14:06,5
20/03/2022 13:59,4
20/03/2022 13:48,4
20/03/2022 13:37,3
20/03/2022 13:32,2
20/03/2022 13:26,1
20/03/2022 13:18,5
20/03/2022 13:12,5
20/03/2022 13:06,1
20/03/2022 12:42,5
20/03/2022 12:42,5
20/03/2022 12:39,1
20/03/2022 12:32,1
20/03/2022 12:25,5
20/03/2022 12:24,4
20/03/2022 12:21,5
20/03/2022 12:17,4
20/03/2022 12:00,5
20/03/2022 11:59,5
20/03/2022 11:57,2
20/03/2022 11:54,2
20/03/2022 11:49,4
20/03/2022 11:46,4
20/03/2022 11:42,1
20/03/2022 11:32,5
20/03/2022 11:30,5
20/03/2022 11:06,1
20/03/2022 11:06,5
20/03/2022 10:56,1
20/03/2022 10:56,1
20/03/2022 10:30,4
20/03/2022 10:30,4
20/03/2022 10:26,5
20/03/2022 10:13,2
20/03/2022 10:11,4
20/03/2022 09:53,2
20/03/2022 09:49,2
20/03/2022 09:48,1
20/03/2022 09:38,5
20/03/2022 09:29,5
20/03/2022 09:20,5
20/03/2022 09:17,5
20/03/2022 09:10,2
20/03/2022 09:05,1
20/03/2022 08:57,3
20/03/2022 08:48,4
20/03/2022 08:36,3
20/03/2022 08:35,1
20/03/2022 08:28,1
20/03/2022 08:23,1
20/03/2022 08:21,1
20/03/2022 08:13,5
20/03/2022 08:12,2
20/03/2022 08:10,2
20/03/2022 07:34,1
20/03/2022 07:27,5
20/03/2022 07:16,1
20/03/2022 07:13,3
20/03/2022 07:12,4
20/03/2022 07:11,4
20/03/2022 07:10,3
20/03/2022 07:07,5
20/03/2022 07:07,2
20/03/2022 06:57,4
20/03/2022 06:45,2
20/03/2022 06:27,3
20/03/2022 06:21,1
20/03/2022 06:14,1
20/03/2022 06:06,1
20/03/2022 06:06,4
20/03/2022 06:01,5
20/03/2022 05:59,5
20/03/2022 05:56,4
20/03/2022 05:54,1
20/03/2022 05:51,5
20/03/2022 05:48,1
20/03/2022 05:45,2
20/03/2022 05:42,1
20/03/2022 05:39,5
20/03/2022 05:36,5
20/03/2022 05:36,5
20/03/2022 05:35,1
20/03/2022 05:31,1
20/03/2022 05:25,2
20/03/2022 05:24,3
20/03/2022 05:21,5
20/03/2022 05:16,2
20/03/2022 05:07,3
20/03/2022 05:06,4
20/03/2022 04:39,5
20/03/2022 04:32,4
20/03/2022 04:32,2
20/03/2022 04:28,1
20/03/2022 04:06,4
20/03/2022 04:06,5
20/03/2022 04:00,5
20/03/2022 03:57,3
20/03/2022 03:38,5
20/03/2022 03:37,4
20/03/2022 03:37,5
20/03/2022 03:35,5
20/03/2022 03:34,2
20/03/2022 03:31,2
20/03/2022 03:26,1
20/03/2022 03:26,5
20/03/2022 03:24,5
20/03/2022 02:51,5
20/03/2022 02:51,5
20/03/2022 02:50,5
20/03/2022 02:47,2
20/03/2022 02:19,4
20/03/2022 02:16,5
20/03/2022 02:12,5
20/03/2022 01:51,5
20/03/2022 01:42,2
20/03/2022 01:38,2
20/03/2022 01:37,5
20/03/2022 01:37,1
20/03/2022 01:35,5
20/03/2022 01:22,1
20/03/2022 01:02,4
20/03/2022 00:59,3
20/03/2022 00:57,5
20/03/2022 00:48,5
20/03/2022 00:18,3
20/03/2022 00:16,2
20/03/2022 00:05,4
20/03/2022 00:02,5
19/03/2022 23:53,4
19/03/2022 23:50,5
19/03/2022 23:49,2
19/03/2022 23:47,5
19/03/2022 23:46,4
19/03/2022 23:40,1
19/03/2022 23:25,5
19/03/2022 23:22,5
19/03/2022 23:14,5
19/03/2022 23:07,1
19/03/2022 23:03,2
19/03/2022 22:52,4
19/03/2022 22:27,5
19/03/2022 22:16,2
19/03/2022 22:16,3
19/03/2022 22:16,1
19/03/2022 22:09,5
19/03/2022 21:58,4
19/03/2022 21:44,4
19/03/2022 21:24,5
19/03/2022 21:19,5
19/03/2022 21:09,5
19/03/2022 21:06,5
19/03/2022 21:02,5
19/03/2022 21:01,4
19/03/2022 20:58,2
19/03/2022 20:58,1
19/03/2022 20:57,1
19/03/2022 20:53,1
19/03/2022 20:53,5
19/03/2022 20:45,1
19/03/2022 20:42,1
19/03/2022 20:42,2
19/03/2022 20:38,5
19/03/2022 20:31,3
19/03/2022 20:29,1
19/03/2022 20:22,3
19/03/2022 20:21,5
19/03/2022 20:20,3
19/03/2022 20:15,3
19/03/2022 20:10,2
19/03/2022 19:57,5
19/03/2022 19:55,2
19/03/2022 19:53,5
19/03/2022 19:51,5
19/03/2022 19:51,1
19/03/2022 19:48,2
19/03/2022 19:45,1
19/03/2022 19:43,1
19/03/2022 19:36,3
19/03/2022 19:19,5
19/03/2022 19:19,5
19/03/2022 19:18,4
19/03/2022 19:04,2
19/03/2022 18:46,4
19/03/2022 18:38,5
19/03/2022 18:25,5
19/03/2022 18:19,3
19/03/2022 18:03,2
19/03/2022 17:57,4
19/03/2022 17:48,2
19/03/2022 17:42,3
19/03/2022 17:31,5
19/03/2022 17:10,4
19/03/2022 17:07,3
19/03/2022 16:59,5
19/03/2022 16:59,2
19/03/2022 16:58,5
19/03/2022 16:52,3
19/03/2022 16:49,5
19/03/2022 16:49,2
19/03/2022 16:41,1
19/03/2022 16:40,2
19/03/2022 16:38,4
19/03/2022 16:32,5
19/03/2022 16:31,5
19/03/2022 16:27,1
19/03/2022 16:11,3
19/03/2022 16:07,4
19/03/2022 16:06,2
19/03/2022 16:02,4
19/03/2022 15:57,1
19/03/2022 15:57,4
19/03/2022 15:45,1
19/03/2022 15:38,2
19/03/2022 15:36,1
19/03/2022 15:34,4
19/03/2022 15:34,5
19/03/2022 15:32,3
19/03/2022 15:23,2
19/03/2022 15:20,3
19/03/2022 15:18,5
19/03/2022 15:17,5
19/03/2022 15:14,1
19/03/2022 15:13,2
19/03/2022 15:12,3
19/03/2022 15:08,1
19/03/2022 14:50,5
19/03/2022 14:44,2
19/03/2022 14:38,5
19/03/2022 14:35,3
19/03/2022 14:13,5
19/03/2022 14:13,5
19/03/2022 14:12,2
19/03/2022 14:11,3
19/03/2022 14:00,5
19/03/2022 13:57,2
19/03/2022 13:57,3
19/03/2022 13:51,5
19/03/2022 13:45,5
19/03/2022 13:43,4
19/03/2022 13:42,1
19/03/2022 13:32,5
19/03/2022 13:25,3
19/03/2022 13:24,4
19/03/2022 13:09,1
19/03/2022 13:04,3
19/03/2022 12:59,5
19/03/2022 12:51,5
19/03/2022 12:48,3
19/03/2022 12:45,5
19/03/2022 12:32,3
19/03/2022 12:31,2
19/03/2022 12:30,1
19/03/2022 12:29,1
19/03/2022 12:28,4
19/03/2022 12:25,1
19/03/2022 12:25,5
19/03/2022 12:18,5
19/03/2022 12:15,5
19/03/2022 12:15,5
19/03/2022 12:01,1
19/03/2022 11:59,4
19/03/2022 11:42,5
19/03/2022 11:42,1
19/03/2022 11:32,1
19/03/2022 11:19,4
19/03/2022 11:03,5
19/03/2022 10:59,4
19/03/2022 10:57,1
19/03/2022 10:50,5
19/03/2022 10:48,1
19/03/2022 10:45,5
19/03/2022 10:31,5
19/03/2022 10:26,1
19/03/2022 10:10,2
19/03/2022 10:09,5
19/03/2022 10:07,1
19/03/2022 10:07,5
19/03/2022 10:06,1
19/03/2022 10:04,1
19/03/2022 10:01,1
19/03/2022 10:00,5
19/03/2022 09:39,1
19/03/2022 09:37,1
19/03/2022 09:35,5
19/03/2022 09:31,5
19/03/2022 09:29,5
19/03/2022 09:09,2
19/03/2022 08:56,2
19/03/2022 08:52,1
19/03/2022 08:44,5
19/03/2022 08:42,1
19/03/2022 08:32,4
19/03/2022 08:27,5
19/03/2022 08:10,5
19/03/2022 08:10,4
19/03/2022 08:06,2
19/03/2022 08:03,4
19/03/2022 08:00,5
19/03/2022 07:52,5
19/03/2022 07:35,3
19/03/2022 07:17,3
19/03/2022 07:13,1
19/03/2022 07:04,5
19/03/2022 06:37,1
19/03/2022 06:30,1
19/03/2022 06:24,5
19/03/2022 06:24,1
19/03/2022 06:15,5
19/03/2022 05:57,5
19/03/2022 05:55,5
19/03/2022 05:53,3
19/03/2022 05:53,1
19/03/2022 05:46,1
19/03/2022 05:45,5
19/03/2022 05:43,1
19/03/2022 05:41,1
19/03/2022 05:38,4
19/03/2022 05:11,2
19/03/2022 05:10,5
19/03/2022 04:51,3
19/03/2022 04:49,4
19/03/2022 04:37,5
19/03/2022 04:31,1
19/03/2022 04:29,5
19/03/2022 04:26,2
19/03/2022 04:23,5
19/03/2022 04:12,5
19/03/2022 04:07,5
19/03/2022 04:03,5
19/03/2022 03:45,1
19/03/2022 03:42,2
19/03/2022 03:26,4
19/03/2022 03:14,3
19/03/2022 03:12,5
19/03/2022 03:10,4
19/03/2022 03:06,5
19/03/2022 02:47,1
19/03/2022 02:44,5
19/03/2022 02:44,5
19/03/2022 02:41,5
19/03/2022 02:41,3
19/03/2022 02:34,2
19/03/2022 02:32,5
19/03/2022 02:29,3
19/03/2022 02:18,5
19/03/2022 02:09,1
19/03/2022 01:49,1
19/03/2022 01:28,3
19/03/2022 01:23,5
19/03/2022 01:23,1
19/03/2022 01:18,4
19/03/2022 01:07,5
19/03/2022 01:02,1
19/03/2022 00:58,5
19/03/2022 00:55,5
19/03/2022 00:31,5
19/03/2022 00:29,5
19/03/2022 00:29,5
19/03/2022 00:16,4
18/03/2022 23:57,2
18/03/2022 23:55,5
18/03/2022 23:24,1
18/03/2022 23:21,5
18/03/2022 23:08,5
18/03/2022 23:02,1
18/03/2022 23:02,5
18/03/2022 23:01,4
18/03/2022 22:56,1
18/03/2022 22:42,2
18/03/2022 22:37,4
18/03/2022 22:29,5
18/03/2022 22:25,1
18/03/2022 22:22,4
18/03/2022 22:21,1
18/03/2022 21:59,2
18/03/2022 21:59,1
18/03/2022 21:55,2
18/03/2022 21:50,3
18/03/2022 21:39,4
18/03/2022 21:38,5
18/03/2022 21:35,3
18/03/2022 21:34,3
18/03/2022 21:33,5
18/03/2022 21:33,5
18/03/2022 21:23,2
18/03/2022 21:17,4
18/03/2022 21:17,5
18/03/2022 21:06,1
18/03/2022 21:05,1
18/03/2022 21:05,1
18/03/2022 20:58,4
18/03/2022 20:56,2
18/03/2022 20:51,3
18/03/2022 20:34,4
18/03/2022 20:22,3
18/03/2022 20:21,2
18/03/2022 20:20,1
18/03/2022 20:16,4
18/03/2022 20:15,3
18/03/2022 20:00,5
18/03/2022 19:59,5
18/03/2022 19:51,5
18/03/2022 19:43,5
18/03/2022 19:40,1
18/03/2022 19:29,5
18/03/2022 19:21,3
18/03/2022 19:11,3
18/03/2022 19:04,4
18/03/2022 19:00,5
18/03/2022 18:56,4
18/03/2022 18:56,2
18/03/2022 18:53,4
18/03/2022 18:52,2
18/03/2022 18:46,1
18/03/2022 18:46,5
18/03/2022 18:42,3
18/03/2022 18:41,1
18/03/2022 18:34,5
18/03/2022 18:25,1
18/03/2022 18:24,5
18/03/2022 18:16,5
18/03/2022 18:15,5
18/03/2022 18:14,2
18/03/2022 18:11,3
18/03/2022 18:10,2
18/03/2022 18:09,1
18/03/2022 18:08,2
18/03/2022 18:08,3
18/03/2022 18:03,4
18/03/2022 18:01,1
18/03/2022 17:53,5
18/03/2022 17:52,2
18/03/2022 17:42,5
18/03/2022 17:32,5
18/03/2022 17:32,1
18/03/2022 17:31,5
18/03/2022 17:28,4
18/03/2022 17:27,1
18/03/2022 17:22,1
18/03/2022 17:20,5
18/03/2022 17:18,5
18/03/2022 17:12,4
18/03/2022 17:09,1
18/03/2022 17:07,5
18/03/2022 17:01,1
18/03/2022 16:49,5
18/03/2022 16:38,4
18/03/2022 16:38,3
18/03/2022 16:31,3
18/03/2022 16:26,1
18/03/2022 16:21,5
18/03/2022 16:20,5
18/03/2022 16:11,1
18/03/2022 16:10,5
18/03/2022 15:58,1
18/03/2022 15:55,2
18/03/2022 15:44,2
18/03/2022 15:43,5
18/03/2022 15:43,4
18/03/2022 15:41,5
18/03/2022 15:39,4
18/03/2022 15:36,5
18/03/2022 15:31,5
18/03/2022 15:31,1
18/03/2022 15:29,5
18/03/2022 15:28,3
18/03/2022 15:22,1
18/03/2022 15:21,1
18/03/2022 15:10,5
18/03/2022 15:08,2
18/03/2022 15:03,5
18/03/2022 15:03,1
18/03/2022 15:02,2
18/03/2022 15:01,2
18/03/2022 14:45,5
18/03/2022 14:38,1
18/03/2022 14:27,5
18/03/2022 14:16,3
18/03/2022 14:12,3
18/03/2022 14:11,4
18/03/2022 14:02,5
18/03/2022 13:51,3
18/03/2022 13:47,5
18/03/2022 13:38,1
18/03/2022 13:31,2
18/03/2022 13:30,5
18/03/2022 13:28,1
18/03/2022 13:26,5
18/03/2022 13:02,1
18/03/2022 12:59,1
18/03/2022 12:49,5
18/03/2022 12:45,5
18/03/2022 12:38,2
18/03/2022 12:32,5
18/03/2022 12:31,5
18/03/2022 12:29,1
18/03/2022 12:28,1
18/03/2022 12:28,3
18/03/2022 12:23,4
18/03/2022 12:23,5
18/03/2022 12:22,5
18/03/2022 12:19,2
18/03/2022 12:12,1
18/03/2022 11:51,5
18/03/2022 11:48,5
18/03/2022 11:42,5
18/03/2022 11:35,3
18/03/2022 11:27,4
18/03/2022 11:16,3
18/03/2022 10:58,5
18/03/2022 10:57,4
18/03/2022 10:52,5
18/03/2022 10:18,4
18/03/2022 10:12,3
18/03/2022 09:46,4
18/03/2022 09:40,5
18/03/2022 09:35,4
18/03/2022 09:21,5
18/03/2022 09:02,5
18/03/2022 09:01,5
18/03/2022 08:59,4
18/03/2022 08:50,2
18/03/2022 08:50,5
18/03/2022 08:38,5
18/03/2022 08:27,2
18/03/2022 08:23,4
18/03/2022 08:18,4
18/03/2022 08:17,1
18/03/2022 08:16,1
18/03/2022 08:02,5
18/03/2022 08:02,5
18/03/2022 08:00,2
18/03/2022 07:43,4
18/03/2022 07:43,2
18/03/2022 07:38,1
18/03/2022 07:34,5
18/03/2022 07:33,2
18/03/2022 07:23,5
18/03/2022 07:21,1
18/03/2022 07:20,5
18/03/2022 06:55,1
18/03/2022 06:54,4
18/03/2022 06:53,5
18/03/2022 06:20,4
18/03/2022 06:19,1
18/03/2022 06:19,2
18/03/2022 06:12,4
18/03/2022 06:09,1
18/03/2022 05:46,4
18/03/2022 05:45,5
18/03/2022 05:20,3
18/03/2022 05:16,5
18/03/2022 05:13,3
18/03/2022 05:01,4
18/03/2022 04:59,2
18/03/2022 04:29,3
18/03/2022 04:11,2
18/03/2022 04:05,4
18/03/2022 03:58,5
18/03/2022 03:55,5
18/03/2022 03:48,4
18/03/2022 03:19,5
18/03/2022 03:04,2
18/03/2022 03:03,5
18/03/2022 02:57,5
18/03/2022 02:55,5
18/03/2022 02:49,2
18/03/2022 02:47,4
18/03/2022 02:35,3
18/03/2022 02:31,2
18/03/2022 02:29,1
18/03/2022 02:28,5
18/03/2022 02:13,3
18/03/2022 02:12,1
18/03/2022 01:55,4
18/03/2022 01:35,1
18/03/2022 01:33,5
18/03/2022 01:32,1
18/03/2022 01:31,2
18/03/2022 01:29,5
18/03/2022 01:27,5
18/03/2022 01:26,3
18/03/2022 01:25,5
18/03/2022 01:18,5
18/03/2022 01:17,2
18/03/2022 01:11,5
18/03/2022 00:57,2
18/03/2022 00:50,1
18/03/2022 00:47,4
18/03/2022 00:37,3
18/03/2022 00:32,5
18/03/2022 00:17,5
18/03/2022 00:05,4
17/03/2022 23:53,1
17/03/2022 23:50,1
17/03/2022 23:48,4
17/03/2022 23:36,1
17/03/2022 23:32,4
17/03/2022 23:29,4
17/03/2022 23:27,4
17/03/2022 23:17,1
17/03/2022 23:13,1
17/03/2022 23:12,5
17/03/2022 23:03,4
17/03/2022 22:57,4
17/03/2022 22:49,1
17/03/2022 22:40,5
17/03/2022 22:32,1
17/03/2022 22:09,5
17/03/2022 22:06,5
17/03/2022 22:00,2
17/03/2022 21:57,4
17/03/2022 21:46,5
17/03/2022 21:45,2
17/03/2022 21:32,5
17/03/2022 21:27,2
17/03/2022 21:27,1
17/03/2022 21:23,5
17/03/2022 21:23,1
17/03/2022 21:16,1
17/03/2022 21:09,1
17/03/2022 21:08,3
17/03/2022 21:07,5
17/03/2022 20:57,5
17/03/2022 20:56,1
17/03/2022 20:54,1
17/03/2022 20:52,5
17/03/2022 20:43,3
17/03/2022 20:42,5
17/03/2022 20:42,5
17/03/2022 20:39,2
17/03/2022 20:35,1
17/03/2022 20:13,1
17/03/2022 20:08,4
17/03/2022 19:56,3
17/03/2022 19:32,4
17/03/2022 19:29,3
17/03/2022 19:26,5
17/03/2022 19:22,5
17/03/2022 18:59,1
17/03/2022 18:59,5
17/03/2022 18:58,4
17/03/2022 18:55,4
17/03/2022 18:54,5
17/03/2022 18:38,3
17/03/2022 18:23,2
17/03/2022 18:18,2
17/03/2022 18:10,5
17/03/2022 18:04,1
17/03/2022 18:00,1
17/03/2022 17:57,3
17/03/2022 17:56,1
17/03/2022 17:46,5
17/03/2022 17:32,1
17/03/2022 17:31,5
17/03/2022 17:28,4
17/03/2022 16:57,4
17/03/2022 16:52,3
17/03/2022 16:47,2
17/03/2022 16:44,1
17/03/2022 16:36,5
17/03/2022 16:30,2
17/03/2022 16:16,3
17/03/2022 16:11,5
17/03/2022 16:03,1
17/03/2022 15:59,5
17/03/2022 15:48,1
17/03/2022 15:40,1
17/03/2022 15:30,5
17/03/2022 15:27,1
17/03/2022 15:12,1
17/03/2022 14:47,5
17/03/2022 14:43,3
17/03/2022 14:41,1
17/03/2022 14:38,5
17/03/2022 14:13,5
17/03/2022 14:13,4
17/03/2022 14:12,5
17/03/2022 14:00,5
17/03/2022 13:58,5
17/03/2022 13:55,1
17/03/2022 13:54,5
17/03/2022 13:50,4
17/03/2022 13:39,1
17/03/2022 13:25,3
17/03/2022 13:12,5
17/03/2022 13:09,4
17/03/2022 13:08,2
17/03/2022 13:08,1
17/03/2022 13:02,4
17/03/2022 12:48,5
17/03/2022 12:46,5
17/03/2022 12:46,3
17/03/2022 12:35,5
17/03/2022 12:26,5
17/03/2022 12:21,5
17/03/2022 12:16,1
17/03/2022 12:08,1
17/03/2022 12:05,1
17/03/2022 12:01,2
17/03/2022 12:00,4
17/03/2022 11:57,5
17/03/2022 11:54,4
17/03/2022 11:52,1
17/03/2022 11:37,5
17/03/2022 11:29,2
17/03/2022 11:23,5
17/03/2022 11:14,3
17/03/2022 11:09,5
17/03/2022 11:02,5
17/03/2022 10:56,5
17/03/2022 10:53,2
17/03/2022 10:47,1
17/03/2022 10:40,2
17/03/2022 10:34,5
17/03/2022 10:12,5
17/03/2022 10:03,5
17/03/2022 09:33,3
17/03/2022 09:31,1
17/03/2022 09:09,4
17/03/2022 08:59,5
17/03/2022 08:54,3
17/03/2022 08:47,5
17/03/2022 08:45,2
17/03/2022 08:33,1
17/03/2022 08:27,1
17/03/2022 08:26,5
17/03/2022 07:49,3
17/03/2022 07:48,1
17/03/2022 07:42,1
17/03/2022 07:26,1
17/03/2022 07:12,5
17/03/2022 07:05,5
17/03/2022 06:57,1
17/03/2022 06:57,3
17/03/2022 06:56,5
17/03/2022 06:43,5
17/03/2022 06:42,5
17/03/2022 06:41,1
17/03/2022 06:23,1
17/03/2022 06:22,1
17/03/2022 06:19,1
17/03/2022 06:11,5
17/03/2022 06:00,2
17/03/2022 05:48,5
17/03/2022 05:41,5
17/03/2022 05:40,5
17/03/2022 05:15,5
17/03/2022 05:10,1
17/03/2022 05:06,2
17/03/2022 04:26,5
17/03/2022 03:37,5
17/03/2022 03:36,4
17/03/2022 03:33,5
17/03/2022 03:23,3
17/03/2022 03:23,5
17/03/2022 03:22,2
17/03/2022 03:20,1
17/03/2022 03:13,1
17/03/2022 03:08,3
17/03/2022 03:05,4
17/03/2022 03:05,3
17/03/2022 03:01,5
17/03/2022 02:46,1
17/03/2022 02:43,4
17/03/2022 02:42,5
17/03/2022 02:42,5
17/03/2022 02:37,1
17/03/2022 02:29,4
17/03/2022 02:26,2
17/03/2022 02:23,5
17/03/2022 02:20,5
17/03/2022 02:20,5
17/03/2022 02:10,5
17/03/2022 02:08,2
17/03/2022 01:54,5
17/03/2022 01:46,3
17/03/2022 01:43,4
17/03/2022 01:43,4
17/03/2022 01:33,1
17/03/2022 01:26,1
17/03/2022 01:24,5
17/03/2022 01:23,5
17/03/2022 01:20,5
17/03/2022 01:17,5
17/03/2022 00:56,5
17/03/2022 00:52,1
17/03/2022 00:52,2
17/03/2022 00:38,3
17/03/2022 00:34,5
17/03/2022 00:23,3
17/03/2022 00:22,2
17/03/2022 00:04,1
16/03/2022 23:54,5
16/03/2022 23:22,5
16/03/2022 23:17,1
16/03/2022 23:17,5
16/03/2022 23:15,5
16/03/2022 23:14,4
16/03/2022 23:13,1
16/03/2022 23:07,3
16/03/2022 23:05,5
16/03/2022 22:55,5
16/03/2022 22:53,1
16/03/2022 22:50,2
16/03/2022 22:49,5
16/03/2022 22:33,3
16/03/2022 22:32,5
16/03/2022 22:26,2
16/03/2022 22:25,1
16/03/2022 22:23,1
16/03/2022 22:13,4
16/03/2022 22:13,1
16/03/2022 21:56,5
16/03/2022 21:54,5
16/03/2022 21:54,3
16/03/2022 21:51,1
16/03/2022 21:47,5
16/03/2022 21:44,3
16/03/2022 21:38,5
16/03/2022 21:33,4
16/03/2022 21:21,5
16/03/2022 21:20,5
16/03/2022 21:05,3
16/03/2022 21:02,2
16/03/2022 20:55,4
16/03/2022 20:53,5
16/03/2022 20:50,5
16/03/2022 20:41,5
16/03/2022 20:36,2
16/03/2022 20:27,2
16/03/2022 20:27,5
16/03/2022 20:25,1
16/03/2022 20:25,2
16/03/2022 20:17,4
16/03/2022 20:09,5
16/03/2022 19:50,2
16/03/2022 19:28,4
16/03/2022 19:25,5
16/03/2022 19:24,5
16/03/2022 19:16,5
16/03/2022 19:14,1
16/03/2022 19:14,1
16/03/2022 19:06,5
16/03/2022 19:03,1
16/03/2022 18:36,1
16/03/2022 18:36,5
16/03/2022 18:33,5
16/03/2022 18:29,5
16/03/2022 18:28,2
16/03/2022 18:18,4
16/03/2022 18:18,1
16/03/2022 18:08,4
16/03/2022 18:07,3
16/03/2022 17:55,5
16/03/2022 17:53,4
16/03/2022 17:51,5
16/03/2022 17:42,4
16/03/2022 17:35,2
16/03/2022 17:34,5
16/03/2022 17:33,5
16/03/2022 17:26,5
16/03/2022 17:20,4
16/03/2022 17:01,2
16/03/2022 16:59,4
16/03/2022 16:50,4
16/03/2022 16:46,1
16/03/2022 16:44,1
16/03/2022 16:42,4
16/03/2022 16:41,4
16/03/2022 16:39,1
16/03/2022 16:28,4
16/03/2022 16:21,2
16/03/2022 16:19,1
16/03/2022 16:19,1
16/03/2022 15:59,5
16/03/2022 15:54,5
16/03/2022 15:54,5
16/03/2022 15:52,1
16/03/2022 15:51,5
16/03/2022 15:49,5
16/03/2022 15:47,5
16/03/2022 15:32,4
16/03/2022 15:23,1
16/03/2022 15:22,1
16/03/2022 15:21,5
16/03/2022 15:20,1
16/03/2022 15:19,1
16/03/2022 15:15,1
16/03/2022 14:56,1
16/03/2022 14:49,4
16/03/2022 14:44,2
16/03/2022 14:42,1
16/03/2022 14:40,2
16/03/2022 14:39,3
16/03/2022 14:23,2
16/03/2022 14:12,1
16/03/2022 14:11,2
16/03/2022 14:01,4
16/03/2022 13:51,1
16/03/2022 13:48,1
16/03/2022 13:41,2
16/03/2022 13:41,3
16/03/2022 13:41,5
16/03/2022 13:36,5
16/03/2022 13:33,1
16/03/2022 13:27,5
16/03/2022 13:23,5
16/03/2022 13:09,4
16/03/2022 13:06,5
16/03/2022 12:55,4
16/03/2022 12:46,5
16/03/2022 12:42,1
16/03/2022 12:42,3
16/03/2022 12:33,5
16/03/2022 12:26,5
16/03/2022 12:23,2
16/03/2022 12:20,5
16/03/2022 12:13,5
16/03/2022 12:11,5
16/03/2022 11:57,2
16/03/2022 11:57,4
16/03/2022 11:53,4
16/03/2022 11:43,5
16/03/2022 11:40,1
16/03/2022 11:32,5
16/03/2022 11:29,5
16/03/2022 11:26,1
16/03/2022 11:19,1
16/03/2022 11:12,1
16/03/2022 11:04,1
16/03/2022 10:59,5
16/03/2022 10:47,4
16/03/2022 10:47,5
16/03/2022 10:43,5
16/03/2022 10:40,5
16/03/2022 10:34,5
16/03/2022 10:32,4
16/03/2022 10:26,5
16/03/2022 10:21,4
16/03/2022 10:11,5
16/03/2022 10:10,5
16/03/2022 10:06,4
16/03/2022 09:42,4
16/03/2022 09:41,2
16/03/2022 09:35,2
16/03/2022 09:07,5
16/03/2022 09:02,5
16/03/2022 09:02,4
16/03/2022 08:51,5
16/03/2022 08:38,5
16/03/2022 08:38,1
16/03/2022 08:12,4
16/03/2022 08:09,4
16/03/2022 08:05,5
16/03/2022 07:50,4
16/03/2022 07:46,5
16/03/2022 07:29,1
16/03/2022 07:27,1
16/03/2022 07:17,5
16/03/2022 07:08,5
16/03/2022 07:03,1
16/03/2022 06:46,3
16/03/2022 06:42,5
16/03/2022 06:28,1
16/03/2022 06:26,5
16/03/2022 06:21,5
16/03/2022 05:54,1
16/03/2022 05:48,5
16/03/2022 05:45,5
16/03/2022 05:40,2
16/03/2022 05:23,5
16/03/2022 05:11,1
16/03/2022 05:06,3
16/03/2022 04:53,2
16/03/2022 04:44,5
16/03/2022 04:43,1
16/03/2022 04:41,1
16/03/2022 04:22,5
16/03/2022 03:46,1
16/03/2022 03:38,4
16/03/2022 03:35,1
16/03/2022 03:25,3
16/03/2022 03:24,3
16/03/2022 03:06,3
16/03/2022 02:50,5
16/03/2022 02:48,1
16/03/2022 02:45,5
16/03/2022 02:38,5
16/03/2022 02:16,5
16/03/2022 01:53,5
16/03/2022 01:50,2
16/03/2022 01:43,1
16/03/2022 01:32,4
16/03/2022 01:27,5
16/03/2022 01:20,4
16/03/2022 01:17,1
16/03/2022 01:14,4
16/03/2022 01:10,1
16/03/2022 01:07,1
16/03/2022 00:57,5
16/03/2022 00:50,5
16/03/2022 00:31,5
16/03/2022 00:27,3
16/03/2022 00:15,4
16/03/2022 00:07,5
16/03/2022 00:06,4
15/03/2022 23:54,4
15/03/2022 23:47,2
15/03/2022 23:45,1
15/03/2022 23:39,2
15/03/2022 23:31,5
15/03/2022 23:21,5
15/03/2022 23:15,2
15/03/2022 23:12,5
15/03/2022 22:58,1
15/03/2022 22:52,4
15/03/2022 22:45,5
15/03/2022 22:43,3
15/03/2022 22:41,1
15/03/2022 22:28,1
15/03/2022 22:14,2
15/03/2022 22:07,1
15/03/2022 22:03,1
15/03/2022 22:02,1
15/03/2022 21:47,3
15/03/2022 21:40,1
15/03/2022 21:35,1
15/03/2022 21:33,5
15/03/2022 21:28,5
15/03/2022 21:28,5
15/03/2022 21:25,5
15/03/2022 21:20,4
15/03/2022 21:12,1
15/03/2022 20:58,5
15/03/2022 20:57,1
15/03/2022 20:49,3
15/03/2022 20:34,5
15/03/2022 20:30,5
15/03/2022 20:28,2
15/03/2022 19:57,1
15/03/2022 19:52,1
15/03/2022 19:46,4
15/03/2022 19:43,1
15/03/2022 19:38,5
15/03/2022 19:37,1
15/03/2022 19:29,1
15/03/2022 19:27,1
15/03/2022 19:25,4
15/03/2022 19:19,5
15/03/2022 19:12,5
15/03/2022 19:02,2
15/03/2022 18:59,5
15/03/2022 18:58,5
15/03/2022 18:56,1
15/03/2022 18:41,5
15/03/2022 18:39,1
15/03/2022 18:37,3
15/03/2022 18:36,5
15/03/2022 18:26,1
15/03/2022 18:17,2
15/03/2022 18:16,1
15/03/2022 18:12,5
15/03/2022 17:55,1
15/03/2022 17:43,5
15/03/2022 17:41,2
15/03/2022 17:27,1
15/03/2022 17:20,2
15/03/2022 17:19,1
15/03/2022 17:02,1
15/03/2022 17:01,1
15/03/2022 16:58,5
15/03/2022 16:56,5
15/03/2022 16:47,1
15/03/2022 16:38,3
15/03/2022 16:32,5
15/03/2022 16:22,3
15/03/2022 16:09,5
15/03/2022 16:04,1
15/03/2022 16:01,1
15/03/2022 16:01,1
15/03/2022 15:55,4
15/03/2022 15:43,4
15/03/2022 15:41,1
15/03/2022 15:39,1
15/03/2022 15:33,5
15/03/2022 15:26,2
15/03/2022 15:22,4
15/03/2022 15:21,1
15/03/2022 15:07,2
15/03/2022 15:03,2
15/03/2022 14:55,1
15/03/2022 14:34,1
15/03/2022 14:32,1
15/03/2022 14:21,5
15/03/2022 14:17,5
15/03/2022 14:17,1
15/03/2022 14:16,1
15/03/2022 14:07,5
15/03/2022 13:59,5
15/03/2022 13:52,1
15/03/2022 13:51,1
15/03/2022 13:51,4
15/03/2022 13:47,1
15/03/2022 13:06,4
15/03/2022 13:05,3
15/03/2022 13:04,1
15/03/2022 13:03,1
15/03/2022 13:03,1
15/03/2022 12:57,3
15/03/2022 12:53,3
15/03/2022 12:52,4
15/03/2022 12:52,5
15/03/2022 12:50,2
15/03/2022 12:48,4
15/03/2022 12:46,5
15/03/2022 12:43,5
15/03/2022 12:08,4
15/03/2022 12:00,1
15/03/2022 11:54,1
15/03/2022 11:53,3
15/03/2022 11:45,5
15/03/2022 11:43,5
15/03/2022 11:37,3
15/03/2022 11:31,3
15/03/2022 11:22,1
15/03/2022 10:54,1
15/03/2022 10:53,2
15/03/2022 10:51,3
15/03/2022 10:36,4
15/03/2022 10:31,1
15/03/2022 10:18,2
15/03/2022 09:44,5
15/03/2022 09:33,5
15/03/2022 08:59,4
15/03/2022 08:45,4
15/03/2022 08:16,4
15/03/2022 08:15,2
15/03/2022 08:13,4
15/03/2022 08:04,3
15/03/2022 07:55,4
15/03/2022 07:51,5
15/03/2022 07:50,5
15/03/2022 07:45,5
15/03/2022 07:43,1
15/03/2022 07:38,2
15/03/2022 07:37,4
15/03/2022 07:35,5
15/03/2022 07:32,1
15/03/2022 07:28,2
15/03/2022 07:17,5
15/03/2022 07:13,4
15/03/2022 07:07,5
15/03/2022 07:05,4
15/03/2022 06:31,3
15/03/2022 06:31,1
15/03/2022 06:27,4
15/03/2022 05:57,1
15/03/2022 05:47,4
15/03/2022 05:46,5
15/03/2022 05:42,5
15/03/2022 05:25,1
15/03/2022 05:19,1
15/03/2022 05:19,5
15/03/2022 05:14,5
15/03/2022 05:11,3
15/03/2022 04:41,5
15/03/2022 04:33,5
15/03/2022 04:33,3
15/03/2022 04:31,2
15/03/2022 04:25,3
15/03/2022 04:19,2
15/03/2022 04:16,4
15/03/2022 04:03,5
15/03/2022 03:53,2
15/03/2022 03:33,4
15/03/2022 03:32,1
15/03/2022 03:27,5
15/03/2022 03:23,1
15/03/2022 03:21,2
15/03/2022 03:20,5
15/03/2022 03:20,5
15/03/2022 03:03,5
15/03/2022 02:53,1
15/03/2022 02:48,2
15/03/2022 02:45,5
15/03/2022 02:42,1
15/03/2022 02:42,2
15/03/2022 02:27,5
15/03/2022 02:25,1
15/03/2022 02:21,1
15/03/2022 02:21,1
15/03/2022 02:17,5
15/03/2022 02:15,2
15/03/2022 02:12,5
15/03/2022 02:08,2
15/03/2022 02:04,1
15/03/2022 01:51,1
15/03/2022 01:41,5
15/03/2022 01:29,5
15/03/2022 00:59,1
15/03/2022 00:50,3
15/03/2022 00:49,3
15/03/2022 00:38,5
15/03/2022 00:27,1
15/03/2022 00:26,1
15/03/2022 00:10,5
15/03/2022 00:09,1
14/03/2022 23:59,5
14/03/2022 23:48,2
14/03/2022 23:44,5
14/03/2022 23:30,3
14/03/2022 23:27,1
14/03/2022 23:26,5
14/03/2022 23:21,4
14/03/2022 23:21,1
14/03/2022 23:15,5
14/03/2022 23:02,5
14/03/2022 23:02,5
14/03/2022 22:57,5
14/03/2022 22:56,1
14/03/2022 22:44,2
14/03/2022 22:32,5
14/03/2022 22:20,2
14/03/2022 22:01,1
14/03/2022 22:00,5
14/03/2022 21:54,4
14/03/2022 21:50,5
14/03/2022 21:46,5
14/03/2022 21:42,1
14/03/2022 21:31,1
14/03/2022 21:26,1
14/03/2022 21:22,1
14/03/2022 21:14,5
14/03/2022 21:00,1
14/03/2022 20:54,4
14/03/2022 20:50,5
14/03/2022 20:44,1
14/03/2022 20:39,4
14/03/2022 20:32,1
14/03/2022 20:30,1
14/03/2022 20:29,3
14/03/2022 20:17,3
14/03/2022 20:08,5
14/03/2022 20:04,1
14/03/2022 19:54,1
14/03/2022 19:25,5
14/03/2022 19:25,1
14/03/2022 19:24,5
14/03/2022 19:19,5
14/03/2022 19:18,5
14/03/2022 19:11,2
14/03/2022 19:10,4
14/03/2022 19:03,3
14/03/2022 19:01,1
14/03/2022 18:46,1
14/03/2022 18:45,3
14/03/2022 18:43,5
14/03/2022 18:36,5
14/03/2022 18:33,1
14/03/2022 18:26,2
14/03/2022 18:21,5
14/03/2022 18:20,3
14/03/2022 18:19,2
14/03/2022 18:13,1
14/03/2022 18:10,1
14/03/2022 18:01,1
14/03/2022 18:00,3
14/03/2022 17:50,4
14/03/2022 17:42,1
14/03/2022 17:31,1
14/03/2022 17:29,1
14/03/2022 17:23,1
14/03/2022 17:18,5
14/03/2022 17:17,3
14/03/2022 17:10,1
14/03/2022 16:57,1
14/03/2022 16:47,1
14/03/2022 16:45,5
14/03/2022 16:42,3
14/03/2022 16:40,3
14/03/2022 16:14,5
14/03/2022 16:11,5
14/03/2022 16:05,1
14/03/2022 16:04,5
14/03/2022 16:04,1
14/03/2022 15:54,2
14/03/2022 15:43,5
14/03/2022 15:41,2
14/03/2022 15:40,5
14/03/2022 15:15,4
14/03/2022 15:14,5
14/03/2022 15:04,5
14/03/2022 15:01,3
14/03/2022 14:56,1
14/03/2022 14:53,2
14/03/2022 14:46,3
14/03/2022 14:38,2
14/03/2022 14:08,4
14/03/2022 14:03,1
14/03/2022 13:34,4
14/03/2022 13:21,5
14/03/2022 13:04,2
14/03/2022 13:02,1
14/03/2022 12:58,1
14/03/2022 12:53,5
14/03/2022 12:49,3
14/03/2022 12:49,1
14/03/2022 12:49,1
14/03/2022 12:42,2
14/03/2022 12:39,4
14/03/2022 12:36,5
14/03/2022 12:35,3
14/03/2022 12:34,1
14/03/2022 12:20,5
14/03/2022 12:15,5
14/03/2022 12:11,3
14/03/2022 12:08,5
14/03/2022 11:49,4
14/03/2022 11:46,1
14/03/2022 11:45,1
14/03/2022 11:41,1
14/03/2022 11:24,4
14/03/2022 11:17,5
14/03/2022 11:14,5
14/03/2022 10:56,3
14/03/2022 10:39,4
14/03/2022 10:32,1
14/03/2022 10:30,3
14/03/2022 10:17,5
14/03/2022 10:13,1
14/03/2022 10:03,2
14/03/2022 09:57,3
14/03/2022 09:56,5
14/03/2022 09:26,5
14/03/2022 09:13,1
14/03/2022 08:50,1
14/03/2022 08:47,1
14/03/2022 08:42,2
14/03/2022 08:40,1
14/03/2022 08:35,2
14/03/2022 08:21,5
14/03/2022 08:17,1
14/03/2022 08:11,4
14/03/2022 08:10,3
14/03/2022 07:51,5
14/03/2022 07:40,4
14/03/2022 07:25,5
14/03/2022 07:17,4
14/03/2022 06:58,5
14/03/2022 06:43,1
14/03/2022 06:36,5
14/03/2022 06:32,5
14/03/2022 06:20,5
14/03/2022 06:15,5
14/03/2022 06:14,5
14/03/2022 06:12,1
14/03/2022 06:12,2
14/03/2022 06:01,4
14/03/2022 05:44,4
14/03/2022 05:44,1
14/03/2022 05:42,5
14/03/2022 05:42,5
14/03/2022 05:36,1
14/03/2022 05:19,4
14/03/2022 05:08,5
14/03/2022 05:07,5
14/03/2022 04:36,5
14/03/2022 04:35,5
14/03/2022 04:22,5
14/03/2022 04:17,5
14/03/2022 04:13,1
14/03/2022 04:00,5
14/03/2022 03:45,5
14/03/2022 03:42,5
14/03/2022 03:32,4
14/03/2022 03:26,5
14/03/2022 03:17,2
14/03/2022 03:00,1
14/03/2022 02:55,3
14/03/2022 02:44,1
14/03/2022 02:37,5
14/03/2022 02:34,4
14/03/2022 02:28,1
14/03/2022 02:08,5
14/03/2022 02:08,3
14/03/2022 01:59,4
14/03/2022 01:54,5
14/03/2022 01:49,1
14/03/2022 01:46,5
14/03/2022 01:38,1
14/03/2022 01:36,4
14/03/2022 01:33,2
14/03/2022 01:31,5
14/03/2022 01:27,1
14/03/2022 01:26,5
14/03/2022 01:19,4
14/03/2022 01:18,5
14/03/2022 01:17,5
14/03/2022 01:14,5
14/03/2022 01:10,5
14/03/2022 01:09,1
14/03/2022 01:05,4
14/03/2022 01:04,5
14/03/2022 00:55,5
14/03/2022 00:51,5
14/03/2022 00:33,5
14/03/2022 00:31,5
14/03/2022 00:22,4
14/03/2022 00:16,1
14/03/2022 00:05,4
14/03/2022 00:01,4
13/03/2022 23:59,4
13/03/2022 23:58,1
13/03/2022 23:47,1
13/03/2022 23:44,5
13/03/2022 23:42,1
13/03/2022 23:37,5
13/03/2022 23:34,5
13/03/2022 23:34,5
13/03/2022 23:25,5
13/03/2022 23:25,1
13/03/2022 23:24,5
13/03/2022 23:21,2
13/03/2022 23:19,1
13/03/2022 23:09,2
13/03/2022 22:30,4
13/03/2022 22:12,1
13/03/2022 22:11,1
13/03/2022 22:11,5
13/03/2022 22:08,5
13/03/2022 22:04,2
13/03/2022 21:49,1
13/03/2022 21:46,5
13/03/2022 21:45,1
13/03/2022 21:35,4
13/03/2022 21:29,5
13/03/2022 21:15,5
13/03/2022 21:11,5
13/03/2022 21:09,3
13/03/2022 21:08,2
13/03/2022 20:37,1
13/03/2022 20:35,4
13/03/2022 20:31,5
13/03/2022 20:26,5
13/03/2022 20:24,3
13/03/2022 20:22,2
13/03/2022 20:19,2
13/03/2022 20:18,1
13/03/2022 20:09,1
13/03/2022 20:07,1
13/03/2022 20:07,3
13/03/2022 20:01,3
13/03/2022 19:58,4
13/03/2022 19:57,4
13/03/2022 19:55,4
13/03/2022 19:51,1
13/03/2022 19:43,5
13/03/2022 19:37,5
13/03/2022 19:32,1
13/03/2022 19:31,5
13/03/2022 19:15,5
13/03/2022 19:02,1
13/03/2022 18:49,2
13/03/2022 18:45,1
13/03/2022 18:20,3
13/03/2022 18:18,5
13/03/2022 18:16,1
13/03/2022 18:14,5
13/03/2022 17:59,1
13/03/2022 17:43,5
13/03/2022 17:36,5
13/03/2022 17:29,2
13/03/2022 17:26,5
13/03/2022 17:25,5
13/03/2022 17:23,2
13/03/2022 17:15,3
13/03/2022 17:09,1
13/03/2022 17:04,5
13/03/2022 17:03,2
13/03/2022 16:58,1
13/03/2022 16:57,5
13/03/2022 16:55,5
13/03/2022 16:50,1
13/03/2022 16:49,4
13/03/2022 16:45,5
13/03/2022 16:40,2
13/03/2022 16:40,5
13/03/2022 16:28,1
13/03/2022 16:23,2
13/03/2022 16:23,2
13/03/2022 16:09,5
13/03/2022 15:57,5
13/03/2022 15:51,5
13/03/2022 15:50,1
13/03/2022 15:49,5
13/03/2022 15:48,5
13/03/2022 15:48,1
13/03/2022 15:36,3
13/03/2022 15:30,5
13/03/2022 15:22,5
13/03/2022 15:20,5
13/03/2022 15:19,4
13/03/2022 14:38,5
13/03/2022 14:31,1
13/03/2022 14:28,1
13/03/2022 14:28,4
13/03/2022 14:24,5
13/03/2022 14:18,3
13/03/2022 14:16,5
13/03/2022 14:09,1
13/03/2022 13:39,1
13/03/2022 13:37,5
13/03/2022 13:35,5
13/03/2022 13:31,5
13/03/2022 13:29,1
13/03/2022 13:29,1
13/03/2022 13:25,5
13/03/2022 13:24,1
13/03/2022 13:20,5
13/03/2022 13:15,4
13/03/2022 13:14,1
13/03/2022 13:05,5
13/03/2022 12:44,5
13/03/2022 12:44,5
13/03/2022 12:40,2
13/03/2022 12:33,5
13/03/2022 12:32,5
13/03/2022 12:22,1
13/03/2022 12:08,3
13/03/2022 11:46,5
13/03/2022 11:45,3
13/03/2022 11:43,1
13/03/2022 11:40,5
13/03/2022 11:12,5
13/03/2022 11:06,1
13/03/2022 11:06,4
13/03/2022 10:51,5
13/03/2022 10:32,5
13/03/2022 10:30,2
13/03/2022 10:19,5
13/03/2022 10:14,1
13/03/2022 09:47,4
13/03/2022 09:23,3
13/03/2022 08:53,3
13/03/2022 08:51,1
13/03/2022 08:36,1
13/03/2022 08:34,5
13/03/2022 08:33,1
13/03/2022 08:27,1
13/03/2022 08:13,5
13/03/2022 07:53,5
13/03/2022 07:53,1
13/03/2022 07:48,4
13/03/2022 07:36,5
13/03/2022 07:29,5
13/03/2022 07:28,2
13/03/2022 07:23,1
13/03/2022 07:20,5
13/03/2022 07:17,4
13/03/2022 07:05,5
13/03/2022 06:57,5
13/03/2022 06:55,5
13/03/2022 06:44,1
13/03/2022 06:35,1
13/03/2022 06:19,3
13/03/2022 06:19,2
13/03/2022 06:16,2
13/03/2022 06:12,5
13/03/2022 06:08,5
13/03/2022 05:56,5
13/03/2022 05:41,4
13/03/2022 05:36,1
13/03/2022 05:29,5
13/03/2022 05:25,4
13/03/2022 05:09,5
13/03/2022 04:53,3
13/03/2022 04:51,1
13/03/2022 04:51,5
13/03/2022 04:45,1
13/03/2022 04:40,5
13/03/2022 04:39,1
13/03/2022 04:34,5
13/03/2022 04:33,5
13/03/2022 04:30,4
13/03/2022 04:22,1
13/03/2022 04:17,2
13/03/2022 04:16,3
13/03/2022 04:12,2
13/03/2022 04:04,2
13/03/2022 03:51,1
13/03/2022 03:39,3
13/03/2022 03:37,5
13/03/2022 03:32,3
13/03/2022 03:26,3
13/03/2022 03:25,2
13/03/2022 03:24,5
13/03/2022 03:08,2
13/03/2022 03:05,5
13/03/2022 02:55,1
13/03/2022 02:22,5
13/03/2022 02:10,5
13/03/2022 01:53,1
13/03/2022 01:46,5
13/03/2022 01:46,5
13/03/2022 01:43,5
13/03/2022 01:41,5
13/03/2022 01:35,5
13/03/2022 01:35,5
13/03/2022 01:24,3
13/03/2022 01:17,5
13/03/2022 01:09,4
13/03/2022 01:07,4
13/03/2022 01:02,5
13/03/2022 01:00,4
13/03/2022 00:57,5
13/03/2022 00:53,5
13/03/2022 00:41,5
13/03/2022 00:17,5
12/03/2022 23:40,1
12/03/2022 23:40,5
12/03/2022 23:38,5
12/03/2022 23:25,5
12/03/2022 23:17,4
12/03/2022 23:14,3
12/03/2022 23:11,5
12/03/2022 23:08,4
12/03/2022 23:07,5
12/03/2022 23:06,1
12/03/2022 22:56,5
12/03/2022 22:50,1
12/03/2022 22:49,2
12/03/2022 22:41,5
12/03/2022 22:39,2
12/03/2022 22:28,1
12/03/2022 22:25,5
12/03/2022 22:24,1
12/03/2022 22:22,5
12/03/2022 22:04,1
12/03/2022 22:03,1
12/03/2022 22:02,2
12/03/2022 21:55,4
12/03/2022 21:53,1
12/03/2022 21:51,5
12/03/2022 21:40,2
12/03/2022 21:32,2
12/03/2022 21:29,5
12/03/2022 21:23,5
12/03/2022 21:21,4
12/03/2022 21:18,2
12/03/2022 21:17,4
12/03/2022 21:11,2
12/03/2022 21:05,5
12/03/2022 20:58,1
12/03/2022 20:54,2
12/03/2022 20:44,5
12/03/2022 20:19,2
12/03/2022 20:15,1
12/03/2022 20:15,1
12/03/2022 20:12,5
12/03/2022 19:51,5
12/03/2022 19:44,2
12/03/2022 19:41,5
12/03/2022 19:41,5
12/03/2022 19:37,2
12/03/2022 19:35,5
12/03/2022 19:32,5
12/03/2022 19:23,5
12/03/2022 19:23,5
12/03/2022 19:21,4
12/03/2022 19:18,5
12/03/2022 19:14,5
12/03/2022 19:03,1
12/03/2022 19:02,5
12/03/2022 19:01,1
12/03/2022 18:57,4
12/03/2022 18:57,5
12/03/2022 18:56,5
12/03/2022 18:49,5
12/03/2022 18:23,4
12/03/2022 18:22,4
12/03/2022 18:17,1
12/03/2022 18:15,5
12/03/2022 18:11,5
12/03/2022 18:09,5
12/03/2022 18:08,5
12/03/2022 17:48,2
12/03/2022 17:47,5
12/03/2022 17:44,1
12/03/2022 17:43,1
12/03/2022 17:42,4
12/03/2022 17:36,4
12/03/2022 17:33,5
12/03/2022 17:11,1
12/03/2022 17:11,5
12/03/2022 16:58,3
12/03/2022 16:53,4
12/03/2022 16:51,1
12/03/2022 16:50,2
12/03/2022 16:33,4
12/03/2022 16:33,4
12/03/2022 16:29,1
12/03/2022 16:18,5
12/03/2022 16:17,5
12/03/2022 16:03,5
12/03/2022 15:55,1
12/03/2022 15:45,5
12/03/2022 15:42,2
12/03/2022 15:41,5
12/03/2022 15:40,5
12/03/2022 15:34,2
12/03/2022 15:23,4
12/03/2022 15:14,5
12/03/2022 15:05,1
12/03/2022 14:58,5
12/03/2022 14:57,5
12/03/2022 14:56,5
12/03/2022 14:51,3
12/03/2022 14:39,1
12/03/2022 14:36,5
12/03/2022 14:35,5
12/03/2022 14:32,4
12/03/2022 14:30,5
12/03/2022 14:30,5
12/03/2022 14:23,4
12/03/2022 14:12,1
12/03/2022 14:11,1
12/03/2022 14:06,1
12/03/2022 13:58,1
12/03/2022 13:48,5
12/03/2022 13:36,5
12/03/2022 13:34,1
12/03/2022 13:31,5
12/03/2022 13:28,3
12/03/2022 13:26,1
12/03/2022 13:26,3
12/03/2022 13:19,5
12/03/2022 13:04,5
12/03/2022 13:02,5
12/03/2022 12:52,2
12/03/2022 12:45,4
12/03/2022 12:43,3
12/03/2022 12:30,5
12/03/2022 12:27,4
12/03/2022 12:23,4
12/03/2022 12:01,5
12/03/2022 11:56,5
12/03/2022 11:46,5
12/03/2022 11:35,3
12/03/2022 11:17,5
12/03/2022 10:50,2
12/03/2022 10:48,1
12/03/2022 10:43,5
12/03/2022 10:36,1
12/03/2022 10:32,5
12/03/2022 10:03,1
12/03/2022 09:55,1
12/03/2022 09:48,5
12/03/2022 09:48,2
12/03/2022 09:45,1
12/03/2022 09:45,5
12/03/2022 09:09,5
12/03/2022 08:58,4
12/03/2022 08:53,1
12/03/2022 08:28,2
12/03/2022 08:23,5
12/03/2022 08:22,5
12/03/2022 08:21,5
12/03/2022 08:03,1
12/03/2022 08:02,1
12/03/2022 08:01,1
12/03/2022 07:52,1
12/03/2022 07:52,4
12/03/2022 07:48,5
12/03/2022 07:46,1
12/03/2022 07:28,1
12/03/2022 07:28,2
12/03/2022 07:23,5
12/03/2022 07:14,1
12/03/2022 06:43,4
12/03/2022 06:39,5
12/03/2022 06:36,5
12/03/2022 06:22,5
12/03/2022 06:19,1
12/03/2022 06:13,1
12/03/2022 06:06,4
12/03/2022 05:41,1
12/03/2022 05:32,4
12/03/2022 05:30,5
12/03/2022 05:30,5
12/03/2022 05:29,3
12/03/2022 05:14,1
12/03/2022 05:09,5
12/03/2022 05:07,4
12/03/2022 05:06,2
12/03/2022 04:57,3
12/03/2022 04:52,1
12/03/2022 04:38,2
12/03/2022 04:31,4
12/03/2022 04:31,3
12/03/2022 04:27,5
12/03/2022 04:23,5
12/03/2022 04:08,1
12/03/2022 04:07,1
12/03/2022 04:00,3
12/03/2022 03:58,1
12/03/2022 03:51,5
12/03/2022 03:46,1
12/03/2022 03:37,1
12/03/2022 03:24,1
12/03/2022 03:15,1
12/03/2022 03:07,4
12/03/2022 03:05,1
12/03/2022 03:04,1
12/03/2022 03:03,5
12/03/2022 02:59,1
12/03/2022 02:52,3
12/03/2022 02:49,2
12/03/2022 02:48,4
12/03/2022 02:37,1
12/03/2022 02:25,4
12/03/2022 02:21,4
12/03/2022 02:15,5
12/03/2022 02:10,5
12/03/2022 01:58,5
12/03/2022 01:55,1
12/03/2022 01:51,5
12/03/2022 01:43,4
12/03/2022 01:29,1
12/03/2022 01:26,1
12/03/2022 01:09,5
12/03/2022 01:00,5
12/03/2022 00:51,5
12/03/2022 00:49,4
12/03/2022 00:45,3
12/03/2022 00:44,4
12/03/2022 00:43,4
12/03/2022 00:32,1
12/03/2022 00:31,5
12/03/2022 00:26,3
12/03/2022 00:15,1
12/03/2022 00:10,1
12/03/2022 00:02,2
12/03/2022 00:00,3
11/03/2022 23:45,1
11/03/2022 23:42,1
11/03/2022 23:36,3
11/03/2022 23:35,1
11/03/2022 23:21,5
11/03/2022 23:18,3
11/03/2022 23:02,4
11/03/2022 23:01,1
11/03/2022 22:54,3
11/03/2022 22:52,5
11/03/2022 22:47,3
11/03/2022 22:42,5
11/03/2022 22:38,1
11/03/2022 22:05,3
11/03/2022 21:51,3
11/03/2022 21:37,5
11/03/2022 21:33,5
11/03/2022 21:25,2
11/03/2022 21:18,1
11/03/2022 20:41,5
11/03/2022 20:25,1
11/03/2022 20:24,1
11/03/2022 20:20,1
11/03/2022 20:19,1
11/03/2022 20:11,1
11/03/2022 20:09,2
11/03/2022 20:03,1
11/03/2022 20:01,5
11/03/2022 20:00,3
11/03/2022 19:57,4
11/03/2022 19:50,5
11/03/2022 19:49,4
11/03/2022 19:48,3
11/03/2022 19:48,3
11/03/2022 19:38,1
11/03/2022 19:33,1
11/03/2022 19:31,5
11/03/2022 19:26,4
11/03/2022 19:05,1
11/03/2022 18:56,5
11/03/2022 18:55,5
11/03/2022 18:54,3
11/03/2022 18:53,5
11/03/2022 18:46,5
11/03/2022 18:46,2
11/03/2022 18:41,3
11/03/2022 18:41,2
11/03/2022 18:34,1
11/03/2022 18:31,5
11/03/2022 18:29,2
11/03/2022 18:20,2
11/03/2022 18:20,5
11/03/2022 18:16,5
11/03/2022 18:15,1
11/03/2022 18:13,5
11/03/2022 18:09,2
11/03/2022 18:07,5
11/03/2022 18:01,1
11/03/2022 17:58,1
11/03/2022 17:50,1
11/03/2022 17:44,1
11/03/2022 17:43,1
11/03/2022 17:39,1
11/03/2022 17:37,5
11/03/2022 17:36,5
11/03/2022 17:32,2
11/03/2022 17:32,1
11/03/2022 17:22,3
11/03/2022 17:14,4
11/03/2022 17:09,2
11/03/2022 17:00,5
11/03/2022 16:57,4
11/03/2022 16:37,1
11/03/2022 16:37,1
11/03/2022 16:37,4
11/03/2022 16:36,5
11/03/2022 16:34,4
11/03/2022 16:28,3
11/03/2022 16:26,5
11/03/2022 16:17,3
11/03/2022 16:15,2
11/03/2022 16:15,1
11/03/2022 16:14,3
11/03/2022 16:07,3
11/03/2022 16:06,5
11/03/2022 16:05,2
11/03/2022 15:59,1
11/03/2022 15:57,1
11/03/2022 15:50,1
11/03/2022 15:37,5
11/03/2022 15:32,5
11/03/2022 15:32,4
11/03/2022 15:20,3
11/03/2022 15:19,4
11/03/2022 15:18,1
11/03/2022 15:16,5
11/03/2022 14:57,5
11/03/2022 14:55,3
11/03/2022 14:48,3
11/03/2022 14:47,5
11/03/2022 14:38,1
11/03/2022 14:30,1
11/03/2022 14:28,5
11/03/2022 14:17,4
11/03/2022 14:14,2
11/03/2022 14:01,4
11/03/2022 14:00,1
11/03/2022 13:51,5
11/03/2022 13:41,1
11/03/2022 13:23,1
11/03/2022 13:19,1
11/03/2022 13:18,1
11/03/2022 13:15,5
11/03/2022 13:12,5
11/03/2022 13:07,1
11/03/2022 13:06,2
11/03/2022 13:02,4
11/03/2022 13:01,1
11/03/2022 12:56,1
11/03/2022 12:45,5
11/03/2022 12:43,3
11/03/2022 12:40,5
11/03/2022 12:32,5
11/03/2022 12:20,5
11/03/2022 12:14,1
11/03/2022 12:11,5
11/03/2022 11:55,2
11/03/2022 11:49,5
11/03/2022 11:43,2
11/03/2022 11:41,1
11/03/2022 11:37,5
11/03/2022 11:35,5
11/03/2022 11:33,2
11/03/2022 11:25,5
11/03/2022 11:07,1
11/03/2022 11:04,3
11/03/2022 10:59,1
11/03/2022 10:57,5
11/03/2022 10:47,5
11/03/2022 10:47,3
11/03/2022 10:44,5
11/03/2022 10:36,2
11/03/2022 10:31,2
11/03/2022 10:27,3
11/03/2022 10:03,2
11/03/2022 09:50,4
11/03/2022 09:21,5
11/03/2022 09:20,2
11/03/2022 09:03,5
11/03/2022 08:58,2
11/03/2022 08:52,5
11/03/2022 08:43,5
11/03/2022 08:35,5
11/03/2022 08:20,1
11/03/2022 08:01,4
11/03/2022 07:51,5
11/03/2022 07:37,1
11/03/2022 07:27,5
11/03/2022 07:18,3
11/03/2022 07:17,5
11/03/2022 07:10,4
11/03/2022 07:03,5
11/03/2022 06:53,2
11/03/2022 06:41,5
11/03/2022 06:35,2
11/03/2022 06:10,4
11/03/2022 06:10,3
11/03/2022 05:58,5
11/03/2022 05:47,5
11/03/2022 05:44,5
11/03/2022 05:44,5
11/03/2022 05:34,1
11/03/2022 05:27,1
11/03/2022 05:26,1
11/03/2022 05:20,1
11/03/2022 05:19,5
11/03/2022 05:11,5
11/03/2022 05:11,5
11/03/2022 04:30,2
11/03/2022 04:30,5
11/03/2022 04:26,1
11/03/2022 04:20,5
11/03/2022 04:18,5
11/03/2022 04:12,3
11/03/2022 04:05,5
11/03/2022 04:02,5
11/03/2022 03:29,2
11/03/2022 03:22,4
11/03/2022 03:08,1
11/03/2022 03:00,5
11/03/2022 02:50,2
11/03/2022 02:45,2
11/03/2022 02:34,5
11/03/2022 02:01,1
11/03/2022 01:58,5
11/03/2022 01:56,4
11/03/2022 01:44,2
11/03/2022 01:39,5
11/03/2022 01:37,5
11/03/2022 01:28,5
11/03/2022 01:28,4
11/03/2022 01:26,4
11/03/2022 01:18,3
11/03/2022 01:16,2
11/03/2022 01:16,5
11/03/2022 01:15,4
11/03/2022 00:54,5
11/03/2022 00:51,2
11/03/2022 00:48,4
11/03/2022 00:45,1
11/03/2022 00:42,3
11/03/2022 00:23,5
11/03/2022 00:11,5
11/03/2022 00:00,1
10/03/2022 23:59,1
10/03/2022 23:48,1
10/03/2022 23:46,4
10/03/2022 23:43,2
10/03/2022 23:43,1
10/03/2022 23:30,2
10/03/2022 23:05,3
10/03/2022 22:55,5
10/03/2022 22:48,5
10/03/2022 22:46,3
10/03/2022 22:46,1
10/03/2022 22:34,3
10/03/2022 22:13,1
10/03/2022 22:13,5
10/03/2022 22:08,5
10/03/2022 22:03,1
10/03/2022 21:34,3
10/03/2022 21:18,1
10/03/2022 21:10,1
10/03/2022 21:03,5
10/03/2022 20:55,3
10/03/2022 20:53,3
10/03/2022 20:49,1
10/03/2022 20:49,1
10/03/2022 20:40,5
10/03/2022 20:35,5
10/03/2022 20:32,3
10/03/2022 20:20,1
10/03/2022 20:19,1
10/03/2022 20:12,4
10/03/2022 20:02,1
10/03/2022 20:02,1
10/03/2022 20:00,2
10/03/2022 19:48,4
10/03/2022 19:21,1
10/03/2022 18:57,4
10/03/2022 18:50,5
10/03/2022 18:46,4
10/03/2022 18:39,4
10/03/2022 18:31,5
10/03/2022 18:31,5
10/03/2022 18:30,2
10/03/2022 18:29,5
10/03/2022 18:22,1
10/03/2022 18:18,5
10/03/2022 18:09,1
10/03/2022 18:06,1
10/03/2022 17:54,4
10/03/2022 17:47,3
10/03/2022 17:47,1
10/03/2022 17:41,2
10/03/2022 17:30,1
10/03/2022 17:27,5
10/03/2022 17:22,5
10/03/2022 17:22,5
10/03/2022 17:19,3
10/03/2022 17:18,3
10/03/2022 17:16,2
10/03/2022 17:12,1
10/03/2022 17:06,3
10/03/2022 17:04,4
10/03/2022 16:59,1
10/03/2022 16:54,1
10/03/2022 16:52,1
10/03/2022 16:43,4
10/03/2022 16:37,4
10/03/2022 16:36,2
10/03/2022 16:33,1
10/03/2022 16:24,3
10/03/2022 16:18,1
10/03/2022 16:15,2
10/03/2022 16:15,2
10/03/2022 16:13,5
10/03/2022 16:01,4
10/03/2022 15:59,2
10/03/2022 15:55,1
10/03/2022 15:47,4
10/03/2022 15:46,4
10/03/2022 15:40,2
10/03/2022 15:24,5
10/03/2022 15:23,5
10/03/2022 15:18,1
10/03/2022 15:11,5
10/03/2022 15:04,3
10/03/2022 14:55,5
10/03/2022 14:53,5
10/03/2022 14:50,5
10/03/2022 14:35,1
10/03/2022 14:32,5
10/03/2022 14:30,3
10/03/2022 14:24,2
10/03/2022 14:17,5
10/03/2022 14:10,5
10/03/2022 14:06,2
10/03/2022 14:03,5
10/03/2022 13:55,5
10/03/2022 13:52,5
10/03/2022 13:46,2
10/03/2022 13:46,5
10/03/2022 13:44,4
10/03/2022 13:42,5
10/03/2022 13:39,4
10/03/2022 13:31,5
10/03/2022 13:20,1
10/03/2022 13:16,3
10/03/2022 13:03,3
10/03/2022 12:58,4
10/03/2022 12:50,5
10/03/2022 12:40,5
10/03/2022 12:40,5
10/03/2022 12:32,1
10/03/2022 12:21,1
10/03/2022 12:20,3
10/03/2022 12:19,3
10/03/2022 12:17,2
10/03/2022 12:08,2
10/03/2022 11:58,2
10/03/2022 11:53,5
10/03/2022 11:43,1
10/03/2022 11:37,1
10/03/2022 11:32,2
10/03/2022 11:28,1
10/03/2022 11:00,4
10/03/2022 11:00,2
10/03/2022 10:59,1
10/03/2022 10:43,1
10/03/2022 10:37,5
10/03/2022 10:13,1
10/03/2022 09:28,1
10/03/2022 09:20,1
10/03/2022 09:19,4
10/03/2022 08:38,1
10/03/2022 08:35,4
10/03/2022 07:52,2
10/03/2022 07:51,5
10/03/2022 07:41,5
10/03/2022 07:36,2
10/03/2022 07:33,2
10/03/2022 07:24,3
10/03/2022 07:24,4
10/03/2022 07:19,5
10/03/2022 07:19,5
10/03/2022 07:12,5
10/03/2022 07:11,1
10/03/2022 07:05,1
10/03/2022 07:03,4
10/03/2022 06:57,5
10/03/2022 06:54,1
10/03/2022 06:53,1
10/03/2022 06:35,1
10/03/2022 06:31,5
10/03/2022 06:17,1
10/03/2022 06:12,1
10/03/2022 06:04,5
10/03/2022 05:59,4
10/03/2022 05:58,1
10/03/2022 05:51,5
10/03/2022 05:50,5
10/03/2022 05:44,5
10/03/2022 05:27,5
10/03/2022 05:27,1
10/03/2022 05:15,5
10/03/2022 05:13,1
10/03/2022 05:13,2
10/03/2022 05:03,5
10/03/2022 04:58,5
10/03/2022 04:49,5
10/03/2022 04:45,5
10/03/2022 04:25,5
10/03/2022 04:24,1
10/03/2022 04:23,5
10/03/2022 04:11,1
10/03/2022 04:10,4
10/03/2022 04:07,1
10/03/2022 04:02,1
10/03/2022 03:30,3
10/03/2022 03:22,2
10/03/2022 03:22,4
10/03/2022 03:19,4
10/03/2022 03:17,5
10/03/2022 02:58,5
10/03/2022 02:55,4
10/03/2022 02:54,3
10/03/2022 02:53,2
10/03/2022 02:53,4
10/03/2022 02:15,1
10/03/2022 02:03,5
10/03/2022 01:45,2
10/03/2022 01:39,5
10/03/2022 01:38,1
10/03/2022 01:22,2
10/03/2022 01:16,1
10/03/2022 01:04,3
10/03/2022 01:03,4
10/03/2022 00:55,5
10/03/2022 00:51,5
10/03/2022 00:30,5
10/03/2022 00:27,1
10/03/2022 00:27,5
10/03/2022 00:16,5
09/03/2022 23:46,2
09/03/2022 23:41,1
09/03/2022 23:39,1
09/03/2022 23:36,3
09/03/2022 23:27,5
09/03/2022 23:26,5
09/03/2022 23:11,5
09/03/2022 23:01,5
09/03/2022 22:53,1
09/03/2022 22:51,5
09/03/2022 22:50,3
09/03/2022 22:46,5
09/03/2022 22:41,1
09/03/2022 22:36,5
09/03/2022 22:29,1
09/03/2022 22:26,2
09/03/2022 22:17,2
09/03/2022 22:08,1
09/03/2022 21:55,2
09/03/2022 21:43,5
09/03/2022 21:39,5
09/03/2022 21:39,3
09/03/2022 21:32,5
09/03/2022 21:18,5
09/03/2022 21:16,5
09/03/2022 21:15,1
09/03/2022 21:14,5
09/03/2022 21:02,1
09/03/2022 20:39,5
09/03/2022 20:37,4
09/03/2022 20:31,5
09/03/2022 20:29,5
09/03/2022 20:18,1
09/03/2022 20:16,5
09/03/2022 20:10,4
09/03/2022 19:56,3
09/03/2022 19:55,1
09/03/2022 19:48,2
09/03/2022 19:45,5
09/03/2022 19:45,5
09/03/2022 19:43,2
09/03/2022 19:40,3
09/03/2022 19:35,5
09/03/2022 19:30,3
09/03/2022 19:28,1
09/03/2022 19:21,4
09/03/2022 19:18,5
09/03/2022 19:03,4
09/03/2022 19:02,5
09/03/2022 19:02,5
09/03/2022 18:50,5
09/03/2022 18:45,3
09/03/2022 18:40,4
09/03/2022 18:37,5
09/03/2022 18:37,4
09/03/2022 18:37,4
09/03/2022 18:32,5
09/03/2022 18:29,1
09/03/2022 18:29,3
09/03/2022 18:27,1
09/03/2022 18:23,4
09/03/2022 18:22,4
09/03/2022 18:21,2
09/03/2022 18:16,2
09/03/2022 18:14,1
09/03/2022 18:12,1
09/03/2022 18:10,5
09/03/2022 18:10,5
09/03/2022 18:09,4
09/03/2022 18:07,5
09/03/2022 18:07,1
09/03/2022 17:56,1
09/03/2022 17:54,5
09/03/2022 17:51,1
09/03/2022 17:50,5
09/03/2022 17:48,5
09/03/2022 17:47,3
09/03/2022 17:36,2
09/03/2022 17:30,2
09/03/2022 17:28,5
09/03/2022 17:27,4
09/03/2022 17:22,3
09/03/2022 17:10,3
09/03/2022 16:58,1
09/03/2022 16:57,5
09/03/2022 16:54,2
09/03/2022 16:53,3
09/03/2022 16:47,1
09/03/2022 16:44,5
09/03/2022 16:44,2
09/03/2022 16:36,5
09/03/2022 16:32,4
09/03/2022 16:30,1
09/03/2022 16:29,1
09/03/2022 16:26,3
09/03/2022 16:22,4
09/03/2022 16:14,4
09/03/2022 16:11,3
09/03/2022 16:11,5
09/03/2022 16:08,1
09/03/2022 16:08,5
09/03/2022 16:07,1
09/03/2022 16:06,1
09/03/2022 16:05,5
09/03/2022 15:52,4
09/03/2022 15:50,4
09/03/2022 15:50,5
09/03/2022 15:49,3
09/03/2022 15:46,5
09/03/2022 15:46,5
09/03/2022 15:43,1
09/03/2022 15:38,1
09/03/2022 15:38,5
09/03/2022 15:26,1
09/03/2022 15:25,1
09/03/2022 15:25,5
09/03/2022 15:16,3
09/03/2022 15:15,1
09/03/2022 15:12,5
09/03/2022 15:11,1
09/03/2022 15:10,1
09/03/2022 15:04,1
09/03/2022 15:04,3
09/03/2022 15:04,4
09/03/2022 14:52,3
09/03/2022 14:49,1
09/03/2022 14:43,5
09/03/2022 14:43,5
09/03/2022 14:39,3
09/03/2022 14:34,5
09/03/2022 14:34,5
09/03/2022 14:34,5
09/03/2022 14:32,1
09/03/2022 14:32,5
09/03/2022 14:31,1
09/03/2022 14:26,5
09/03/2022 14:21,1
09/03/2022 14:20,1
09/03/2022 14:18,1
09/03/2022 14:17,5
09/03/2022 14:16,3
09/03/2022 14:14,2
09/03/2022 14:03,3
09/03/2022 13:58,1
09/03/2022 13:58,5
09/03/2022 13:55,1
09/03/2022 13:44,5
09/03/2022 13:38,5
09/03/2022 13:35,2
09/03/2022 13:30,1
09/03/2022 13:20,5
09/03/2022 13:09,2
09/03/2022 13:06,1
09/03/2022 13:02,5
09/03/2022 12:57,4
09/03/2022 12:52,5
09/03/2022 12:45,5
09/03/2022 12:45,4
09/03/2022 12:44,5
09/03/2022 12:44,5
09/03/2022 12:42,3
09/03/2022 12:40,3
09/03/2022 12:38,3
09/03/2022 12:37,5
09/03/2022 12:37,5
09/03/2022 12:34,5
09/03/2022 12:24,5
09/03/2022 12:24,5
09/03/2022 12:23,3
09/03/2022 12:22,5
09/03/2022 12:04,1
09/03/2022 12:02,5
09/03/2022 11:53,4
09/03/2022 11:48,1
09/03/2022 11:42,5
09/03/2022 11:39,4
09/03/2022 11:38,5
09/03/2022 11:32,2
09/03/2022 11:30,1
09/03/2022 11:27,2
09/03/2022 11:20,3
09/03/2022 11:16,4
09/03/2022 11:07,3
09/03/2022 11:06,5
09/03/2022 11:03,3
09/03/2022 11:02,1
09/03/2022 10:59,5
09/03/2022 10:56,1
09/03/2022 10:55,4
09/03/2022 10:53,4
09/03/2022 10:51,1
09/03/2022 10:47,4
09/03/2022 10:46,5
09/03/2022 10:42,5
09/03/2022 10:37,2
09/03/2022 10:35,3
09/03/2022 10:28,5
09/03/2022 10:28,5
09/03/2022 10:22,2
09/03/2022 10:16,1
09/03/2022 10:13,5
09/03/2022 10:09,1
09/03/2022 10:04,5
09/03/2022 10:02,5
09/03/2022 09:46,5
09/03/2022 09:44,5
09/03/2022 09:22,3
09/03/2022 09:22,3
09/03/2022 09:15,5
09/03/2022 08:52,1
09/03/2022 08:52,1
09/03/2022 08:50,3
09/03/2022 08:16,5
09/03/2022 08:11,5
09/03/2022 07:51,5
09/03/2022 07:45,1
09/03/2022 07:44,3
09/03/2022 07:44,3
09/03/2022 07:37,5
09/03/2022 07:34,5
09/03/2022 07:29,5
09/03/2022 07:27,1
09/03/2022 07:24,4
09/03/2022 07:22,5
09/03/2022 06:45,3
09/03/2022 06:44,5
09/03/2022 06:42,1
09/03/2022 06:41,3
09/03/2022 06:14,1
09/03/2022 06:05,1
09/03/2022 06:03,2
09/03/2022 06:00,1
09/03/2022 05:50,2
09/03/2022 05:48,1
09/03/2022 05:25,2
09/03/2022 05:24,1
09/03/2022 05:21,5
09/03/2022 05:12,4
09/03/2022 05:09,1
09/03/2022 05:03,5
09/03/2022 05:00,5
09/03/2022 04:47,5
09/03/2022 04:32,5
09/03/2022 04:29,4
09/03/2022 04:26,1
09/03/2022 04:18,3
09/03/2022 04:14,1
09/03/2022 04:09,2
09/03/2022 04:08,4
09/03/2022 03:59,5
09/03/2022 03:58,5
09/03/2022 03:53,5
09/03/2022 03:52,3
09/03/2022 03:37,2
09/03/2022 03:33,4
09/03/2022 03:28,4
09/03/2022 03:28,1
09/03/2022 03:22,4
09/03/2022 03:14,2
09/03/2022 03:12,1
09/03/2022 03:11,5
09/03/2022 03:01,1
09/03/2022 02:58,5
09/03/2022 02:49,2
09/03/2022 02:38,2
09/03/2022 02:34,3
09/03/2022 02:29,4
09/03/2022 02:27,3
09/03/2022 02:26,5
09/03/2022 02:23,4
09/03/2022 02:18,5
09/03/2022 02:16,5
09/03/2022 02:11,5
09/03/2022 01:55,3
09/03/2022 01:54,1
09/03/2022 01:54,1
09/03/2022 01:48,4
09/03/2022 01:46,5
09/03/2022 01:45,4
09/03/2022 01:36,4
09/03/2022 01:22,4
09/03/2022 01:22,1
09/03/2022 01:16,2
09/03/2022 01:13,5
09/03/2022 01:00,1
09/03/2022 00:53,1
09/03/2022 00:45,1
09/03/2022 00:19,5
09/03/2022 00:06,2
08/03/2022 23:58,5
08/03/2022 23:56,4
08/03/2022 23:56,3
08/03/2022 23:55,1
08/03/2022 23:51,4
08/03/2022 23:40,5
08/03/2022 23:40,5
08/03/2022 23:35,2
08/03/2022 23:21,1
08/03/2022 23:20,1
08/03/2022 23:17,1
08/03/2022 23:15,5
08/03/2022 23:13,5
08/03/2022 23:12,5
08/03/2022 23:11,1
08/03/2022 22:53,4
08/03/2022 22:41,5
08/03/2022 22:39,1
08/03/2022 22:35,1
08/03/2022 22:35,2
08/03/2022 22:20,1
08/03/2022 22:16,1
08/03/2022 22:16,1
08/03/2022 22:14,5
08/03/2022 22:12,2
08/03/2022 22:11,3
08/03/2022 22:10,3
08/03/2022 22:09,1
08/03/2022 22:06,1
08/03/2022 22:03,2
08/03/2022 22:00,5
08/03/2022 21:42,1
08/03/2022 21:40,1
08/03/2022 21:38,3
08/03/2022 21:38,5
08/03/2022 21:38,3
08/03/2022 21:26,4
08/03/2022 21:25,1
08/03/2022 21:24,5
08/03/2022 21:21,1
08/03/2022 21:17,1
08/03/2022 21:16,5
08/03/2022 21:14,1
08/03/2022 21:12,1
08/03/2022 21:11,5
08/03/2022 21:11,4
08/03/2022 21:09,5
08/03/2022 21:08,1
08/03/2022 21:02,1
08/03/2022 21:00,1
08/03/2022 20:58,4
08/03/2022 20:57,1
08/03/2022 20:55,1
08/03/2022 20:53,1
08/03/2022 20:52,5
08/03/2022 20:49,1
08/03/2022 20:48,1
08/03/2022 20:48,5
08/03/2022 20:46,1
08/03/2022 20:43,1
08/03/2022 20:40,1
08/03/2022 20:37,3
08/03/2022 20:36,4
08/03/2022 20:35,5
08/03/2022 20:34,4
08/03/2022 20:33,2
08/03/2022 20:27,3
08/03/2022 20:27,1
08/03/2022 20:26,1
08/03/2022 20:25,3
08/03/2022 20:23,5
08/03/2022 20:20,1
08/03/2022 20:20,2
08/03/2022 20:17,3
08/03/2022 20:14,1
08/03/2022 20:13,4
08/03/2022 20:13,3
08/03/2022 20:10,1
08/03/2022 20:09,1
08/03/2022 20:09,1
08/03/2022 20:03,1
08/03/2022 20:03,4
08/03/2022 20:02,5
08/03/2022 20:01,4
08/03/2022 19:59,1
08/03/2022 19:59,2
08/03/2022 19:58,1
08/03/2022 19:56,1
08/03/2022 19:55,1
08/03/2022 19:55,3
08/03/2022 19:54,1
08/03/2022 19:53,1
08/03/2022 19:53,1
08/03/2022 19:53,1
08/03/2022 19:51,5
08/03/2022 19:51,4
08/03/2022 19:49,3
08/03/2022 19:48,1
08/03/2022 19:47,4
08/03/2022 19:46,5
08/03/2022 19:46,2
08/03/2022 19:44,1
08/03/2022 19:43,2
08/03/2022 19:43,1
08/03/2022 19:39,5
08/03/2022 19:39,1
08/03/2022 19:39,1
08/03/2022 19:39,2
08/03/2022 19:37,1
08/03/2022 19:36,1
08/03/2022 19:36,3
08/03/2022 19:36,1
08/03/2022 19:35,1
08/03/2022 19:35,2
08/03/2022 19:34,4
08/03/2022 19:34,1
08/03/2022 19:34,1
08/03/2022 19:32,5
08/03/2022 19:32,1
08/03/2022 19:32,1
08/03/2022 19:31,1
08/03/2022 19:31,1
08/03/2022 19:30,1
08/03/2022 19:30,1
08/03/2022 19:29,1
08/03/2022 19:28,1
08/03/2022 19:27,4
08/03/2022 19:27,2
08/03/2022 19:27,1
08/03/2022 19:27,2
08/03/2022 19:27,1
08/03/2022 19:26,1
08/03/2022 19:26,5
08/03/2022 19:26,1
08/03/2022 19:25,1
08/03/2022 19:25,2
08/03/2022 19:25,1
08/03/2022 19:25,1
08/03/2022 19:24,1
08/03/2022 19:24,3
08/03/2022 19:24,3
08/03/2022 19:24,3
08/03/2022 19:23,2
08/03/2022 19:22,5
08/03/2022 19:22,1
08/03/2022 19:22,1
08/03/2022 19:21,1
08/03/2022 19:21,3
08/03/2022 19:21,5
08/03/2022 19:21,1
08/03/2022 19:20,1
08/03/2022 19:20,4
08/03/2022 19:20,5
08/03/2022 19:19,4
08/03/2022 19:19,4
08/03/2022 19:19,4
08/03/2022 19:18,3
08/03/2022 19:18,4
08/03/2022 19:18,1
08/03/2022 19:18,3
08/03/2022 19:17,1
08/03/2022 19:17,1
08/03/2022 19:17,5
08/03/2022 19:17,1
08/03/2022 19:17,1
08/03/2022 19:16,1
08/03/2022 19:16,3
08/03/2022 19:16,1
08/03/2022 19:16,1
08/03/2022 19:15,1
08/03/2022 19:15,1
08/03/2022 19:15,2
08/03/2022 19:14,1
08/03/2022 19:14,1
08/03/2022 19:14,1
08/03/2022 19:14,1
08/03/2022 19:14,1
08/03/2022 19:14,3
08/03/2022 19:14,1
08/03/2022 19:14,1
08/03/2022 19:14,1
08/03/2022 19:14,1
08/03/2022 19:14,4
08/03/2022 19:13,3
08/03/2022 19:13,1
08/03/2022 19:13,1
08/03/2022 19:13,2
08/03/2022 19:13,1
08/03/2022 19:13,1
08/03/2022 19:13,2
08/03/2022 19:12,3
08/03/2022 19:12,2
08/03/2022 19:12,2
08/03/2022 19:12,1
08/03/2022 19:12,1
08/03/2022 19:12,1
08/03/2022 19:12,1
08/03/2022 19:12,2
08/03/2022 19:12,1
08/03/2022 19:11,1
08/03/2022 19:11,1
08/03/2022 19:11,1
08/03/2022 19:11,1
08/03/2022 19:11,1
08/03/2022 19:11,1
08/03/2022 19:11,1
08/03/2022 19:11,2
08/03/2022 19:10,1
08/03/2022 19:10,2
08/03/2022 19:10,5
08/03/2022 19:10,5
08/03/2022 19:10,1
08/03/2022 19:10,1
08/03/2022 19:10,3
08/03/2022 19:10,5
08/03/2022 19:09,1
08/03/2022 19:09,1
08/03/2022 19:09,4
08/03/2022 19:09,2
08/03/2022 19:09,2
08/03/2022 19:09,3
08/03/2022 19:09,1
08/03/2022 19:09,1
08/03/2022 19:09,1
08/03/2022 19:09,3
08/03/2022 19:08,1
08/03/2022 19:08,1
08/03/2022 19:08,1
08/03/2022 19:08,1
08/03/2022 19:08,1
08/03/2022 19:08,3
08/03/2022 19:08,1
08/03/2022 19:08,3
08/03/2022 19:08,2
08/03/2022 19:07,1
08/03/2022 19:07,3
08/03/2022 19:07,1
08/03/2022 19:07,1
08/03/2022 19:07,4
08/03/2022 19:07,1
08/03/2022 19:07,1
08/03/2022 19:07,1
08/03/2022 19:06,1
08/03/2022 19:06,2
08/03/2022 19:06,1
08/03/2022 19:06,1
08/03/2022 19:06,1
08/03/2022 19:06,1
08/03/2022 19:06,1
08/03/2022 19:06,3
08/03/2022 19:06,1
08/03/2022 19:06,1
08/03/2022 19:06,3
08/03/2022 19:06,1
08/03/2022 19:06,2
08/03/2022 19:06,1
08/03/2022 19:06,1
08/03/2022 19:06,1
08/03/2022 19:06,1
08/03/2022 19:05,1
08/03/2022 19:05,5
08/03/2022 19:05,1
08/03/2022 19:05,1
08/03/2022 19:05,2
08/03/2022 19:05,1
08/03/2022 19:05,1
08/03/2022 19:05,1
08/03/2022 19:05,1
08/03/2022 19:05,1
08/03/2022 19:04,3
08/03/2022 19:04,5
08/03/2022 19:04,1
08/03/2022 19:04,1
08/03/2022 19:04,1
08/03/2022 19:04,1
08/03/2022 19:04,3
08/03/2022 19:04,1
08/03/2022 19:04,2
08/03/2022 19:04,2
08/03/2022 19:04,1
08/03/2022 19:04,1
08/03/2022 19:04,2
08/03/2022 19:03,1
08/03/2022 19:03,1
08/03/2022 19:03,1
08/03/2022 19:03,2
08/03/2022 19:03,1
08/03/2022 19:02,1
08/03/2022 19:02,2
08/03/2022 19:02,3
08/03/2022 19:02,1
08/03/2022 19:02,1
08/03/2022 19:02,1
08/03/2022 19:02,2
08/03/2022 19:02,3
08/03/2022 19:02,3
08/03/2022 19:02,1
08/03/2022 19:02,1
08/03/2022 19:01,3
08/03/2022 19:01,2
08/03/2022 19:01,4
08/03/2022 19:01,2
08/03/2022 19:01,1
08/03/2022 19:01,1
08/03/2022 19:01,1
08/03/2022 19:01,1
08/03/2022 19:01,1
08/03/2022 19:01,2
08/03/2022 19:01,1
08/03/2022 19:01,1
08/03/2022 19:01,3
08/03/2022 19:01,1
08/03/2022 19:01,1
08/03/2022 19:01,1
08/03/2022 19:01,1
08/03/2022 19:00,1
08/03/2022 19:00,1
08/03/2022 19:00,2
08/03/2022 19:00,1
08/03/2022 19:00,2
08/03/2022 19:00,2
08/03/2022 19:00,1
08/03/2022 19:00,1
08/03/2022 19:00,1
08/03/2022 19:00,1
08/03/2022 19:00,3
08/03/2022 19:00,1
08/03/2022 19:00,1
08/03/2022 19:00,1
08/03/2022 19:00,2
08/03/2022 19:00,1
08/03/2022 19:00,1
08/03/2022 18:59,1
08/03/2022 18:59,1
08/03/2022 18:59,4
08/03/2022 18:59,1
08/03/2022 18:59,1
08/03/2022 18:59,3
08/03/2022 18:59,1
08/03/2022 18:59,1
08/03/2022 18:59,1
08/03/2022 18:59,1
08/03/2022 18:59,1
08/03/2022 18:59,2
08/03/2022 18:59,1
08/03/2022 18:59,2
08/03/2022 18:59,1
08/03/2022 18:59,1
08/03/2022 18:59,1
08/03/2022 18:59,1
08/03/2022 18:59,1
08/03/2022 18:58,1
08/03/2022 18:58,2
08/03/2022 18:58,1
08/03/2022 18:58,1
08/03/2022 18:58,2
08/03/2022 18:58,1
08/03/2022 18:58,1
08/03/2022 18:58,1
08/03/2022 18:58,1
08/03/2022 18:58,2
08/03/2022 18:58,2
08/03/2022 18:58,1
08/03/2022 18:58,1
08/03/2022 18:57,2
08/03/2022 18:57,1
08/03/2022 18:57,2
08/03/2022 18:57,2
08/03/2022 18:57,5
08/03/2022 18:57,1
08/03/2022 18:57,5
08/03/2022 18:57,1
08/03/2022 18:57,1
08/03/2022 18:57,1
08/03/2022 18:57,3
08/03/2022 18:57,1
08/03/2022 18:57,1
08/03/2022 18:57,1
08/03/2022 18:57,3
08/03/2022 18:57,3
08/03/2022 18:57,1
08/03/2022 18:57,1
08/03/2022 18:57,1
08/03/2022 18:56,3
08/03/2022 18:56,2
08/03/2022 18:56,1
08/03/2022 18:56,1
08/03/2022 18:56,1
08/03/2022 18:56,1
08/03/2022 18:56,1
08/03/2022 18:56,3
08/03/2022 18:56,1
08/03/2022 18:56,2
08/03/2022 18:56,1
08/03/2022 18:56,4
08/03/2022 18:56,1
08/03/2022 18:56,1
08/03/2022 18:56,2
08/03/2022 18:56,2
08/03/2022 18:56,5
08/03/2022 18:56,2
08/03/2022 18:56,2
08/03/2022 18:56,1
08/03/2022 18:55,4
08/03/2022 18:55,1
08/03/2022 18:55,4
08/03/2022 18:55,1
08/03/2022 18:55,1
08/03/2022 18:55,3
08/03/2022 18:55,1
08/03/2022 18:55,1
08/03/2022 18:55,1
08/03/2022 18:55,1
08/03/2022 18:55,2
08/03/2022 18:55,1
08/03/2022 18:55,1
08/03/2022 18:55,1
08/03/2022 18:55,1
08/03/2022 18:55,1
08/03/2022 18:55,2
08/03/2022 18:55,1
08/03/2022 18:55,1
08/03/2022 18:55,1
08/03/2022 18:54,1
08/03/2022 18:54,1
08/03/2022 18:54,1
08/03/2022 18:54,1
08/03/2022 18:54,5
08/03/2022 18:54,3
08/03/2022 18:54,1
08/03/2022 18:54,1
08/03/2022 18:54,1
08/03/2022 18:54,1
08/03/2022 18:54,1
08/03/2022 18:54,1
08/03/2022 18:54,5
08/03/2022 18:54,1
08/03/2022 18:54,2
08/03/2022 18:54,1
08/03/2022 18:54,1
08/03/2022 18:54,1
08/03/2022 18:54,1
08/03/2022 18:54,1
08/03/2022 18:54,5
08/03/2022 18:54,1
08/03/2022 18:54,1
08/03/2022 18:54,1
08/03/2022 18:54,1
08/03/2022 18:54,1
08/03/2022 18:54,1
08/03/2022 18:54,2
08/03/2022 18:54,1
08/03/2022 18:53,1
08/03/2022 18:53,1
08/03/2022 18:53,3
08/03/2022 18:53,3
08/03/2022 18:53,2
08/03/2022 18:53,1
08/03/2022 18:53,1
08/03/2022 18:53,1
08/03/2022 18:53,1
08/03/2022 18:53,3
08/03/2022 18:53,1
08/03/2022 18:53,1
08/03/2022 18:53,2
08/03/2022 18:52,1
08/03/2022 18:52,1
08/03/2022 18:52,1
08/03/2022 18:52,3
08/03/2022 18:52,1
08/03/2022 18:52,1
08/03/2022 18:52,1
08/03/2022 18:52,1
08/03/2022 18:52,1
08/03/2022 18:52,1
08/03/2022 18:52,1
08/03/2022 18:52,4
08/03/2022 18:52,1
08/03/2022 18:52,1
08/03/2022 18:52,1
08/03/2022 18:52,1
08/03/2022 18:52,1
08/03/2022 18:51,1
08/03/2022 18:51,1
08/03/2022 18:51,1
08/03/2022 18:51,4
08/03/2022 18:51,1
08/03/2022 18:51,2
08/03/2022 18:51,3
08/03/2022 18:51,2
08/03/2022 18:51,1
08/03/2022 18:51,2
08/03/2022 18:51,1
08/03/2022 18:51,1
08/03/2022 18:51,3
08/03/2022 18:51,5
08/03/2022 18:51,1
08/03/2022 18:51,1
08/03/2022 18:51,2
08/03/2022 18:51,1
08/03/2022 18:51,3
08/03/2022 18:51,1
08/03/2022 18:51,1
08/03/2022 18:51,2
08/03/2022 18:51,1
08/03/2022 18:51,2
08/03/2022 18:51,1
08/03/2022 18:51,2
08/03/2022 18:51,3
08/03/2022 18:50,1
08/03/2022 18:50,1
08/03/2022 18:50,4
08/03/2022 18:50,1
08/03/2022 18:50,1
08/03/2022 18:50,5
08/03/2022 18:50,1
08/03/2022 18:50,5
08/03/2022 18:50,3
08/03/2022 18:50,1
08/03/2022 18:50,1
08/03/2022 18:50,1
08/03/2022 18:50,1
08/03/2022 18:50,1
08/03/2022 18:50,1
08/03/2022 18:50,1
08/03/2022 18:50,1
08/03/2022 18:50,1
08/03/2022 18:50,1
08/03/2022 18:50,2
08/03/2022 18:50,1
08/03/2022 18:50,1
08/03/2022 18:49,2
08/03/2022 18:49,1
08/03/2022 18:49,1
08/03/2022 18:49,1
08/03/2022 18:49,1
08/03/2022 18:49,1
08/03/2022 18:49,1
08/03/2022 18:49,5
08/03/2022 18:49,1
08/03/2022 18:49,2
08/03/2022 18:49,5
08/03/2022 18:49,1
08/03/2022 18:49,3
08/03/2022 18:49,3
08/03/2022 18:49,4
08/03/2022 18:49,1
08/03/2022 18:49,3
08/03/2022 18:49,2
08/03/2022 18:49,1
08/03/2022 18:49,2
08/03/2022 18:49,1
08/03/2022 18:49,1
08/03/2022 18:49,1
08/03/2022 18:49,3
08/03/2022 18:49,1
08/03/2022 18:49,4
08/03/2022 18:48,1
08/03/2022 18:48,1
08/03/2022 18:48,1
08/03/2022 18:48,1
08/03/2022 18:48,1
08/03/2022 18:48,1
08/03/2022 18:48,3
08/03/2022 18:48,1
08/03/2022 18:48,1
08/03/2022 18:48,1
08/03/2022 18:48,1
08/03/2022 18:48,1
08/03/2022 18:48,1
08/03/2022 18:48,4
08/03/2022 18:48,1
08/03/2022 18:48,3
08/03/2022 18:48,1
08/03/2022 18:48,1
08/03/2022 18:48,4
08/03/2022 18:47,1
08/03/2022 18:47,1
08/03/2022 18:47,1
08/03/2022 18:47,1
08/03/2022 18:47,1
08/03/2022 18:47,1
08/03/2022 18:47,1
08/03/2022 18:47,1
08/03/2022 18:47,1
08/03/2022 18:47,1
08/03/2022 18:47,5
08/03/2022 18:47,1
08/03/2022 18:47,4
08/03/2022 18:47,1
08/03/2022 18:47,2
08/03/2022 18:47,1
08/03/2022 18:47,1
08/03/2022 18:46,1
08/03/2022 18:46,2
08/03/2022 18:46,3
08/03/2022 18:46,1
08/03/2022 18:46,1
08/03/2022 18:46,1
08/03/2022 18:46,2
08/03/2022 18:46,3
08/03/2022 18:46,1
08/03/2022 18:46,2
08/03/2022 18:46,1
08/03/2022 18:46,3
08/03/2022 18:46,5
08/03/2022 18:46,1
08/03/2022 18:46,5
08/03/2022 18:46,3
08/03/2022 18:46,2
08/03/2022 18:46,5
08/03/2022 18:46,1
08/03/2022 18:46,1
08/03/2022 18:46,5
08/03/2022 18:45,5
08/03/2022 18:45,3
08/03/2022 18:45,1
08/03/2022 18:45,3
08/03/2022 18:45,1
08/03/2022 18:45,1
08/03/2022 18:45,1
08/03/2022 18:45,2
08/03/2022 18:45,3
08/03/2022 18:45,1
08/03/2022 18:45,1
08/03/2022 18:45,1
08/03/2022 18:45,5
08/03/2022 18:45,1
08/03/2022 18:45,3
08/03/2022 18:45,1
08/03/2022 18:45,1
08/03/2022 18:45,1
08/03/2022 18:45,2
08/03/2022 18:45,1
08/03/2022 18:45,1
08/03/2022 18:45,1
08/03/2022 18:44,1
08/03/2022 18:44,5
08/03/2022 18:44,1
08/03/2022 18:44,1
08/03/2022 18:44,1
08/03/2022 18:44,1
08/03/2022 18:44,1
08/03/2022 18:44,1
08/03/2022 18:44,1
08/03/2022 18:44,1
08/03/2022 18:44,1
08/03/2022 18:44,3
08/03/2022 18:44,1
08/03/2022 18:44,1
08/03/2022 18:44,1
08/03/2022 18:44,3
08/03/2022 18:44,4
08/03/2022 18:44,1
08/03/2022 18:44,3
08/03/2022 18:44,1
08/03/2022 18:43,4
08/03/2022 18:43,1
08/03/2022 18:43,2
08/03/2022 18:43,1
08/03/2022 18:43,1
08/03/2022 18:43,3
08/03/2022 18:43,1
08/03/2022 18:43,1
08/03/2022 18:43,1
08/03/2022 18:43,3
08/03/2022 18:43,1
08/03/2022 18:43,1
08/03/2022 18:43,1
08/03/2022 18:43,1
08/03/2022 18:43,3
08/03/2022 18:43,1
08/03/2022 18:43,2
08/03/2022 18:43,1
08/03/2022 18:42,1
08/03/2022 18:42,1
08/03/2022 18:42,1
08/03/2022 18:42,1
08/03/2022 18:42,1
08/03/2022 18:42,2
08/03/2022 18:42,5
08/03/2022 18:42,1
08/03/2022 18:42,1
08/03/2022 18:42,1
08/03/2022 18:42,1
08/03/2022 18:42,1
08/03/2022 18:42,1
08/03/2022 18:42,1
08/03/2022 18:42,1
08/03/2022 18:42,1
08/03/2022 18:42,1
08/03/2022 18:42,1
08/03/2022 18:42,2
08/03/2022 18:42,1
08/03/2022 18:42,1
08/03/2022 18:42,1
08/03/2022 18:41,1
08/03/2022 18:41,3
08/03/2022 18:41,2
08/03/2022 18:41,5
08/03/2022 18:41,1
08/03/2022 18:41,1
08/03/2022 18:41,1
08/03/2022 18:41,1
08/03/2022 18:41,2
08/03/2022 18:41,4
08/03/2022 18:41,1
08/03/2022 18:41,2
08/03/2022 18:41,1
08/03/2022 18:41,1
08/03/2022 18:41,1
08/03/2022 18:41,1
08/03/2022 18:41,1
08/03/2022 18:41,1
08/03/2022 18:41,1
08/03/2022 18:41,1
08/03/2022 18:41,3
08/03/2022 18:41,2
08/03/2022 18:41,2
08/03/2022 18:41,1
08/03/2022 18:41,4
08/03/2022 18:41,3
08/03/2022 18:41,1
08/03/2022 18:41,1
08/03/2022 18:41,2
08/03/2022 18:41,1
08/03/2022 18:41,3
08/03/2022 18:41,2
08/03/2022 18:40,1
08/03/2022 18:40,1
08/03/2022 18:40,1
08/03/2022 18:40,2
08/03/2022 18:40,1
08/03/2022 18:40,5
08/03/2022 18:40,1
08/03/2022 18:40,1
08/03/2022 18:40,1
08/03/2022 18:40,2
08/03/2022 18:40,1
08/03/2022 18:40,3
08/03/2022 18:40,1
08/03/2022 18:40,1
08/03/2022 18:40,2
08/03/2022 18:40,4
08/03/2022 18:40,1
08/03/2022 18:40,1
08/03/2022 18:40,1
08/03/2022 18:40,1
08/03/2022 18:39,2
08/03/2022 18:39,1
08/03/2022 18:39,3
08/03/2022 18:39,1
08/03/2022 18:39,5
08/03/2022 18:39,5
08/03/2022 18:39,2
08/03/2022 18:39,5
08/03/2022 18:39,4
08/03/2022 18:39,3
08/03/2022 18:39,3
08/03/2022 18:39,1
08/03/2022 18:39,1
08/03/2022 18:39,1
08/03/2022 18:39,5
08/03/2022 18:39,1
08/03/2022 18:39,1
08/03/2022 18:39,1
08/03/2022 18:39,1
08/03/2022 18:39,4
08/03/2022 18:38,2
08/03/2022 18:38,1
08/03/2022 18:38,1
08/03/2022 18:38,1
08/03/2022 18:38,1
08/03/2022 18:38,1
08/03/2022 18:38,1
08/03/2022 18:38,2
08/03/2022 18:38,1
08/03/2022 18:38,1
08/03/2022 18:38,1
08/03/2022 18:38,1
08/03/2022 18:38,1
08/03/2022 18:38,1
08/03/2022 18:38,3
08/03/2022 18:38,1
08/03/2022 18:38,1
08/03/2022 18:38,1
08/03/2022 18:38,3
08/03/2022 18:38,1
08/03/2022 18:38,1
08/03/2022 18:38,1
08/03/2022 18:37,4
08/03/2022 18:37,2
08/03/2022 18:37,1
08/03/2022 18:37,3
08/03/2022 18:37,1
08/03/2022 18:37,1
08/03/2022 18:37,2
08/03/2022 18:37,1
08/03/2022 18:37,2
08/03/2022 18:37,1
08/03/2022 18:37,1
08/03/2022 18:37,2
08/03/2022 18:37,1
08/03/2022 18:37,1
08/03/2022 18:37,5
08/03/2022 18:37,2
08/03/2022 18:37,1
08/03/2022 18:37,1
08/03/2022 18:37,2
08/03/2022 18:37,1
08/03/2022 18:37,1
08/03/2022 18:37,1
08/03/2022 18:37,1
08/03/2022 18:37,1
08/03/2022 18:37,1
08/03/2022 18:36,1
08/03/2022 18:36,1
08/03/2022 18:36,1
08/03/2022 18:36,1
08/03/2022 18:36,3
08/03/2022 18:36,5
08/03/2022 18:36,1
08/03/2022 18:36,2
08/03/2022 18:36,1
08/03/2022 18:36,1
08/03/2022 18:36,1
08/03/2022 18:36,1
08/03/2022 18:36,2
08/03/2022 18:36,1
08/03/2022 18:36,2
08/03/2022 18:35,1
08/03/2022 18:35,3
08/03/2022 18:35,3
08/03/2022 18:35,1
08/03/2022 18:35,3
08/03/2022 18:35,1
08/03/2022 18:35,2
08/03/2022 18:35,1
08/03/2022 18:35,1
08/03/2022 18:35,1
08/03/2022 18:35,1
08/03/2022 18:35,1
08/03/2022 18:35,1
08/03/2022 18:35,1
08/03/2022 18:35,1
08/03/2022 18:35,2
08/03/2022 18:34,1
08/03/2022 18:34,2
08/03/2022 18:34,1
08/03/2022 18:34,1
08/03/2022 18:34,1
08/03/2022 18:34,1
08/03/2022 18:34,2
08/03/2022 18:34,1
08/03/2022 18:34,1
08/03/2022 18:34,1
08/03/2022 18:34,1
08/03/2022 18:34,3
08/03/2022 18:34,1
08/03/2022 18:34,1
08/03/2022 18:34,1
08/03/2022 18:34,1
08/03/2022 18:34,1
08/03/2022 18:34,1
08/03/2022 18:34,5
08/03/2022 18:33,5
08/03/2022 18:33,1
08/03/2022 18:33,3
08/03/2022 18:33,1
08/03/2022 18:33,4
08/03/2022 18:33,1
08/03/2022 18:33,1
08/03/2022 18:33,1
08/03/2022 18:33,3
08/03/2022 18:33,1
08/03/2022 18:33,1
08/03/2022 18:33,3
08/03/2022 18:33,1
08/03/2022 18:33,2
08/03/2022 18:33,1
08/03/2022 18:33,3
08/03/2022 18:32,1
08/03/2022 18:32,3
08/03/2022 18:32,1
08/03/2022 18:32,3
08/03/2022 18:32,1
08/03/2022 18:32,1
08/03/2022 18:32,3
08/03/2022 18:32,1
08/03/2022 18:32,2
08/03/2022 18:32,1
08/03/2022 18:32,1
08/03/2022 18:32,2
08/03/2022 18:32,1
08/03/2022 18:32,5
08/03/2022 18:31,2
08/03/2022 18:31,2
08/03/2022 18:31,1
08/03/2022 18:31,1
08/03/2022 18:31,1
08/03/2022 18:31,4
08/03/2022 18:31,1
08/03/2022 18:31,1
08/03/2022 18:31,2
08/03/2022 18:31,1
08/03/2022 18:31,4
08/03/2022 18:31,1
08/03/2022 18:31,3
08/03/2022 18:31,2
08/03/2022 18:31,2
08/03/2022 18:31,1
08/03/2022 18:31,1
08/03/2022 18:31,2
08/03/2022 18:31,2
08/03/2022 18:31,1
08/03/2022 18:31,1
08/03/2022 18:31,1
08/03/2022 18:31,3
08/03/2022 18:31,2
08/03/2022 18:31,1
08/03/2022 18:30,2
08/03/2022 18:30,1
08/03/2022 18:30,1
08/03/2022 18:30,1
08/03/2022 18:30,2
08/03/2022 18:30,1
08/03/2022 18:30,1
08/03/2022 18:30,1
08/03/2022 18:30,1
08/03/2022 18:30,1
08/03/2022 18:30,1
08/03/2022 18:30,1
08/03/2022 18:30,1
08/03/2022 18:30,1
08/03/2022 18:30,1
08/03/2022 18:30,1
08/03/2022 18:30,1
08/03/2022 18:30,2
08/03/2022 18:30,1
08/03/2022 18:30,1
08/03/2022 18:30,1
08/03/2022 18:30,1
08/03/2022 18:30,1
08/03/2022 18:30,2
08/03/2022 18:30,1
08/03/2022 18:30,1
08/03/2022 18:30,1
08/03/2022 18:29,1
08/03/2022 18:29,2
08/03/2022 18:29,2
08/03/2022 18:29,1
08/03/2022 18:29,1
08/03/2022 18:29,1
08/03/2022 18:29,1
08/03/2022 18:29,1
08/03/2022 18:29,5
08/03/2022 18:29,4
08/03/2022 18:29,1
08/03/2022 18:29,4
08/03/2022 18:29,1
08/03/2022 18:29,3
08/03/2022 18:29,5
08/03/2022 18:29,2
08/03/2022 18:29,1
08/03/2022 18:29,1
08/03/2022 18:29,4
08/03/2022 18:28,1
08/03/2022 18:28,1
08/03/2022 18:28,1
08/03/2022 18:28,1
08/03/2022 18:28,1
08/03/2022 18:28,1
08/03/2022 18:28,1
08/03/2022 18:28,1
08/03/2022 18:28,1
08/03/2022 18:28,1
08/03/2022 18:28,1
08/03/2022 18:28,3
08/03/2022 18:28,2
08/03/2022 18:28,2
08/03/2022 18:27,4
08/03/2022 18:27,1
08/03/2022 18:27,1
08/03/2022 18:27,1
08/03/2022 18:27,1
08/03/2022 18:27,1
08/03/2022 18:27,1
08/03/2022 18:27,1
08/03/2022 18:27,1
08/03/2022 18:27,1
08/03/2022 18:27,1
08/03/2022 18:27,1
08/03/2022 18:27,1
08/03/2022 18:27,1
08/03/2022 18:26,2
08/03/2022 18:26,1
08/03/2022 18:26,3
08/03/2022 18:26,1
08/03/2022 18:26,1
08/03/2022 18:26,1
08/03/2022 18:26,1
08/03/2022 18:26,1
08/03/2022 18:26,1
08/03/2022 18:26,5
08/03/2022 18:26,1
08/03/2022 18:25,4
08/03/2022 18:25,1
08/03/2022 18:25,3
08/03/2022 18:25,1
08/03/2022 18:25,1
08/03/2022 18:25,1
08/03/2022 18:25,1
08/03/2022 18:25,4
08/03/2022 18:25,1
08/03/2022 18:25,1
08/03/2022 18:25,1
08/03/2022 18:25,5
08/03/2022 18:24,1
08/03/2022 18:24,1
08/03/2022 18:24,1
08/03/2022 18:24,3
08/03/2022 18:24,4
08/03/2022 18:24,1
08/03/2022 18:24,1
08/03/2022 18:24,1
08/03/2022 18:24,1
08/03/2022 18:24,1
08/03/2022 18:24,2
08/03/2022 18:24,1
08/03/2022 18:24,1
08/03/2022 18:24,1
08/03/2022 18:24,2
08/03/2022 18:24,1
08/03/2022 18:24,1
08/03/2022 18:24,1
08/03/2022 18:24,5
08/03/2022 18:24,4
08/03/2022 18:23,2
08/03/2022 18:23,1
08/03/2022 18:23,1
08/03/2022 18:23,1
08/03/2022 18:23,1
08/03/2022 18:23,1
08/03/2022 18:23,1
08/03/2022 18:23,1
08/03/2022 18:23,1
08/03/2022 18:23,1
08/03/2022 18:23,1
08/03/2022 18:23,1
08/03/2022 18:23,1
08/03/2022 18:23,2
08/03/2022 18:23,1
08/03/2022 18:22,1
08/03/2022 18:22,1
08/03/2022 18:22,1
08/03/2022 18:22,2
08/03/2022 18:22,1
08/03/2022 18:22,2
08/03/2022 18:22,2
08/03/2022 18:22,2
08/03/2022 18:22,1
08/03/2022 18:22,2
08/03/2022 18:22,4
08/03/2022 18:22,1
08/03/2022 18:22,1
08/03/2022 18:22,1
08/03/2022 18:21,2
08/03/2022 18:21,1
08/03/2022 18:21,1
08/03/2022 18:21,1
08/03/2022 18:21,1
08/03/2022 18:21,5
08/03/2022 18:21,1
08/03/2022 18:21,1
08/03/2022 18:21,1
08/03/2022 18:21,1
08/03/2022 18:21,1
08/03/2022 18:20,1
08/03/2022 18:20,3
08/03/2022 18:20,3
08/03/2022 18:20,1
08/03/2022 18:20,1
08/03/2022 18:20,4
08/03/2022 18:19,1
08/03/2022 18:19,1
08/03/2022 18:19,1
08/03/2022 18:19,1
08/03/2022 18:19,2
08/03/2022 18:19,5
08/03/2022 18:19,2
08/03/2022 18:19,1
08/03/2022 18:19,3
08/03/2022 18:19,1
08/03/2022 18:19,1
08/03/2022 18:18,1
08/03/2022 18:18,5
08/03/2022 18:18,1
08/03/2022 18:18,1
08/03/2022 18:18,1
08/03/2022 18:17,1
08/03/2022 18:17,1
08/03/2022 18:17,1
08/03/2022 18:16,1
08/03/2022 18:16,3
08/03/2022 18:16,1
08/03/2022 18:16,1
08/03/2022 18:16,3
08/03/2022 18:16,1
08/03/2022 18:15,2
08/03/2022 18:15,4
08/03/2022 18:15,1
08/03/2022 18:14,4
08/03/2022 18:14,1
08/03/2022 18:14,2
08/03/2022 18:14,1
08/03/2022 18:14,1
08/03/2022 18:14,1
08/03/2022 18:14,1
08/03/2022 18:13,3
08/03/2022 18:13,2
08/03/2022 18:13,1
08/03/2022 18:12,1
08/03/2022 18:11,1
08/03/2022 18:09,5
08/03/2022 18:07,5
08/03/2022 18:04,1
08/03/2022 18:00,1
08/03/2022 17:57,1
08/03/2022 17:53,1
08/03/2022 17:52,4
08/03/2022 17:51,2
08/03/2022 17:49,1
08/03/2022 17:47,4
08/03/2022 17:47,1
08/03/2022 17:43,4
08/03/2022 17:26,3
08/03/2022 17:22,5
08/03/2022 17:15,4
08/03/2022 17:13,5
08/03/2022 16:59,5
08/03/2022 16:53,4
08/03/2022 16:49,5
08/03/2022 16:48,1
08/03/2022 16:40,2
08/03/2022 16:36,2
08/03/2022 16:35,5
08/03/2022 16:33,1
08/03/2022 16:14,3
08/03/2022 16:11,4
08/03/2022 16:07,5
08/03/2022 16:05,3
08/03/2022 16:03,5
08/03/2022 15:59,5
08/03/2022 15:58,4
08/03/2022 15:57,1
08/03/2022 15:54,1
08/03/2022 15:51,2
08/03/2022 15:48,5
08/03/2022 15:47,1
08/03/2022 15:45,1
08/03/2022 15:42,5
08/03/2022 15:38,3
08/03/2022 15:38,3
08/03/2022 15:37,5
08/03/2022 15:31,5
08/03/2022 15:30,5
08/03/2022 15:23,1
08/03/2022 15:18,1
08/03/2022 15:16,1
08/03/2022 15:14,2
08/03/2022 15:11,1
08/03/2022 14:59,5
08/03/2022 14:59,4
08/03/2022 14:54,2
08/03/2022 14:41,2
08/03/2022 14:39,5
08/03/2022 14:38,5
08/03/2022 14:35,5
08/03/2022 14:25,4
08/03/2022 14:10,1
08/03/2022 14:06,1
08/03/2022 13:46,2
08/03/2022 13:42,1
08/03/2022 13:33,5
08/03/2022 13:28,5
08/03/2022 13:24,4
08/03/2022 13:22,5
08/03/2022 13:18,1
08/03/2022 12:59,1
08/03/2022 12:54,4
08/03/2022 12:51,1
08/03/2022 12:45,5
08/03/2022 12:44,3
08/03/2022 12:40,3
08/03/2022 12:39,4
08/03/2022 12:37,5
08/03/2022 12:24,1
08/03/2022 12:08,5
08/03/2022 12:00,1
08/03/2022 11:30,3
08/03/2022 11:08,4
08/03/2022 11:04,5
08/03/2022 10:37,5
08/03/2022 10:28,3
08/03/2022 10:17,4
08/03/2022 10:15,5
08/03/2022 10:14,4
08/03/2022 10:03,2
08/03/2022 09:52,5
08/03/2022 09:51,5
08/03/2022 09:51,1
08/03/2022 09:46,1
08/03/2022 09:40,4
08/03/2022 09:35,1
08/03/2022 09:30,4
08/03/2022 09:20,5
08/03/2022 09:19,4
08/03/2022 09:07,5
08/03/2022 09:05,3
08/03/2022 08:58,5
08/03/2022 08:49,5
08/03/2022 08:33,3
08/03/2022 07:48,5
08/03/2022 07:28,1
08/03/2022 07:19,2
08/03/2022 07:10,4
08/03/2022 07:07,5
08/03/2022 06:44,5
08/03/2022 06:21,1
08/03/2022 06:12,5
08/03/2022 05:50,5
08/03/2022 05:47,5
08/03/2022 05:37,5
08/03/2022 05:33,4
08/03/2022 05:30,4
08/03/2022 05:15,5
08/03/2022 04:42,3
08/03/2022 04:34,1
08/03/2022 04:32,3
08/03/2022 04:31,2
08/03/2022 04:30,5
08/03/2022 04:30,5
08/03/2022 04:28,1
08/03/2022 04:04,3
08/03/2022 03:48,5
08/03/2022 03:43,4
08/03/2022 03:42,1
08/03/2022 03:23,3
08/03/2022 03:20,5
08/03/2022 03:18,3
08/03/2022 03:15,1
08/03/2022 03:14,5
08/03/2022 03:10,1
08/03/2022 02:58,5
08/03/2022 02:57,1
08/03/2022 02:48,1
08/03/2022 02:47,1
08/03/2022 02:45,1
08/03/2022 02:45,1
08/03/2022 02:38,5
08/03/2022 02:33,3
08/03/2022 02:32,3
08/03/2022 02:31,2
08/03/2022 02:16,1
08/03/2022 02:09,5
08/03/2022 02:05,1
08/03/2022 02:05,1
08/03/2022 01:56,4
08/03/2022 01:43,2
08/03/2022 01:42,1
08/03/2022 01:42,3
08/03/2022 01:34,5
08/03/2022 01:34,5
08/03/2022 01:27,5
08/03/2022 01:25,5
08/03/2022 01:24,4
08/03/2022 01:16,3
08/03/2022 01:01,5
08/03/2022 00:32,4
08/03/2022 00:09,4
08/03/2022 00:06,1
08/03/2022 00:02,1
07/03/2022 23:38,1
07/03/2022 23:28,4
07/03/2022 23:19,2
07/03/2022 23:13,5
07/03/2022 22:56,1
07/03/2022 22:47,1
07/03/2022 22:39,5
07/03/2022 22:17,4
07/03/2022 22:08,3
07/03/2022 21:51,5
07/03/2022 21:32,5
07/03/2022 21:27,5
07/03/2022 21:26,1
07/03/2022 21:23,5
07/03/2022 21:19,5
07/03/2022 21:17,1
07/03/2022 21:14,4
07/03/2022 21:14,5
07/03/2022 21:13,3
07/03/2022 21:10,4
07/03/2022 21:09,2
07/03/2022 21:02,5
07/03/2022 20:57,5
07/03/2022 20:55,2
07/03/2022 20:52,5
07/03/2022 20:49,5
07/03/2022 20:46,1
07/03/2022 20:44,4
07/03/2022 20:36,1
07/03/2022 20:28,2
07/03/2022 20:27,5
07/03/2022 20:26,3
07/03/2022 20:12,1
07/03/2022 20:05,1
07/03/2022 19:58,1
07/03/2022 19:55,1
07/03/2022 19:43,2
07/03/2022 19:42,5
07/03/2022 19:39,1
07/03/2022 19:25,1
07/03/2022 18:41,2
07/03/2022 18:21,5
07/03/2022 18:21,3
07/03/2022 18:21,3
07/03/2022 18:21,1
07/03/2022 18:11,3
07/03/2022 18:09,4
07/03/2022 18:02,5
07/03/2022 17:56,4
07/03/2022 17:54,5
07/03/2022 17:53,1
07/03/2022 17:51,5
07/03/2022 17:48,1
07/03/2022 17:45,3
07/03/2022 17:44,1
07/03/2022 17:40,1
07/03/2022 17:38,2
07/03/2022 17:23,5
07/03/2022 17:22,5
07/03/2022 17:04,5
07/03/2022 16:51,1
07/03/2022 16:30,4
07/03/2022 16:15,4
07/03/2022 16:14,5
07/03/2022 15:59,2
07/03/2022 15:43,5
07/03/2022 15:41,5
07/03/2022 15:40,4
07/03/2022 15:40,5
07/03/2022 15:35,5
07/03/2022 15:33,1
07/03/2022 15:25,5
07/03/2022 15:23,4
07/03/2022 15:18,1
07/03/2022 15:16,3
07/03/2022 15:14,2
07/03/2022 14:58,1
07/03/2022 14:57,5
07/03/2022 14:49,1
07/03/2022 14:48,1
07/03/2022 14:46,5
07/03/2022 14:41,2
07/03/2022 14:39,3
07/03/2022 14:37,4
07/03/2022 14:31,1
07/03/2022 14:23,5
07/03/2022 14:22,2
07/03/2022 14:18,5
07/03/2022 14:18,5
07/03/2022 13:44,5
07/03/2022 13:29,3
07/03/2022 13:18,5
07/03/2022 13:09,2
07/03/2022 13:06,4
07/03/2022 12:59,3
07/03/2022 12:43,2
07/03/2022 12:42,5
07/03/2022 12:38,5
07/03/2022 12:26,1
07/03/2022 12:23,5
07/03/2022 12:22,4
07/03/2022 12:22,3
07/03/2022 12:19,4
07/03/2022 12:01,5
07/03/2022 11:57,3
07/03/2022 11:53,2
07/03/2022 11:37,4
07/03/2022 11:35,5
07/03/2022 11:21,5
07/03/2022 11:20,5
07/03/2022 11:14,5
07/03/2022 11:02,3
07/03/2022 10:55,2
07/03/2022 10:45,5
07/03/2022 10:33,4
07/03/2022 10:24,3
07/03/2022 09:54,2
07/03/2022 09:49,5
07/03/2022 09:44,5
07/03/2022 09:41,1
07/03/2022 09:36,2
07/03/2022 09:33,4
07/03/2022 09:32,3
07/03/2022 09:31,4
07/03/2022 09:23,2
07/03/2022 09:16,3
07/03/2022 09:09,2
07/03/2022 08:55,2
07/03/2022 08:48,5
07/03/2022 08:22,3
07/03/2022 08:15,1
07/03/2022 08:12,1
07/03/2022 08:09,5
07/03/2022 08:04,5
07/03/2022 07:46,4
07/03/2022 07:29,1
07/03/2022 07:27,5
07/03/2022 07:25,3
07/03/2022 07:23,5
07/03/2022 07:09,4
07/03/2022 06:39,2
07/03/2022 06:36,1
07/03/2022 06:34,5
07/03/2022 06:30,5
07/03/2022 06:19,5
07/03/2022 05:57,4
07/03/2022 05:57,5
07/03/2022 05:56,3
07/03/2022 05:55,5
07/03/2022 05:48,4
07/03/2022 05:43,1
07/03/2022 05:39,5
07/03/2022 05:38,1
07/03/2022 05:38,1
07/03/2022 05:37,3
07/03/2022 05:24,5
07/03/2022 05:21,5
07/03/2022 05:14,1
07/03/2022 04:53,5
07/03/2022 04:51,5
07/03/2022 04:44,5
07/03/2022 04:43,5
07/03/2022 04:40,4
07/03/2022 04:39,4
07/03/2022 04:33,3
07/03/2022 04:26,5
07/03/2022 04:16,4
07/03/2022 04:10,1
07/03/2022 04:08,5
07/03/2022 03:58,5
07/03/2022 03:36,3
07/03/2022 03:30,2
07/03/2022 03:26,3
07/03/2022 03:26,4
07/03/2022 02:59,1
07/03/2022 02:58,5
07/03/2022 02:54,5
07/03/2022 02:49,5
07/03/2022 02:39,5
07/03/2022 02:36,3
07/03/2022 02:10,5
07/03/2022 02:01,1
07/03/2022 01:53,4
07/03/2022 01:51,1
07/03/2022 01:50,1
07/03/2022 01:35,5
07/03/2022 01:25,4
07/03/2022 01:14,4
07/03/2022 01:09,5
07/03/2022 01:06,2
07/03/2022 01:01,2
07/03/2022 00:37,1
07/03/2022 00:22,3
07/03/2022 00:14,5
07/03/2022 00:13,4
07/03/2022 00:12,1
07/03/2022 00:09,2
07/03/2022 00:05,1
07/03/2022 00:03,1
06/03/2022 23:49,1
06/03/2022 23:38,4
06/03/2022 23:18,5
06/03/2022 23:13,5
06/03/2022 23:09,1
06/03/2022 22:57,2
06/03/2022 22:41,3
06/03/2022 22:34,1
06/03/2022 22:32,3
06/03/2022 22:28,5
06/03/2022 22:19,5
06/03/2022 22:09,2
06/03/2022 21:30,1
06/03/2022 21:24,2
06/03/2022 21:22,1
06/03/2022 21:18,2
06/03/2022 21:08,1
06/03/2022 21:04,5
06/03/2022 21:02,2
06/03/2022 20:42,1
06/03/2022 20:34,1
06/03/2022 20:29,1
06/03/2022 20:26,2
06/03/2022 20:26,5
06/03/2022 20:24,4
06/03/2022 20:09,3
06/03/2022 20:09,5
06/03/2022 20:04,1
06/03/2022 19:52,5
06/03/2022 19:50,5
06/03/2022 19:48,5
06/03/2022 19:47,1
06/03/2022 19:43,2
06/03/2022 19:39,1
06/03/2022 19:39,5
06/03/2022 19:34,5
06/03/2022 19:33,5
06/03/2022 19:19,5
06/03/2022 19:18,5
06/03/2022 19:08,1
06/03/2022 19:02,5
06/03/2022 19:01,5
06/03/2022 19:00,2
06/03/2022 18:56,1
06/03/2022 18:55,3
06/03/2022 18:54,5
06/03/2022 18:50,1
06/03/2022 18:47,1
06/03/2022 18:39,5
06/03/2022 18:36,5
06/03/2022 18:32,4
06/03/2022 18:31,2
06/03/2022 18:15,5
06/03/2022 18:12,4
06/03/2022 18:09,1
06/03/2022 18:01,3
06/03/2022 18:00,5
06/03/2022 17:56,1
06/03/2022 17:42,5
06/03/2022 17:39,5
06/03/2022 17:22,5
06/03/2022 17:21,3
06/03/2022 17:19,1
06/03/2022 17:14,3
06/03/2022 17:13,5
06/03/2022 17:07,2
06/03/2022 16:57,5
06/03/2022 16:51,2
06/03/2022 16:51,5
06/03/2022 16:48,5
06/03/2022 16:36,3
06/03/2022 16:35,1
06/03/2022 16:31,1
06/03/2022 16:30,5
06/03/2022 16:21,3
06/03/2022 16:17,2
06/03/2022 16:15,2
06/03/2022 16:12,5
06/03/2022 16:01,1
06/03/2022 15:59,4
06/03/2022 15:51,1
06/03/2022 15:47,1
06/03/2022 15:44,4
06/03/2022 15:32,4
06/03/2022 15:26,1
06/03/2022 15:22,5
06/03/2022 15:17,5
06/03/2022 15:14,4
06/03/2022 15:11,3
06/03/2022 14:58,5
06/03/2022 14:51,1
06/03/2022 14:45,1
06/03/2022 14:40,3
06/03/2022 14:29,5
06/03/2022 14:27,4
06/03/2022 14:22,4
06/03/2022 14:18,5
06/03/2022 14:11,5
06/03/2022 14:10,1
06/03/2022 13:47,5
06/03/2022 13:34,1
06/03/2022 13:24,3
06/03/2022 13:11,1
06/03/2022 13:05,3
06/03/2022 12:48,1
06/03/2022 12:39,5
06/03/2022 12:35,4
06/03/2022 12:25,1
06/03/2022 12:06,4
06/03/2022 11:57,4
06/03/2022 11:36,1
06/03/2022 11:16,5
06/03/2022 11:15,5
06/03/2022 11:02,1
06/03/2022 10:53,2
06/03/2022 10:50,1
06/03/2022 10:50,5
06/03/2022 10:47,1
06/03/2022 10:32,5
06/03/2022 10:26,1
06/03/2022 10:23,1
06/03/2022 10:21,2
06/03/2022 10:18,5
06/03/2022 10:17,5
06/03/2022 10:13,5
06/03/2022 09:43,5
06/03/2022 09:01,5
06/03/2022 08:56,2
06/03/2022 08:56,5
06/03/2022 08:54,5
06/03/2022 08:50,5
06/03/2022 08:36,4
06/03/2022 08:32,1
06/03/2022 08:31,5
06/03/2022 08:26,1
06/03/2022 08:17,5
06/03/2022 08:17,1
06/03/2022 08:06,1
06/03/2022 07:59,1
06/03/2022 07:55,2
06/03/2022 07:50,5
06/03/2022 07:42,3
06/03/2022 07:40,5
06/03/2022 07:33,4
06/03/2022 07:23,5
06/03/2022 07:20,1
06/03/2022 06:54,1
06/03/2022 06:51,4
06/03/2022 06:34,5
06/03/2022 06:22,5
06/03/2022 06:20,1
06/03/2022 06:14,2
06/03/2022 06:10,5
06/03/2022 05:52,5
06/03/2022 05:45,5
06/03/2022 05:44,5
06/03/2022 05:29,5
06/03/2022 05:28,5
06/03/2022 05:24,4
06/03/2022 05:20,5
06/03/2022 05:04,5
06/03/2022 05:02,1
06/03/2022 05:02,1
06/03/2022 04:56,2
06/03/2022 04:56,1
06/03/2022 04:55,5
06/03/2022 04:45,4
06/03/2022 04:44,3
06/03/2022 04:42,5
06/03/2022 04:28,5
06/03/2022 04:18,3
06/03/2022 04:16,5
06/03/2022 04:14,3
06/03/2022 04:07,5
06/03/2022 04:06,4
06/03/2022 04:02,1
06/03/2022 03:47,1
06/03/2022 03:20,2
06/03/2022 03:17,2
06/03/2022 03:13,3
06/03/2022 03:03,1
06/03/2022 02:51,2
06/03/2022 02:50,4
06/03/2022 02:42,1
06/03/2022 02:32,2
06/03/2022 02:23,5
06/03/2022 02:06,5
06/03/2022 01:57,1
06/03/2022 01:49,5
06/03/2022 01:45,5
06/03/2022 01:38,1
06/03/2022 01:37,1
06/03/2022 01:30,3
06/03/2022 01:21,5
06/03/2022 01:21,1
06/03/2022 01:11,5
06/03/2022 00:58,5
06/03/2022 00:38,1
06/03/2022 00:09,4
06/03/2022 00:02,1
06/03/2022 00:01,3
05/03/2022 23:59,5
05/03/2022 23:55,5
05/03/2022 23:53,1
05/03/2022 23:49,5
05/03/2022 23:47,1
05/03/2022 23:05,5
05/03/2022 23:00,1
05/03/2022 22:51,5
05/03/2022 22:43,5
05/03/2022 22:41,5
05/03/2022 22:07,5
05/03/2022 22:06,2
05/03/2022 21:51,5
05/03/2022 21:44,1
05/03/2022 21:37,3
05/03/2022 21:29,1
05/03/2022 21:01,4
05/03/2022 21:01,2
05/03/2022 20:59,3
05/03/2022 20:59,1
05/03/2022 20:54,5
05/03/2022 20:48,5
05/03/2022 20:44,5
05/03/2022 20:43,5
05/03/2022 20:35,5
05/03/2022 20:27,1
05/03/2022 20:16,5
05/03/2022 20:06,4
05/03/2022 20:00,1
05/03/2022 19:49,5
05/03/2022 19:45,5
05/03/2022 19:44,1
05/03/2022 19:34,4
05/03/2022 19:28,3
05/03/2022 19:25,1
05/03/2022 19:24,5
05/03/2022 18:59,2
05/03/2022 18:58,5
05/03/2022 18:57,1
05/03/2022 18:38,5
05/03/2022 18:31,3
05/03/2022 18:30,5
05/03/2022 18:24,2
05/03/2022 18:19,1
05/03/2022 18:17,2
05/03/2022 18:17,1
05/03/2022 18:03,4
05/03/2022 17:52,5
05/03/2022 17:52,5
05/03/2022 17:50,4
05/03/2022 17:49,4
05/03/2022 17:47,2
05/03/2022 17:46,5
05/03/2022 17:36,1
05/03/2022 17:25,2
05/03/2022 16:50,5
05/03/2022 16:49,5
05/03/2022 16:49,5
05/03/2022 16:39,5
05/03/2022 16:37,5
05/03/2022 16:34,4
05/03/2022 16:31,5
05/03/2022 16:15,5
05/03/2022 16:13,4
05/03/2022 16:12,5
05/03/2022 16:10,4
05/03/2022 16:05,1
05/03/2022 16:02,2
05/03/2022 15:57,5
05/03/2022 15:55,1
05/03/2022 15:45,4
05/03/2022 15:26,1
05/03/2022 15:26,5
05/03/2022 15:22,1
05/03/2022 15:17,5
05/03/2022 15:14,4
05/03/2022 15:10,3
05/03/2022 15:03,1
05/03/2022 14:54,5
05/03/2022 14:50,4
05/03/2022 14:32,5
05/03/2022 14:27,3
05/03/2022 14:27,5
05/03/2022 14:19,2
05/03/2022 14:11,4
05/03/2022 14:09,3
05/03/2022 14:05,2
05/03/2022 14:02,4
05/03/2022 13:56,4
05/03/2022 13:54,2
05/03/2022 13:52,2
05/03/2022 13:37,5
05/03/2022 13:27,5
05/03/2022 13:19,1
05/03/2022 13:16,3
05/03/2022 12:49,5
05/03/2022 12:47,3
05/03/2022 12:39,1
05/03/2022 12:38,1
05/03/2022 12:38,3
05/03/2022 12:27,5
05/03/2022 12:14,2
05/03/2022 12:00,3
05/03/2022 11:59,5
05/03/2022 11:54,3
05/03/2022 11:50,5
05/03/2022 11:42,2
05/03/2022 11:11,3
05/03/2022 11:09,4
05/03/2022 10:46,3
05/03/2022 10:41,5
05/03/2022 10:41,1
05/03/2022 10:33,2
05/03/2022 10:30,4
05/03/2022 10:23,1
05/03/2022 10:16,5
05/03/2022 10:09,4
05/03/2022 09:59,4
05/03/2022 09:55,4
05/03/2022 09:55,5
05/03/2022 09:53,4
05/03/2022 09:38,5
05/03/2022 09:36,1
05/03/2022 09:29,3
05/03/2022 09:25,2
05/03/2022 09:22,1
05/03/2022 09:19,2
05/03/2022 09:16,4
05/03/2022 09:05,5
05/03/2022 08:57,2
05/03/2022 08:56,1
05/03/2022 08:51,3
05/03/2022 08:45,1
05/03/2022 08:40,5
05/03/2022 08:24,5
05/03/2022 08:04,2
05/03/2022 08:03,3
05/03/2022 07:39,1
05/03/2022 07:35,4
05/03/2022 07:29,5
05/03/2022 07:00,5
05/03/2022 06:58,2
05/03/2022 06:57,5
05/03/2022 06:56,5
05/03/2022 06:43,3
05/03/2022 06:42,3
05/03/2022 06:41,5
05/03/2022 06:36,5
05/03/2022 06:31,3
05/03/2022 06:24,2
05/03/2022 06:15,5
05/03/2022 06:13,5
05/03/2022 06:06,5
05/03/2022 06:02,5
05/03/2022 05:57,1
05/03/2022 05:55,4
05/03/2022 05:53,1
05/03/2022 05:48,3
05/03/2022 05:43,1
05/03/2022 05:31,3
05/03/2022 05:29,5
05/03/2022 05:18,5
05/03/2022 05:05,1
05/03/2022 05:03,2
05/03/2022 04:59,5
05/03/2022 04:56,3
05/03/2022 04:54,1
05/03/2022 04:46,4
05/03/2022 04:40,5
05/03/2022 04:40,2
05/03/2022 04:32,5
05/03/2022 04:19,1
05/03/2022 04:18,5
05/03/2022 04:14,5
05/03/2022 04:04,4
05/03/2022 03:57,4
05/03/2022 03:34,2
05/03/2022 03:32,5
05/03/2022 03:20,5
05/03/2022 03:19,1
05/03/2022 03:14,1
05/03/2022 03:10,1
05/03/2022 02:55,1
05/03/2022 02:39,1
05/03/2022 02:36,5
05/03/2022 02:35,5
05/03/2022 02:22,3
05/03/2022 02:11,4
05/03/2022 02:02,1
05/03/2022 01:52,5
05/03/2022 01:48,3
05/03/2022 01:34,5
05/03/2022 01:25,2
05/03/2022 01:19,1
05/03/2022 01:15,4
05/03/2022 01:13,5
05/03/2022 01:07,5
05/03/2022 00:47,5
05/03/2022 00:34,1
05/03/2022 00:32,1
05/03/2022 00:31,3
05/03/2022 00:22,2
05/03/2022 00:16,4
05/03/2022 00:11,4
05/03/2022 00:07,5
04/03/2022 23:59,5
04/03/2022 23:35,1
04/03/2022 23:33,1
04/03/2022 23:33,2
04/03/2022 23:31,5
04/03/2022 23:28,5
04/03/2022 23:25,2
04/03/2022 23:12,4
04/03/2022 23:09,5
04/03/2022 23:05,4
04/03/2022 23:01,4
04/03/2022 23:01,3
04/03/2022 23:00,1
04/03/2022 22:50,1
04/03/2022 22:50,3
04/03/2022 22:48,1
04/03/2022 22:46,2
04/03/2022 22:42,3
04/03/2022 22:40,5
04/03/2022 22:30,4
04/03/2022 22:28,3
04/03/2022 22:13,4
04/03/2022 21:46,1
04/03/2022 21:44,4
04/03/2022 21:44,3
04/03/2022 21:41,4
04/03/2022 21:26,5
04/03/2022 21:22,5
04/03/2022 21:21,2
04/03/2022 21:08,2
04/03/2022 20:59,4
04/03/2022 20:49,3
04/03/2022 20:39,2
04/03/2022 20:35,2
04/03/2022 20:27,5
04/03/2022 20:26,1
04/03/2022 20:20,5
04/03/2022 20:08,5
04/03/2022 19:51,5
04/03/2022 19:49,1
04/03/2022 19:46,5
04/03/2022 19:38,1
04/03/2022 19:37,1
04/03/2022 19:36,5
04/03/2022 19:35,2
04/03/2022 19:31,1
04/03/2022 19:21,5
04/03/2022 19:13,3
04/03/2022 19:03,1
04/03/2022 19:02,2
04/03/2022 18:46,5
04/03/2022 18:33,5
04/03/2022 18:27,5
04/03/2022 18:26,5
04/03/2022 18:22,4
04/03/2022 18:15,4
04/03/2022 18:15,1
04/03/2022 18:11,5
04/03/2022 17:47,1
04/03/2022 17:46,5
04/03/2022 17:37,1
04/03/2022 17:32,3
04/03/2022 17:31,4
04/03/2022 17:30,1
04/03/2022 17:27,1
04/03/2022 17:10,5
04/03/2022 17:09,5
04/03/2022 16:56,2
04/03/2022 16:53,3
04/03/2022 16:49,1
04/03/2022 16:49,5
04/03/2022 16:49,4
04/03/2022 16:47,4
04/03/2022 16:41,4
04/03/2022 16:33,5
04/03/2022 16:23,1
04/03/2022 16:19,5
04/03/2022 16:12,5
04/03/2022 16:08,1
04/03/2022 15:53,5
04/03/2022 15:47,3
04/03/2022 15:38,5
04/03/2022 15:32,5
04/03/2022 15:26,2
04/03/2022 15:23,1
04/03/2022 15:11,3
04/03/2022 15:08,5
04/03/2022 15:04,4
04/03/2022 14:53,1
04/03/2022 14:50,1
04/03/2022 14:41,2
04/03/2022 14:41,5
04/03/2022 14:36,1
04/03/2022 14:35,1
04/03/2022 14:27,1
04/03/2022 14:18,3
04/03/2022 14:11,2
04/03/2022 14:10,4
04/03/2022 14:00,2
04/03/2022 13:51,5
04/03/2022 13:41,5
04/03/2022 13:37,5
04/03/2022 13:19,4
04/03/2022 13:11,1
04/03/2022 12:53,5
04/03/2022 12:45,4
04/03/2022 12:44,5
04/03/2022 12:39,2
04/03/2022 12:33,1
04/03/2022 12:32,4
04/03/2022 12:26,5
04/03/2022 12:25,4
04/03/2022 12:24,1
04/03/2022 12:19,2
04/03/2022 12:18,3
04/03/2022 12:12,5
04/03/2022 12:11,2
04/03/2022 12:07,5
04/03/2022 12:02,1
04/03/2022 11:35,2
04/03/2022 11:29,1
04/03/2022 11:02,1
04/03/2022 10:54,5
04/03/2022 10:45,5
04/03/2022 10:37,4
04/03/2022 10:28,1
04/03/2022 10:23,5
04/03/2022 10:10,3
04/03/2022 10:07,3
04/03/2022 10:07,5
04/03/2022 09:59,1
04/03/2022 09:54,4
04/03/2022 09:50,5
04/03/2022 09:50,5
04/03/2022 09:50,3
04/03/2022 09:44,1
04/03/2022 09:31,1
04/03/2022 09:31,1
04/03/2022 09:27,1
04/03/2022 09:19,2
04/03/2022 09:09,5
04/03/2022 09:07,5
04/03/2022 08:58,5
04/03/2022 08:53,3
04/03/2022 08:47,3
04/03/2022 08:44,1
04/03/2022 08:36,1
04/03/2022 08:33,3
04/03/2022 08:33,1
04/03/2022 08:21,4
04/03/2022 08:09,4
04/03/2022 08:07,1
04/03/2022 07:34,1
04/03/2022 07:24,2
04/03/2022 07:15,5
04/03/2022 07:08,1
04/03/2022 07:07,2
04/03/2022 06:40,4
04/03/2022 06:40,5
04/03/2022 06:10,4
04/03/2022 06:10,1
04/03/2022 06:02,1
04/03/2022 06:01,5
04/03/2022 05:50,3
04/03/2022 05:42,4
04/03/2022 05:41,3
04/03/2022 05:40,4
04/03/2022 05:30,5
04/03/2022 05:29,1
04/03/2022 05:28,4
04/03/2022 05:11,5
04/03/2022 05:11,1
04/03/2022 05:01,5
04/03/2022 04:50,2
04/03/2022 04:49,1
04/03/2022 04:48,1
04/03/2022 04:46,5
04/03/2022 04:40,4
04/03/2022 04:40,3
04/03/2022 04:29,4
04/03/2022 04:28,5
04/03/2022 04:17,5
04/03/2022 04:16,1
04/03/2022 04:16,4
04/03/2022 04:10,5
04/03/2022 04:07,5
04/03/2022 03:56,1
04/03/2022 03:56,1
04/03/2022 03:50,2
04/03/2022 03:35,1
04/03/2022 03:28,5
04/03/2022 03:27,4
04/03/2022 03:26,2
04/03/2022 03:16,2
04/03/2022 03:07,1
04/03/2022 02:57,5
04/03/2022 02:54,5
04/03/2022 02:46,5
04/03/2022 02:35,1
04/03/2022 02:35,1
04/03/2022 02:32,3
04/03/2022 02:30,2
04/03/2022 02:27,1
04/03/2022 02:22,5
04/03/2022 02:19,1
04/03/2022 02:15,5
04/03/2022 02:15,1
04/03/2022 02:13,1
04/03/2022 02:12,4
04/03/2022 02:12,4
04/03/2022 02:12,5
04/03/2022 01:59,4
04/03/2022 01:49,5
04/03/2022 01:47,1
04/03/2022 01:46,2
04/03/2022 01:44,1
04/03/2022 01:37,3
04/03/2022 01:30,4
04/03/2022 01:16,3
04/03/2022 01:16,5
04/03/2022 01:14,5
04/03/2022 01:11,5
04/03/2022 01:04,1
04/03/2022 01:01,5
04/03/2022 01:01,5
04/03/2022 00:56,5
04/03/2022 00:43,1
04/03/2022 00:37,3
04/03/2022 00:36,5
04/03/2022 00:33,2
04/03/2022 00:33,3
04/03/2022 00:26,1
04/03/2022 00:17,5
04/03/2022 00:14,5
04/03/2022 00:04,1
03/03/2022 23:44,3
03/03/2022 23:41,3
03/03/2022 23:10,1
03/03/2022 23:02,4
03/03/2022 22:59,1
03/03/2022 22:58,5
03/03/2022 22:55,3
03/03/2022 22:35,5
03/03/2022 22:33,1
03/03/2022 22:33,1
03/03/2022 22:29,2
03/03/2022 22:06,2
03/03/2022 22:03,2
03/03/2022 22:02,1
03/03/2022 22:02,5
03/03/2022 21:55,2
03/03/2022 21:47,4
03/03/2022 21:35,4
03/03/2022 21:33,2
03/03/2022 21:30,4
03/03/2022 21:28,4
03/03/2022 21:07,4
03/03/2022 21:00,1
03/03/2022 20:59,5
03/03/2022 20:47,1
03/03/2022 20:45,1
03/03/2022 20:44,1
03/03/2022 20:37,4
03/03/2022 20:35,3
03/03/2022 20:33,4
03/03/2022 20:05,1
03/03/2022 19:59,1
03/03/2022 19:58,2
03/03/2022 19:57,4
03/03/2022 19:56,3
03/03/2022 19:53,4
03/03/2022 19:47,1
03/03/2022 19:44,5
03/03/2022 19:38,1
03/03/2022 19:29,3
03/03/2022 19:26,5
03/03/2022 19:16,5
03/03/2022 19:10,5
03/03/2022 19:07,1
03/03/2022 19:06,5
03/03/2022 18:55,1
03/03/2022 18:54,3
03/03/2022 18:43,1
03/03/2022 18:30,5
03/03/2022 18:18,5
03/03/2022 18:14,5
03/03/2022 18:13,3
03/03/2022 18:11,2
03/03/2022 18:04,1
03/03/2022 18:00,1
03/03/2022 17:55,5
03/03/2022 17:24,1
03/03/2022 17:22,5
03/03/2022 17:22,2
03/03/2022 17:22,5
03/03/2022 17:08,1
03/03/2022 17:04,5
03/03/2022 17:02,3
03/03/2022 16:59,1
03/03/2022 16:54,3
03/03/2022 16:51,1
03/03/2022 16:47,5
03/03/2022 16:44,1
03/03/2022 16:43,4
03/03/2022 16:40,5
03/03/2022 16:40,5
03/03/2022 16:39,3
03/03/2022 16:28,5
03/03/2022 16:26,1
03/03/2022 16:20,5
03/03/2022 16:18,5
03/03/2022 16:16,2
03/03/2022 16:15,5
03/03/2022 16:13,2
03/03/2022 16:01,1
03/03/2022 15:44,4
03/03/2022 15:37,5
03/03/2022 15:36,2
03/03/2022 15:32,2
03/03/2022 15:27,1
03/03/2022 15:18,5
03/03/2022 15:08,1
03/03/2022 15:01,3
03/03/2022 14:43,2
03/03/2022 14:40,5
03/03/2022 14:38,1
03/03/2022 14:28,5
03/03/2022 14:19,5
03/03/2022 14:12,1
03/03/2022 14:08,3
03/03/2022 13:51,1
03/03/2022 13:47,5
03/03/2022 13:38,4
03/03/2022 13:30,3
03/03/2022 13:20,4
03/03/2022 13:17,1
03/03/2022 13:07,4
03/03/2022 12:55,4
03/03/2022 12:53,4
03/03/2022 12:48,1
03/03/2022 12:32,1
03/03/2022 12:31,4
03/03/2022 12:25,2
03/03/2022 12:16,5
03/03/2022 12:16,5
03/03/2022 12:14,5
03/03/2022 12:13,5
03/03/2022 12:06,5
03/03/2022 12:01,1
03/03/2022 11:51,5
03/03/2022 11:50,2
03/03/2022 11:36,1
03/03/2022 11:24,1
03/03/2022 11:11,1
03/03/2022 11:02,1
03/03/2022 10:54,5
03/03/2022 10:53,4
03/03/2022 10:48,5
03/03/2022 10:38,1
03/03/2022 10:34,3
03/03/2022 10:23,5
03/03/2022 10:20,1
03/03/2022 09:51,2
03/03/2022 09:37,5
03/03/2022 09:26,3
03/03/2022 09:15,5
03/03/2022 09:08,1
03/03/2022 08:53,4
03/03/2022 08:44,1
03/03/2022 08:43,5
03/03/2022 08:41,2
03/03/2022 08:33,3
03/03/2022 08:09,5
03/03/2022 08:07,1
03/03/2022 07:55,5
03/03/2022 07:40,1
03/03/2022 07:38,1
03/03/2022 07:37,5
03/03/2022 07:33,1
03/03/2022 07:06,5
03/03/2022 06:56,5
03/03/2022 06:54,2
03/03/2022 06:43,5
03/03/2022 05:40,2
03/03/2022 05:26,1
03/03/2022 05:10,5
03/03/2022 04:57,3
03/03/2022 04:51,1
03/03/2022 04:48,4
03/03/2022 04:42,1
03/03/2022 04:41,2
03/03/2022 04:28,2
03/03/2022 04:13,4
03/03/2022 04:13,5
03/03/2022 04:10,5
03/03/2022 04:03,5
03/03/2022 04:03,1
03/03/2022 03:56,4
03/03/2022 03:39,1
03/03/2022 03:35,2
03/03/2022 03:32,5
03/03/2022 03:19,2
03/03/2022 03:11,1
03/03/2022 03:08,3
03/03/2022 02:58,4
03/03/2022 02:57,1
03/03/2022 02:40,5
03/03/2022 02:39,5
03/03/2022 02:23,5
03/03/2022 02:20,3
03/03/2022 02:20,1
03/03/2022 02:12,2
03/03/2022 02:01,5
03/03/2022 01:55,2
03/03/2022 01:52,4
03/03/2022 01:16,3
03/03/2022 01:14,5
03/03/2022 01:09,2
03/03/2022 01:09,1
03/03/2022 00:59,5
03/03/2022 00:55,3
03/03/2022 00:53,5
03/03/2022 00:48,5
03/03/2022 00:40,2
03/03/2022 00:27,2
03/03/2022 00:22,1
03/03/2022 00:20,1
03/03/2022 00:15,2
03/03/2022 00:14,5
03/03/2022 00:11,1
03/03/2022 00:11,1
03/03/2022 00:07,1
03/03/2022 00:05,3
02/03/2022 23:53,3
02/03/2022 23:50,5
02/03/2022 23:47,2
02/03/2022 23:39,2
02/03/2022 23:35,2
02/03/2022 23:34,1
02/03/2022 23:31,3
02/03/2022 23:30,1
02/03/2022 23:27,5
02/03/2022 23:21,1
02/03/2022 23:16,5
02/03/2022 23:15,1
02/03/2022 23:12,5
02/03/2022 23:04,1
02/03/2022 22:53,2
02/03/2022 22:35,5
02/03/2022 22:34,1
02/03/2022 22:22,4
02/03/2022 22:18,4
02/03/2022 22:17,1
02/03/2022 22:12,4
02/03/2022 22:06,4
02/03/2022 21:56,5
02/03/2022 21:55,1
02/03/2022 21:52,5
02/03/2022 21:34,3
02/03/2022 21:31,5
02/03/2022 21:21,2
02/03/2022 20:52,1
02/03/2022 20:50,1
02/03/2022 20:48,5
02/03/2022 20:47,1
02/03/2022 20:46,4
02/03/2022 20:43,2
02/03/2022 20:26,1
02/03/2022 20:04,1
02/03/2022 20:01,4
02/03/2022 19:40,1
02/03/2022 19:34,1
02/03/2022 19:31,5
02/03/2022 19:28,1
02/03/2022 19:27,1
02/03/2022 19:25,2
02/03/2022 19:18,3
02/03/2022 19:11,5
02/03/2022 19:05,5
02/03/2022 19:03,4
02/03/2022 18:54,2
02/03/2022 18:39,1
02/03/2022 18:33,5
02/03/2022 18:33,5
02/03/2022 18:32,5
02/03/2022 18:29,2
02/03/2022 18:28,1
02/03/2022 18:25,4
02/03/2022 18:24,4
02/03/2022 18:20,5
02/03/2022 18:10,2
02/03/2022 18:01,5
02/03/2022 17:57,5
02/03/2022 17:55,5
02/03/2022 17:53,3
02/03/2022 17:53,5
02/03/2022 17:53,5
02/03/2022 17:50,5
02/03/2022 17:46,4
02/03/2022 17:45,2
02/03/2022 17:33,1
02/03/2022 17:31,4
02/03/2022 17:30,1
02/03/2022 17:30,5
02/03/2022 17:17,5
02/03/2022 17:15,3
02/03/2022 17:13,3
02/03/2022 17:10,5
02/03/2022 17:07,1
02/03/2022 17:01,5
02/03/2022 16:58,1
02/03/2022 16:51,1
02/03/2022 16:51,5
02/03/2022 16:41,5
02/03/2022 16:34,2
02/03/2022 16:32,5
02/03/2022 16:25,5
02/03/2022 16:14,4
02/03/2022 16:14,1
02/03/2022 16:07,4
02/03/2022 16:03,1
02/03/2022 16:00,1
02/03/2022 15:59,5
02/03/2022 15:57,5
02/03/2022 15:55,2
02/03/2022 15:51,1
02/03/2022 15:44,2
02/03/2022 15:36,4
02/03/2022 15:36,2
02/03/2022 15:34,1
02/03/2022 15:34,1
02/03/2022 15:31,5
02/03/2022 15:30,5
02/03/2022 15:30,5
02/03/2022 15:29,1
02/03/2022 15:22,1
02/03/2022 15:21,5
02/03/2022 15:10,1
02/03/2022 15:02,5
02/03/2022 14:58,4
02/03/2022 14:48,1
02/03/2022 14:41,5
02/03/2022 14:40,2
02/03/2022 14:33,4
02/03/2022 14:32,5
02/03/2022 14:31,2
02/03/2022 14:31,5
02/03/2022 14:18,5
02/03/2022 14:14,3
02/03/2022 14:07,5
02/03/2022 14:02,5
02/03/2022 13:48,4
02/03/2022 13:43,1
02/03/2022 13:39,5
02/03/2022 13:36,4
02/03/2022 13:33,1
02/03/2022 13:30,5
02/03/2022 13:29,5
02/03/2022 13:27,1
02/03/2022 13:21,5
02/03/2022 13:19,2
02/03/2022 13:12,1
02/03/2022 13:05,5
02/03/2022 13:03,5
02/03/2022 12:49,5
02/03/2022 12:45,1
02/03/2022 12:30,4
02/03/2022 12:30,5
02/03/2022 12:10,1
02/03/2022 12:06,2
02/03/2022 12:00,4
02/03/2022 11:54,5
02/03/2022 11:30,5
02/03/2022 11:11,1
02/03/2022 11:11,5
02/03/2022 11:08,5
02/03/2022 10:45,1
02/03/2022 10:32,5
02/03/2022 10:27,3
02/03/2022 10:24,1
02/03/2022 10:17,1
02/03/2022 10:07,1
02/03/2022 10:00,1
02/03/2022 09:54,1
02/03/2022 09:49,2
02/03/2022 09:49,4
02/03/2022 09:41,5
02/03/2022 09:28,5
02/03/2022 09:15,4
02/03/2022 09:13,4
02/03/2022 09:09,1
02/03/2022 08:56,2
02/03/2022 08:54,3
02/03/2022 08:43,1
02/03/2022 08:43,5
02/03/2022 08:37,1
02/03/2022 08:33,1
02/03/2022 08:20,5
02/03/2022 08:19,3
02/03/2022 08:16,5
02/03/2022 08:13,1
02/03/2022 08:01,1
02/03/2022 07:57,3
02/03/2022 07:51,1
02/03/2022 07:48,5
02/03/2022 07:47,1
02/03/2022 07:35,5
02/03/2022 07:21,5
02/03/2022 07:03,1
02/03/2022 06:44,4
02/03/2022 06:42,5
02/03/2022 06:39,2
02/03/2022 06:39,1
02/03/2022 06:34,5
02/03/2022 06:27,5
02/03/2022 06:05,5
02/03/2022 06:05,2
02/03/2022 06:04,4
02/03/2022 05:57,4
02/03/2022 05:57,4
02/03/2022 05:53,1
02/03/2022 05:51,2
02/03/2022 05:49,2
02/03/2022 05:49,5
02/03/2022 05:41,4
02/03/2022 05:40,1
02/03/2022 05:30,3
02/03/2022 05:25,1
02/03/2022 05:21,1
02/03/2022 05:19,1
02/03/2022 05:08,5
02/03/2022 05:07,2
02/03/2022 05:02,5
02/03/2022 04:53,2
02/03/2022 04:47,5
02/03/2022 04:41,1
02/03/2022 04:39,4
02/03/2022 04:36,1
02/03/2022 04:30,5
02/03/2022 04:27,2
02/03/2022 04:19,2
02/03/2022 04:16,5
02/03/2022 04:14,3
02/03/2022 03:56,3
02/03/2022 03:52,2
02/03/2022 03:44,1
02/03/2022 03:33,3
02/03/2022 03:16,4
02/03/2022 03:16,3
02/03/2022 03:12,5
02/03/2022 03:09,1
02/03/2022 03:00,4
02/03/2022 02:37,5
02/03/2022 02:33,4
02/03/2022 02:32,3
02/03/2022 02:26,4
02/03/2022 02:26,4
02/03/2022 02:26,5
02/03/2022 02:26,4
02/03/2022 02:17,4
02/03/2022 02:15,5
02/03/2022 01:59,5
02/03/2022 01:57,2
02/03/2022 01:40,1
02/03/2022 01:08,4
02/03/2022 01:05,2
02/03/2022 01:04,5
02/03/2022 00:54,3
02/03/2022 00:52,5
02/03/2022 00:52,1
02/03/2022 00:31,4
01/03/2022 23:55,4
01/03/2022 23:48,4
01/03/2022 23:37,1
01/03/2022 23:30,1
01/03/2022 23:30,1
01/03/2022 23:25,4
01/03/2022 23:24,5
01/03/2022 23:18,5
01/03/2022 23:12,1
01/03/2022 23:05,3
01/03/2022 23:01,2
01/03/2022 22:59,5
01/03/2022 22:47,3
01/03/2022 22:42,2
01/03/2022 22:34,2
01/03/2022 22:34,5
01/03/2022 22:20,5
01/03/2022 22:16,5
01/03/2022 22:14,3
01/03/2022 22:10,1
01/03/2022 22:06,2
01/03/2022 21:28,5
01/03/2022 21:24,5
01/03/2022 21:12,5
01/03/2022 21:10,2
01/03/2022 21:07,3
01/03/2022 20:38,5
01/03/2022 20:38,4
01/03/2022 20:35,5
01/03/2022 20:33,5
01/03/2022 20:09,5
01/03/2022 19:43,2
01/03/2022 19:38,3
01/03/2022 19:28,1
01/03/2022 19:25,3
01/03/2022 19:18,1
01/03/2022 19:14,4
01/03/2022 19:12,5
01/03/2022 19:11,1
01/03/2022 19:11,2
01/03/2022 19:09,2
01/03/2022 19:01,5
01/03/2022 19:00,5
01/03/2022 19:00,1
01/03/2022 18:56,1
01/03/2022 18:51,5
01/03/2022 18:40,4
01/03/2022 18:36,2
01/03/2022 18:32,3
01/03/2022 18:28,2
01/03/2022 18:26,1
01/03/2022 18:19,1
01/03/2022 18:16,1
01/03/2022 18:11,1
01/03/2022 18:06,5
01/03/2022 17:56,1
01/03/2022 17:55,2
01/03/2022 17:52,5
01/03/2022 17:45,5
01/03/2022 17:38,5
01/03/2022 17:35,5
01/03/2022 17:34,4
01/03/2022 17:34,5
01/03/2022 17:33,5
01/03/2022 17:33,5
01/03/2022 17:28,5
01/03/2022 17:28,1
01/03/2022 17:27,5
01/03/2022 17:07,2
01/03/2022 17:02,5
01/03/2022 17:01,1
01/03/2022 16:59,5
01/03/2022 16:50,5
01/03/2022 16:44,4
01/03/2022 16:43,5
01/03/2022 16:39,1
01/03/2022 16:35,5
01/03/2022 16:26,5
01/03/2022 16:22,1
01/03/2022 16:15,3
01/03/2022 16:12,1
01/03/2022 16:02,1
01/03/2022 16:02,1
01/03/2022 15:48,3
01/03/2022 15:29,2
01/03/2022 15:25,5
01/03/2022 15:25,3
01/03/2022 15:13,5
01/03/2022 14:59,5
01/03/2022 14:54,3
01/03/2022 14:53,5
01/03/2022 14:52,1
01/03/2022 14:40,5
01/03/2022 14:38,5
01/03/2022 14:38,2
01/03/2022 14:38,1
01/03/2022 14:36,4
01/03/2022 14:14,2
01/03/2022 14:10,5
01/03/2022 14:10,4
01/03/2022 14:08,5
01/03/2022 14:02,5
01/03/2022 13:55,3
01/03/2022 13:45,4
01/03/2022 13:43,3
01/03/2022 13:42,4
01/03/2022 13:39,2
01/03/2022 13:38,5
01/03/2022 13:35,3
01/03/2022 13:30,1
01/03/2022 13:28,1
01/03/2022 13:28,5
01/03/2022 13:28,1
01/03/2022 13:16,5
01/03/2022 13:08,5
01/03/2022 13:07,5
01/03/2022 13:05,5
01/03/2022 13:02,1
01/03/2022 12:59,2
01/03/2022 12:52,1
01/03/2022 12:50,1
01/03/2022 12:49,1
01/03/2022 12:37,5
01/03/2022 12:35,4
01/03/2022 12:32,4
01/03/2022 12:31,5
01/03/2022 12:31,5
01/03/2022 12:17,2
01/03/2022 12:16,1
01/03/2022 12:15,5
01/03/2022 12:12,5
01/03/2022 12:06,4
01/03/2022 12:01,1
01/03/2022 11:58,1
01/03/2022 11:41,1
01/03/2022 11:35,5
01/03/2022 11:27,3
01/03/2022 11:01,1
01/03/2022 10:57,2
01/03/2022 10:43,5
01/03/2022 10:42,3
01/03/2022 10:41,3
01/03/2022 10:40,2
01/03/2022 10:31,4
01/03/2022 10:26,3
01/03/2022 10:17,4
01/03/2022 10:05,5
01/03/2022 10:01,4
01/03/2022 09:49,5
01/03/2022 09:28,1
01/03/2022 09:18,4
01/03/2022 09:14,3
01/03/2022 09:08,5
01/03/2022 09:03,5
01/03/2022 08:57,5
01/03/2022 08:52,2
01/03/2022 08:41,2
01/03/2022 08:35,2
01/03/2022 08:30,2
01/03/2022 08:28,5
01/03/2022 08:16,3
01/03/2022 08:13,5
01/03/2022 08:13,2
01/03/2022 08:09,1
01/03/2022 07:57,5
01/03/2022 07:31,3
01/03/2022 06:47,3
01/03/2022 06:43,5
01/03/2022 06:41,5
01/03/2022 06:40,5
01/03/2022 06:40,2
01/03/2022 06:33,3
01/03/2022 06:32,5
01/03/2022 06:26,5
01/03/2022 06:17,5
01/03/2022 05:56,1
01/03/2022 05:54,5
01/03/2022 05:44,4
01/03/2022 05:42,3
01/03/2022 05:38,4
01/03/2022 05:36,5
01/03/2022 05:34,2
01/03/2022 05:30,5
01/03/2022 04:52,2
01/03/2022 04:52,5
01/03/2022 04:51,3
01/03/2022 04:45,4
01/03/2022 04:45,2
01/03/2022 04:32,4
01/03/2022 04:30,4
01/03/2022 04:15,4
01/03/2022 04:09,4
01/03/2022 04:08,3
01/03/2022 04:07,5
01/03/2022 03:53,5
01/03/2022 03:48,1
01/03/2022 03:45,1
01/03/2022 03:44,5
01/03/2022 03:22,4
01/03/2022 03:18,5
01/03/2022 03:17,2
01/03/2022 03:16,5
01/03/2022 03:05,5
01/03/2022 03:02,5
01/03/2022 02:59,1
01/03/2022 02:41,4
01/03/2022 02:26,1
01/03/2022 02:25,4
01/03/2022 02:24,5
01/03/2022 02:11,1
01/03/2022 02:09,3
01/03/2022 02:08,5
01/03/2022 02:01,1
01/03/2022 02:01,5
01/03/2022 01:59,2
01/03/2022 01:51,1
01/03/2022 01:30,4
01/03/2022 01:29,2
01/03/2022 01:26,5
01/03/2022 01:10,5
01/03/2022 00:53,2
01/03/2022 00:52,1
01/03/2022 00:47,2
01/03/2022 00:32,1
01/03/2022 00:29,5
01/03/2022 00:20,2
28/02/2022 23:50,5
28/02/2022 23:44,5
28/02/2022 23:36,3
28/02/2022 23:19,4
28/02/2022 23:16,2
28/02/2022 23:03,1
28/02/2022 22:51,5
28/02/2022 22:50,3
28/02/2022 22:48,3
28/02/2022 22:37,1
28/02/2022 22:36,1
28/02/2022 22:34,2
28/02/2022 22:26,1
28/02/2022 22:07,5
28/02/2022 21:46,1
28/02/2022 21:46,4
28/02/2022 21:45,4
28/02/2022 21:43,3
28/02/2022 21:42,4
28/02/2022 21:38,3
28/02/2022 21:35,5
28/02/2022 21:26,5
28/02/2022 21:19,5
28/02/2022 21:14,3
28/02/2022 21:11,2
28/02/2022 20:55,5
28/02/2022 20:39,5
28/02/2022 20:39,1
28/02/2022 20:38,1
28/02/2022 20:34,1
28/02/2022 20:34,1
28/02/2022 20:32,5
28/02/2022 20:30,4
28/02/2022 20:29,3
28/02/2022 20:28,5
28/02/2022 20:25,1
28/02/2022 20:21,1
28/02/2022 20:20,5
28/02/2022 20:15,2
28/02/2022 20:13,5
28/02/2022 20:11,1
28/02/2022 19:57,4
28/02/2022 19:56,1
28/02/2022 19:55,2
28/02/2022 19:36,5
28/02/2022 19:21,4
28/02/2022 19:18,5
28/02/2022 19:18,3
28/02/2022 19:16,1
28/02/2022 19:13,2
28/02/2022 19:12,2
28/02/2022 19:06,1
28/02/2022 18:52,5
28/02/2022 18:48,3
28/02/2022 18:43,3
28/02/2022 18:43,1
28/02/2022 18:35,3
28/02/2022 18:21,3
28/02/2022 18:17,1
28/02/2022 18:14,1
28/02/2022 18:11,5
28/02/2022 18:09,1
28/02/2022 18:03,4
28/02/2022 18:03,3
28/02/2022 18:03,5
28/02/2022 18:00,5
28/02/2022 17:50,5
28/02/2022 17:36,2
28/02/2022 17:34,5
28/02/2022 17:32,5
28/02/2022 17:29,1
28/02/2022 17:27,5
28/02/2022 17:26,3
28/02/2022 17:21,5
28/02/2022 17:17,3
28/02/2022 17:13,2
28/02/2022 17:13,5
28/02/2022 17:10,5
28/02/2022 17:04,4
28/02/2022 17:02,4
28/02/2022 16:56,4
28/02/2022 16:54,1
28/02/2022 16:46,5
28/02/2022 16:43,5
28/02/2022 16:42,1
28/02/2022 16:41,1
28/02/2022 16:41,5
28/02/2022 16:34,2
28/02/2022 16:25,1
28/02/2022 16:23,5
28/02/2022 16:21,5
28/02/2022 16:16,5
28/02/2022 16:01,5
28/02/2022 15:41,4
28/02/2022 15:34,4
28/02/2022 15:34,3
28/02/2022 15:25,1
28/02/2022 15:25,4
28/02/2022 15:25,1
28/02/2022 15:20,5
28/02/2022 15:14,5
28/02/2022 15:12,5
28/02/2022 15:12,5
28/02/2022 15:00,3
28/02/2022 14:57,5
28/02/2022 14:53,1
28/02/2022 14:52,4
28/02/2022 14:44,5
28/02/2022 14:36,4
28/02/2022 14:19,5
28/02/2022 14:17,5
28/02/2022 14:11,5
28/02/2022 14:10,1
28/02/2022 14:02,4
28/02/2022 14:00,5
28/02/2022 14:00,2
28/02/2022 13:56,3
28/02/2022 13:49,4
28/02/2022 13:42,2
28/02/2022 13:35,5
28/02/2022 13:32,5
28/02/2022 13:28,1
28/02/2022 13:20,1
28/02/2022 13:17,1
28/02/2022 13:15,2
28/02/2022 13:10,5
28/02/2022 13:07,5
28/02/2022 13:05,5
28/02/2022 12:36,1
28/02/2022 12:15,5
28/02/2022 12:11,1
28/02/2022 12:00,4
28/02/2022 11:56,3
28/02/2022 11:50,3
28/02/2022 11:48,1
28/02/2022 11:45,4
28/02/2022 11:42,5
28/02/2022 11:31,4
28/02/2022 11:28,1
28/02/2022 11:24,4
28/02/2022 11:22,4
28/02/2022 11:22,2
28/02/2022 11:16,5
28/02/2022 11:14,2
28/02/2022 11:14,5
28/02/2022 11:12,2
28/02/2022 11:04,1
28/02/2022 11:02,5
28/02/2022 10:42,4
28/02/2022 10:42,5
28/02/2022 10:33,5
28/02/2022 10:18,1
28/02/2022 10:13,3
28/02/2022 10:11,2
28/02/2022 10:11,4
28/02/2022 10:09,4
28/02/2022 10:05,5
28/02/2022 09:59,5
28/02/2022 09:58,5
28/02/2022 09:48,2
28/02/2022 09:43,4
28/02/2022 09:21,5
28/02/2022 09:19,1
28/02/2022 09:11,4
28/02/2022 09:06,1
28/02/2022 08:51,5
28/02/2022 08:41,2
28/02/2022 08:25,1
28/02/2022 08:08,1
28/02/2022 08:06,5
28/02/2022 08:01,4
28/02/2022 08:00,1
28/02/2022 07:59,5
28/02/2022 07:54,5
28/02/2022 07:42,2
28/02/2022 07:35,2
28/02/2022 07:21,3
28/02/2022 07:07,4
28/02/2022 06:53,5
28/02/2022 06:51,5
28/02/2022 06:51,1
28/02/2022 06:50,5
28/02/2022 06:30,4
28/02/2022 06:28,3
28/02/2022 06:18,2
28/02/2022 06:01,4
28/02/2022 06:00,1
28/02/2022 05:54,4
28/02/2022 05:32,5
28/02/2022 05:14,5
28/02/2022 05:13,1
28/02/2022 05:09,3
28/02/2022 05:05,2
28/02/2022 05:04,5
28/02/2022 04:57,4
28/02/2022 04:29,4
28/02/2022 04:28,1
28/02/2022 04:24,4
28/02/2022 04:15,5
28/02/2022 04:13,1
28/02/2022 04:13,3
28/02/2022 04:13,1
28/02/2022 03:49,1
28/02/2022 03:23,3
28/02/2022 02:44,2
28/02/2022 02:44,5
28/02/2022 02:44,4
28/02/2022 02:40,3
28/02/2022 02:31,3
28/02/2022 02:13,1
28/02/2022 01:59,1
28/02/2022 01:52,3
28/02/2022 01:48,5
28/02/2022 01:14,2
28/02/2022 01:10,5
28/02/2022 01:00,1
28/02/2022 00:57,5
28/02/2022 00:51,1
28/02/2022 00:48,3
28/02/2022 00:34,5
28/02/2022 00:27,1
28/02/2022 00:26,1
28/02/2022 00:23,5
28/02/2022 00:19,1
28/02/2022 00:16,2
28/02/2022 00:10,5
28/02/2022 00:05,1
27/02/2022 23:48,1
27/02/2022 23:42,1
27/02/2022 23:38,5
27/02/2022 23:38,2
27/02/2022 23:30,4
27/02/2022 23:30,3
27/02/2022 23:08,1
27/02/2022 23:01,5
27/02/2022 22:53,5
27/02/2022 22:46,2
27/02/2022 22:40,5
27/02/2022 22:39,1
27/02/2022 22:37,3
27/02/2022 22:24,1
27/02/2022 22:02,5
27/02/2022 22:01,4
27/02/2022 21:58,5
27/02/2022 21:56,5
27/02/2022 21:56,1
27/02/2022 21:55,1
27/02/2022 21:55,5
27/02/2022 21:53,5
27/02/2022 21:45,5
27/02/2022 21:36,4
27/02/2022 21:35,3
27/02/2022 21:31,5
27/02/2022 21:30,4
27/02/2022 21:28,4
27/02/2022 21:27,4
27/02/2022 21:22,3
27/02/2022 21:18,5
27/02/2022 20:38,5
27/02/2022 20:34,5
27/02/2022 20:33,4
27/02/2022 20:30,5
27/02/2022 20:29,3
27/02/2022 20:23,5
27/02/2022 20:22,4
27/02/2022 20:17,2
27/02/2022 20:14,1
27/02/2022 20:14,4
27/02/2022 20:10,4
27/02/2022 20:08,5
27/02/2022 20:02,1
27/02/2022 19:56,4
27/02/2022 19:50,4
27/02/2022 19:46,5
27/02/2022 19:42,2
27/02/2022 19:39,5
27/02/2022 19:36,1
27/02/2022 19:23,1
27/02/2022 19:22,1
27/02/2022 19:12,5
27/02/2022 19:09,1
27/02/2022 19:07,1
27/02/2022 19:07,1
27/02/2022 19:05,4
27/02/2022 19:04,3
27/02/2022 19:01,5
27/02/2022 18:57,1
27/02/2022 18:50,2
27/02/2022 18:45,4
27/02/2022 18:44,5
27/02/2022 18:42,1
27/02/2022 18:41,4
27/02/2022 18:35,1
27/02/2022 18:29,5
27/02/2022 18:26,5
27/02/2022 18:25,4
27/02/2022 18:21,3
27/02/2022 18:18,3
27/02/2022 18:13,3
27/02/2022 18:11,1
27/02/2022 18:10,1
27/02/2022 18:09,1
27/02/2022 18:04,5
27/02/2022 18:02,2
27/02/2022 18:01,2
27/02/2022 17:59,5
27/02/2022 17:57,3
27/02/2022 17:35,3
27/02/2022 17:30,2
27/02/2022 17:28,5
27/02/2022 17:22,4
27/02/2022 17:21,5
27/02/2022 17:20,1
27/02/2022 17:12,5
27/02/2022 16:58,5
27/02/2022 16:56,3
27/02/2022 16:54,5
27/02/2022 16:49,1
27/02/2022 16:46,5
27/02/2022 16:35,5
27/02/2022 16:33,3
27/02/2022 16:23,2
27/02/2022 16:19,4
27/02/2022 16:17,5
27/02/2022 16:05,5
27/02/2022 16:01,5
27/02/2022 15:57,3
27/02/2022 15:56,5
27/02/2022 15:52,2
27/02/2022 15:49,5
27/02/2022 15:42,3
27/02/2022 15:41,5
27/02/2022 15:41,5
27/02/2022 15:39,4
27/02/2022 15:38,1
27/02/2022 15:36,1
27/02/2022 15:24,2
27/02/2022 15:18,2
27/02/2022 15:17,1
27/02/2022 15:13,1
27/02/2022 15:10,4
27/02/2022 15:09,1
27/02/2022 15:07,5
27/02/2022 15:00,3
27/02/2022 14:57,3
27/02/2022 14:56,4
27/02/2022 14:56,1
27/02/2022 14:52,4
27/02/2022 14:51,4
27/02/2022 14:50,5
27/02/2022 14:42,3
27/02/2022 14:42,4
27/02/2022 14:37,4
27/02/2022 14:30,5
27/02/2022 14:25,1
27/02/2022 14:23,5
27/02/2022 14:16,5
27/02/2022 14:16,5
27/02/2022 14:10,5
27/02/2022 14:09,5
27/02/2022 14:03,5
27/02/2022 13:44,3
27/02/2022 13:38,5
27/02/2022 13:25,1
27/02/2022 13:21,2
27/02/2022 13:15,4
27/02/2022 13:10,5
27/02/2022 13:02,4
27/02/2022 12:52,5
27/02/2022 12:51,4
27/02/2022 12:48,4
27/02/2022 12:37,1
27/02/2022 12:36,4
27/02/2022 12:28,4
27/02/2022 12:22,1
27/02/2022 12:21,1
27/02/2022 12:17,1
27/02/2022 12:09,2
27/02/2022 12:07,2
27/02/2022 11:47,1
27/02/2022 11:44,1
27/02/2022 11:33,5
27/02/2022 11:31,4
27/02/2022 11:26,5
27/02/2022 11:22,5
27/02/2022 11:19,3
27/02/2022 11:17,5
27/02/2022 11:15,5
27/02/2022 11:03,1
27/02/2022 11:03,5
27/02/2022 10:50,5
27/02/2022 10:49,4
27/02/2022 10:39,4
27/02/2022 10:34,5
27/02/2022 10:34,5
27/02/2022 10:10,1
27/02/2022 10:02,2
27/02/2022 10:01,2
27/02/2022 09:49,5
27/02/2022 09:38,5
27/02/2022 09:38,5
27/02/2022 09:28,1
27/02/2022 09:19,4
27/02/2022 08:53,4
27/02/2022 08:42,1
27/02/2022 08:32,2
27/02/2022 08:26,4
27/02/2022 08:23,5
27/02/2022 08:09,1
27/02/2022 08:06,2
27/02/2022 08:01,1
27/02/2022 07:33,5
27/02/2022 07:28,5
27/02/2022 07:18,5
27/02/2022 07:05,3
27/02/2022 07:03,5
27/02/2022 06:44,1
27/02/2022 06:41,5
27/02/2022 06:38,5
27/02/2022 06:21,4
27/02/2022 06:14,1
27/02/2022 06:11,4
27/02/2022 06:11,1
27/02/2022 06:05,3
27/02/2022 06:02,5
27/02/2022 06:02,5
27/02/2022 05:54,4
27/02/2022 05:28,4
27/02/2022 05:28,2
27/02/2022 05:27,5
27/02/2022 05:05,3
27/02/2022 05:03,4
27/02/2022 04:55,3
27/02/2022 04:52,3
27/02/2022 04:39,4
27/02/2022 04:37,5
27/02/2022 04:27,5
27/02/2022 03:49,5
27/02/2022 03:42,5
27/02/2022 03:38,1
27/02/2022 03:35,5
27/02/2022 03:26,2
27/02/2022 03:22,1
27/02/2022 03:00,4
27/02/2022 02:59,1
27/02/2022 02:55,3
27/02/2022 02:55,2
27/02/2022 02:50,1
27/02/2022 02:46,1
27/02/2022 02:37,5
27/02/2022 02:28,5
27/02/2022 02:13,5
27/02/2022 02:10,5
27/02/2022 01:42,5
27/02/2022 01:39,1
27/02/2022 01:34,1
27/02/2022 01:30,2
27/02/2022 01:27,1
27/02/2022 01:23,5
27/02/2022 01:22,3
27/02/2022 01:17,1
27/02/2022 01:13,5
27/02/2022 00:58,3
27/02/2022 00:52,3
27/02/2022 00:51,4
27/02/2022 00:45,1
27/02/2022 00:36,5
27/02/2022 00:26,1
27/02/2022 00:23,2
27/02/2022 00:19,5
27/02/2022 00:11,2
27/02/2022 00:09,5
26/02/2022 23:53,5
26/02/2022 23:53,5
26/02/2022 23:45,1
26/02/2022 23:41,5
26/02/2022 23:33,5
26/02/2022 23:32,5
26/02/2022 23:23,3
26/02/2022 23:17,5
26/02/2022 23:12,5
26/02/2022 23:06,5
26/02/2022 23:04,5
26/02/2022 22:56,5
26/02/2022 22:55,1
26/02/2022 22:28,4
26/02/2022 22:11,5
26/02/2022 22:10,1
26/02/2022 22:03,2
26/02/2022 21:53,1
26/02/2022 21:42,2
26/02/2022 21:38,1
26/02/2022 21:34,5
26/02/2022 21:26,1
26/02/2022 21:21,4
26/02/2022 21:17,5
26/02/2022 21:09,1
26/02/2022 21:05,5
26/02/2022 20:57,5
26/02/2022 20:56,1
26/02/2022 20:38,1
26/02/2022 20:34,5
26/02/2022 20:24,4
26/02/2022 20:18,1
26/02/2022 20:02,1
26/02/2022 19:54,2
26/02/2022 19:54,3
26/02/2022 19:50,3
26/02/2022 19:38,3
26/02/2022 19:33,5
26/02/2022 19:31,1
26/02/2022 19:27,5
26/02/2022 19:12,4
26/02/2022 19:10,5
26/02/2022 19:10,5
26/02/2022 19:01,1
26/02/2022 19:01,5
26/02/2022 18:48,1
26/02/2022 18:47,2
26/02/2022 18:44,4
26/02/2022 18:43,5
26/02/2022 18:40,5
26/02/2022 18:38,1
26/02/2022 18:38,5
26/02/2022 18:29,5
26/02/2022 18:28,5
26/02/2022 18:26,3
26/02/2022 18:26,5
26/02/2022 18:22,5
26/02/2022 18:21,4
26/02/2022 18:18,1
26/02/2022 18:06,5
26/02/2022 17:55,5
26/02/2022 17:53,3
26/02/2022 17:46,4
26/02/2022 17:44,5
26/02/2022 17:37,3
26/02/2022 17:35,5
26/02/2022 17:33,3
26/02/2022 17:29,1
26/02/2022 17:29,5
26/02/2022 17:26,5
26/02/2022 17:14,2
26/02/2022 17:13,5
26/02/2022 17:12,4
26/02/2022 17:10,5
26/02/2022 17:09,3
26/02/2022 17:06,5
26/02/2022 17:04,2
26/02/2022 17:02,1
26/02/2022 16:59,5
26/02/2022 16:57,3
26/02/2022 16:55,1
26/02/2022 16:49,1
26/02/2022 16:37,4
26/02/2022 16:32,1
26/02/2022 16:29,4
26/02/2022 16:28,3
26/02/2022 16:13,1
26/02/2022 16:11,4
26/02/2022 16:10,4
26/02/2022 16:04,5
26/02/2022 15:55,4
26/02/2022 15:50,1
26/02/2022 15:34,2
26/02/2022 15:31,4
26/02/2022 15:29,5
26/02/2022 15:14,2
26/02/2022 15:07,5
26/02/2022 15:04,3
26/02/2022 15:04,5
26/02/2022 15:03,5
26/02/2022 14:55,1
26/02/2022 14:55,4
26/02/2022 14:54,3
26/02/2022 14:53,5
26/02/2022 14:47,4
26/02/2022 14:43,1
26/02/2022 14:31,5
26/02/2022 14:29,5
26/02/2022 14:26,3
26/02/2022 14:21,3
26/02/2022 14:08,1
26/02/2022 14:04,2
26/02/2022 14:02,1
26/02/2022 13:58,1
26/02/2022 13:56,5
26/02/2022 13:49,4
26/02/2022 13:47,2
26/02/2022 13:34,1
26/02/2022 13:34,5
26/02/2022 13:32,5
26/02/2022 13:30,4
26/02/2022 13:29,5
26/02/2022 12:57,2
26/02/2022 12:55,3
26/02/2022 12:50,1
26/02/2022 12:49,2
26/02/2022 12:44,5
26/02/2022 12:42,4
26/02/2022 12:40,1
26/02/2022 12:37,4
26/02/2022 12:21,4
26/02/2022 12:17,5
26/02/2022 12:08,4
26/02/2022 12:03,1
26/02/2022 11:51,5
26/02/2022 11:42,3
26/02/2022 11:38,3
26/02/2022 11:34,4
26/02/2022 10:54,1
26/02/2022 10:43,5
26/02/2022 10:41,5
26/02/2022 10:41,5
26/02/2022 10:40,4
26/02/2022 10:40,2
26/02/2022 10:40,4
26/02/2022 10:39,4
26/02/2022 10:22,5
26/02/2022 10:10,3
26/02/2022 10:09,5
26/02/2022 10:07,1
26/02/2022 10:02,5
26/02/2022 10:01,5
26/02/2022 09:59,5
26/02/2022 09:57,3
26/02/2022 09:47,5
26/02/2022 09:47,5
26/02/2022 09:44,1
26/02/2022 09:43,3
26/02/2022 09:35,2
26/02/2022 09:27,1
26/02/2022 09:25,1
26/02/2022 09:07,1
26/02/2022 09:07,3
26/02/2022 08:48,4
26/02/2022 08:36,3
26/02/2022 08:16,1
26/02/2022 08:03,3
26/02/2022 08:00,1
26/02/2022 07:50,5
26/02/2022 07:38,5
26/02/2022 07:37,1
26/02/2022 07:32,3
26/02/2022 07:27,5
26/02/2022 07:22,1
26/02/2022 07:19,1
26/02/2022 06:51,5
26/02/2022 06:49,4
26/02/2022 06:43,5
26/02/2022 06:42,4
26/02/2022 06:35,2
26/02/2022 06:33,5
26/02/2022 06:25,5
26/02/2022 06:20,4
26/02/2022 06:20,5
26/02/2022 06:12,5
26/02/2022 06:10,5
26/02/2022 06:08,3
26/02/2022 06:01,3
26/02/2022 05:44,2
26/02/2022 05:41,3
26/02/2022 05:40,4
26/02/2022 05:27,2
26/02/2022 05:16,1
26/02/2022 04:57,1
26/02/2022 04:53,1
26/02/2022 04:52,1
26/02/2022 04:50,5
26/02/2022 04:47,3
26/02/2022 04:39,3
26/02/2022 04:38,5
26/02/2022 04:20,4
26/02/2022 04:12,1
26/02/2022 04:06,1
26/02/2022 04:05,4
26/02/2022 03:57,4
26/02/2022 03:53,5
26/02/2022 03:46,2
26/02/2022 03:42,5
26/02/2022 03:36,1
26/02/2022 03:35,4
26/02/2022 03:09,3
26/02/2022 03:05,5
26/02/2022 03:05,1
26/02/2022 03:02,5
26/02/2022 02:45,1
26/02/2022 02:39,5
26/02/2022 02:36,4
26/02/2022 02:22,1
26/02/2022 02:14,4
26/02/2022 02:06,5
26/02/2022 02:03,1
26/02/2022 02:00,4
26/02/2022 01:59,1
26/02/2022 01:53,3
26/02/2022 01:52,5
26/02/2022 01:49,1
26/02/2022 01:35,4
26/02/2022 01:34,1
26/02/2022 01:28,5
26/02/2022 01:19,4
26/02/2022 01:18,2
26/02/2022 00:52,1
26/02/2022 00:17,5
26/02/2022 00:14,2
26/02/2022 00:11,5
26/02/2022 00:00,3
25/02/2022 23:58,5
25/02/2022 23:23,3
25/02/2022 23:22,1
25/02/2022 23:21,3
25/02/2022 23:18,4
25/02/2022 23:15,1
25/02/2022 23:14,5
25/02/2022 23:10,5
25/02/2022 23:00,3
25/02/2022 22:57,5
25/02/2022 22:48,2
25/02/2022 22:39,3
25/02/2022 22:37,5
25/02/2022 22:28,5
25/02/2022 22:24,5
25/02/2022 22:22,5
25/02/2022 22:13,4
25/02/2022 22:08,4
25/02/2022 22:05,1
25/02/2022 22:01,1
25/02/2022 21:58,3
25/02/2022 21:53,1
25/02/2022 21:47,4
25/02/2022 21:45,1
25/02/2022 21:39,1
25/02/2022 21:37,1
25/02/2022 21:32,4
25/02/2022 21:30,1
25/02/2022 21:27,5
25/02/2022 21:26,3
25/02/2022 21:22,2
25/02/2022 21:22,5
25/02/2022 20:59,1
25/02/2022 20:59,5
25/02/2022 20:58,1
25/02/2022 20:58,5
25/02/2022 20:44,3
25/02/2022 20:30,5
25/02/2022 20:24,4
25/02/2022 20:24,1
25/02/2022 20:21,1
25/02/2022 20:04,5
25/02/2022 19:59,2
25/02/2022 19:51,5
25/02/2022 19:49,5
25/02/2022 19:48,1
25/02/2022 19:45,3
25/02/2022 19:42,2
25/02/2022 19:35,3
25/02/2022 19:34,1
25/02/2022 19:26,5
25/02/2022 19:25,1
25/02/2022 19:20,1
25/02/2022 19:10,2
25/02/2022 19:10,3
25/02/2022 18:52,1
25/02/2022 18:48,4
25/02/2022 18:47,5
25/02/2022 18:42,3
25/02/2022 18:38,1
25/02/2022 18:31,1
25/02/2022 18:23,5
25/02/2022 18:08,1
25/02/2022 18:00,5
25/02/2022 17:59,5
25/02/2022 17:50,2
25/02/2022 17:48,5
25/02/2022 17:35,2
25/02/2022 17:16,3
25/02/2022 17:09,4
25/02/2022 17:08,3
25/02/2022 17:04,2
25/02/2022 16:59,5
25/02/2022 16:55,3
25/02/2022 16:55,5
25/02/2022 16:54,1
25/02/2022 16:53,5
25/02/2022 16:49,1
25/02/2022 16:47,5
25/02/2022 16:42,2
25/02/2022 16:40,3
25/02/2022 16:36,5
25/02/2022 16:28,5
25/02/2022 16:23,5
25/02/2022 16:20,1
25/02/2022 16:13,2
25/02/2022 16:04,1
25/02/2022 16:03,4
25/02/2022 15:55,5
25/02/2022 15:52,5
25/02/2022 15:51,1
25/02/2022 15:48,5
25/02/2022 15:41,1
25/02/2022 15:34,5
25/02/2022 15:30,2
25/02/2022 15:28,1
25/02/2022 15:13,1
25/02/2022 15:08,1
25/02/2022 15:07,5
25/02/2022 14:57,5
25/02/2022 14:48,4
25/02/2022 14:47,2
25/02/2022 14:35,5
25/02/2022 14:30,5
25/02/2022 14:26,2
25/02/2022 14:24,5
25/02/2022 14:19,4
25/02/2022 14:18,1
25/02/2022 14:15,5
25/02/2022 14:14,5
25/02/2022 13:49,5
25/02/2022 13:38,5
25/02/2022 13:33,1
25/02/2022 13:13,2
25/02/2022 13:06,5
25/02/2022 13:05,1
25/02/2022 13:04,5
25/02/2022 13:01,1
25/02/2022 12:59,5
25/02/2022 12:44,3
25/02/2022 12:38,1
25/02/2022 12:38,4
25/02/2022 12:27,1
25/02/2022 12:09,1
25/02/2022 12:09,5
25/02/2022 12:00,2
25/02/2022 11:55,5
25/02/2022 11:43,4
25/02/2022 11:38,5
25/02/2022 11:37,4
25/02/2022 11:30,2
25/02/2022 11:25,2
25/02/2022 11:06,5
25/02/2022 11:05,5
25/02/2022 10:59,5
25/02/2022 10:55,1
25/02/2022 10:43,4
25/02/2022 10:14,5
25/02/2022 10:12,3
25/02/2022 10:04,1
25/02/2022 10:04,5
25/02/2022 09:58,2
25/02/2022 09:52,3
25/02/2022 09:46,5
25/02/2022 09:44,3
25/02/2022 09:44,1
25/02/2022 09:33,1
25/02/2022 09:31,4
25/02/2022 09:17,5
25/02/2022 09:15,1
25/02/2022 09:10,5
25/02/2022 09:01,4
25/02/2022 08:34,5
25/02/2022 08:30,1
25/02/2022 08:29,5
25/02/2022 08:16,1
25/02/2022 08:10,1
25/02/2022 08:09,1
25/02/2022 08:03,5
25/02/2022 07:39,5
25/02/2022 07:27,1
25/02/2022 07:26,4
25/02/2022 07:17,2
25/02/2022 07:04,1
25/02/2022 07:03,1
25/02/2022 07:01,4
25/02/2022 06:45,3
25/02/2022 06:41,1
25/02/2022 06:39,3
25/02/2022 06:34,1
25/02/2022 06:31,5
25/02/2022 06:20,5
25/02/2022 06:06,5
25/02/2022 05:53,2
25/02/2022 05:52,5
25/02/2022 05:51,1
25/02/2022 05:50,3
25/02/2022 05:48,5
25/02/2022 05:47,5
25/02/2022 05:47,5
25/02/2022 05:42,3
25/02/2022 05:39,4
25/02/2022 05:31,4
25/02/2022 05:12,3
25/02/2022 05:06,2
25/02/2022 05:02,2
25/02/2022 04:56,5
25/02/2022 04:53,5
25/02/2022 04:30,5
25/02/2022 04:24,4
25/02/2022 04:19,4
25/02/2022 03:57,4
25/02/2022 03:47,3
25/02/2022 03:41,1
25/02/2022 03:31,4
25/02/2022 03:30,2
25/02/2022 03:26,5
25/02/2022 02:53,3
25/02/2022 02:52,5
25/02/2022 02:50,5
25/02/2022 02:32,4
25/02/2022 02:19,5
25/02/2022 01:55,5
25/02/2022 01:54,1
25/02/2022 01:44,2
25/02/2022 01:43,3
25/02/2022 01:41,5
25/02/2022 01:38,5
25/02/2022 01:36,5
25/02/2022 01:29,5
25/02/2022 01:25,5
25/02/2022 01:24,1
25/02/2022 01:16,5
25/02/2022 01:06,4
25/02/2022 00:52,2
25/02/2022 00:49,3
25/02/2022 00:48,2
25/02/2022 00:38,1
25/02/2022 00:37,5
25/02/2022 00:24,5
25/02/2022 00:14,5
25/02/2022 00:12,2
25/02/2022 00:12,5
25/02/2022 00:12,1
25/02/2022 00:12,2
25/02/2022 00:11,5
25/02/2022 00:07,5
24/02/2022 23:57,1
24/02/2022 23:52,5
24/02/2022 23:51,1
24/02/2022 23:51,5
24/02/2022 23:43,3
24/02/2022 23:39,2
24/02/2022 23:35,5
24/02/2022 23:28,5
24/02/2022 23:19,5
24/02/2022 23:11,3
24/02/2022 23:01,2
24/02/2022 22:46,5
24/02/2022 22:30,4
24/02/2022 22:28,5
24/02/2022 22:26,1
24/02/2022 22:17,5
24/02/2022 22:15,3
24/02/2022 22:14,3
24/02/2022 22:11,5
24/02/2022 22:02,1
24/02/2022 21:51,5
24/02/2022 21:44,5
24/02/2022 21:31,1
24/02/2022 21:30,4
24/02/2022 21:30,1
24/02/2022 21:29,3
24/02/2022 21:27,1
24/02/2022 21:27,1
24/02/2022 21:25,5
24/02/2022 21:21,2
24/02/2022 21:20,3
24/02/2022 21:17,3
24/02/2022 21:14,4
24/02/2022 21:13,2
24/02/2022 21:06,3
24/02/2022 21:04,4
24/02/2022 20:56,1
24/02/2022 20:46,1
24/02/2022 20:41,4
24/02/2022 20:38,5
24/02/2022 20:35,5
24/02/2022 20:31,3
24/02/2022 20:29,3
24/02/2022 20:28,5
24/02/2022 20:08,5
24/02/2022 20:04,4
24/02/2022 19:51,4
24/02/2022 19:50,5
24/02/2022 19:28,5
24/02/2022 19:27,1
24/02/2022 19:22,4
24/02/2022 19:12,5
24/02/2022 19:00,1
24/02/2022 18:50,3
24/02/2022 18:41,2
24/02/2022 18:38,5
24/02/2022 18:36,5
24/02/2022 18:24,2
24/02/2022 18:22,5
24/02/2022 18:15,5
24/02/2022 18:12,5
24/02/2022 18:03,4
24/02/2022 18:01,1
24/02/2022 17:50,4
24/02/2022 17:49,5
24/02/2022 17:48,5
24/02/2022 17:48,1
24/02/2022 17:39,4
24/02/2022 17:33,2
24/02/2022 17:24,3
24/02/2022 17:10,4
24/02/2022 17:08,4
24/02/2022 17:06,3
24/02/2022 17:04,3
24/02/2022 17:00,5
24/02/2022 16:58,5
24/02/2022 16:58,1
24/02/2022 16:45,5
24/02/2022 16:40,5
24/02/2022 16:38,5
24/02/2022 16:27,5
24/02/2022 16:26,5
24/02/2022 16:18,5
24/02/2022 16:16,5
24/02/2022 16:14,1
24/02/2022 16:11,4
24/02/2022 16:09,5
24/02/2022 15:59,1
24/02/2022 15:59,2
24/02/2022 15:53,1
24/02/2022 15:53,1
24/02/2022 15:52,4
24/02/2022 15:52,4
24/02/2022 15:44,5
24/02/2022 15:43,1
24/02/2022 15:40,5
24/02/2022 15:29,5
24/02/2022 15:27,1
24/02/2022 15:22,1
24/02/2022 15:14,5
24/02/2022 15:10,1
24/02/2022 15:03,5
24/02/2022 15:01,2
24/02/2022 14:53,5
24/02/2022 14:49,4
24/02/2022 14:48,5
24/02/2022 14:46,1
24/02/2022 14:34,3
24/02/2022 14:33,5
24/02/2022 14:20,4
24/02/2022 14:05,4
24/02/2022 14:04,5
24/02/2022 13:58,1
24/02/2022 13:49,2
24/02/2022 13:32,5
24/02/2022 13:25,1
24/02/2022 13:23,5
24/02/2022 13:18,4
24/02/2022 13:15,5
24/02/2022 13:13,1
24/02/2022 13:11,5
24/02/2022 13:02,5
24/02/2022 12:58,1
24/02/2022 12:53,3
24/02/2022 12:42,5
24/02/2022 12:41,2
24/02/2022 12:29,1
24/02/2022 12:26,5
24/02/2022 12:18,1
24/02/2022 12:18,1
24/02/2022 12:15,3
24/02/2022 12:08,5
24/02/2022 12:07,5
24/02/2022 11:49,5
24/02/2022 11:17,3
24/02/2022 11:16,4
24/02/2022 11:09,5
24/02/2022 11:02,5
24/02/2022 10:29,5
24/02/2022 10:28,4
24/02/2022 10:27,5
24/02/2022 10:25,4
24/02/2022 10:24,4
24/02/2022 10:23,4
24/02/2022 10:18,5
24/02/2022 10:16,5
24/02/2022 10:13,2
24/02/2022 10:11,5
24/02/2022 10:05,5
24/02/2022 09:46,4
24/02/2022 09:45,2
24/02/2022 09:36,1
24/02/2022 09:25,5
24/02/2022 09:07,1
24/02/2022 08:43,4
24/02/2022 08:36,5
24/02/2022 08:29,1
24/02/2022 08:28,5
24/02/2022 08:19,4
24/02/2022 08:17,3
24/02/2022 08:15,2
24/02/2022 08:14,5
24/02/2022 07:47,5
24/02/2022 07:41,1
24/02/2022 07:34,2
24/02/2022 07:32,1
24/02/2022 07:00,5
24/02/2022 06:57,4
24/02/2022 06:40,1
24/02/2022 06:38,5
24/02/2022 06:32,3
24/02/2022 06:28,5
24/02/2022 06:23,1
24/02/2022 05:54,5
24/02/2022 05:46,1
24/02/2022 05:45,4
24/02/2022 05:39,3
24/02/2022 05:37,1
24/02/2022 05:33,4
24/02/2022 05:29,5
24/02/2022 05:22,3
24/02/2022 05:19,2
24/02/2022 05:09,1
24/02/2022 05:09,1
24/02/2022 05:05,1
24/02/2022 04:46,5
24/02/2022 04:31,3
24/02/2022 04:28,5
24/02/2022 04:27,5
24/02/2022 04:26,2
24/02/2022 04:24,5
24/02/2022 04:14,1
24/02/2022 04:12,4
24/02/2022 04:02,5
24/02/2022 03:59,2
24/02/2022 03:42,3
24/02/2022 03:32,1
24/02/2022 03:31,5
24/02/2022 03:29,4
24/02/2022 03:23,2
24/02/2022 03:23,3
24/02/2022 03:20,1
24/02/2022 03:06,2
24/02/2022 03:00,2
24/02/2022 02:57,1
24/02/2022 02:52,5
24/02/2022 02:40,5
24/02/2022 02:40,2
24/02/2022 02:39,5
24/02/2022 02:37,5
24/02/2022 02:37,5
24/02/2022 02:33,5
24/02/2022 02:27,5
24/02/2022 02:26,1
24/02/2022 02:18,2
24/02/2022 02:13,1
24/02/2022 02:04,5
24/02/2022 02:01,5
24/02/2022 01:48,5
24/02/2022 01:44,2
24/02/2022 01:31,2
24/02/2022 01:24,5
24/02/2022 01:16,5
24/02/2022 01:14,5
24/02/2022 01:13,4
24/02/2022 01:10,5
24/02/2022 01:01,4
24/02/2022 00:48,1
24/02/2022 00:48,3
24/02/2022 00:44,5
24/02/2022 00:35,4
24/02/2022 00:24,5
24/02/2022 00:19,1
24/02/2022 00:17,5
24/02/2022 00:16,5
24/02/2022 00:12,1
24/02/2022 00:05,5
24/02/2022 00:03,5
23/02/2022 23:50,5
23/02/2022 23:45,4
23/02/2022 23:45,1
23/02/2022 23:36,3
23/02/2022 23:29,3
23/02/2022 23:22,4
23/02/2022 23:21,1
23/02/2022 23:08,1
23/02/2022 23:05,3
23/02/2022 23:04,4
23/02/2022 23:00,3
23/02/2022 22:52,4
23/02/2022 22:43,1
23/02/2022 22:41,5
23/02/2022 22:38,5
23/02/2022 22:29,1
23/02/2022 22:23,3
23/02/2022 22:20,5
23/02/2022 22:09,5
23/02/2022 21:58,2
23/02/2022 21:53,1
23/02/2022 21:50,5
23/02/2022 21:14,1
23/02/2022 21:02,5
23/02/2022 20:53,2
23/02/2022 20:51,5
23/02/2022 20:49,1
23/02/2022 20:38,1
23/02/2022 20:37,1
23/02/2022 20:29,5
23/02/2022 20:19,4
23/02/2022 20:17,5
23/02/2022 20:04,3
23/02/2022 19:54,5
23/02/2022 19:48,5
23/02/2022 19:44,5
23/02/2022 19:41,5
23/02/2022 19:40,5
23/02/2022 19:40,1
23/02/2022 19:34,3
23/02/2022 19:24,2
23/02/2022 19:16,5
23/02/2022 19:15,3
23/02/2022 19:08,5
23/02/2022 19:07,5
23/02/2022 19:05,3
23/02/2022 18:57,2
23/02/2022 18:57,4
23/02/2022 18:56,5
23/02/2022 18:49,4
23/02/2022 18:35,1
23/02/2022 18:13,2
23/02/2022 18:05,1
23/02/2022 18:01,1
23/02/2022 17:54,1
23/02/2022 17:53,3
23/02/2022 17:51,5
23/02/2022 17:49,1
23/02/2022 17:47,5
23/02/2022 17:38,4
23/02/2022 17:38,1
23/02/2022 17:20,4
23/02/2022 17:08,3
23/02/2022 17:05,5
23/02/2022 17:05,3
23/02/2022 17:02,5
23/02/2022 16:48,1
23/02/2022 16:43,3
23/02/2022 16:42,4
23/02/2022 16:39,5
23/02/2022 16:36,1
23/02/2022 16:32,5
23/02/2022 16:29,5
23/02/2022 16:21,5
23/02/2022 16:17,5
23/02/2022 16:16,5
23/02/2022 16:15,3
23/02/2022 16:08,1
23/02/2022 16:08,1
23/02/2022 15:58,4
23/02/2022 15:46,4
23/02/2022 15:42,3
23/02/2022 15:40,1
23/02/2022 15:38,5
23/02/2022 15:37,4
23/02/2022 15:33,5
23/02/2022 15:33,5
23/02/2022 15:23,5
23/02/2022 15:22,5
23/02/2022 15:20,4
23/02/2022 15:13,4
23/02/2022 15:04,2
23/02/2022 14:58,1
23/02/2022 14:45,2
23/02/2022 14:37,4
23/02/2022 14:33,5
23/02/2022 14:31,1
23/02/2022 14:23,2
23/02/2022 14:23,5
23/02/2022 14:12,5
23/02/2022 14:08,1
23/02/2022 14:05,3
23/02/2022 14:04,1
23/02/2022 13:57,2
23/02/2022 13:50,5
23/02/2022 13:50,3
23/02/2022 13:48,1
23/02/2022 13:44,5
23/02/2022 13:43,5
23/02/2022 13:39,4
23/02/2022 13:33,1
23/02/2022 13:32,4
23/02/2022 13:31,2
23/02/2022 13:28,4
23/02/2022 13:26,3
23/02/2022 13:21,1
23/02/2022 13:20,1
23/02/2022 13:11,5
23/02/2022 13:00,5
23/02/2022 12:58,1
23/02/2022 12:55,1
23/02/2022 12:55,3
23/02/2022 12:51,1
23/02/2022 12:45,1
23/02/2022 12:33,5
23/02/2022 12:27,4
23/02/2022 12:21,5
23/02/2022 12:21,1
23/02/2022 12:19,5
23/02/2022 12:19,5
23/02/2022 12:10,1
23/02/2022 11:58,4
23/02/2022 11:54,1
23/02/2022 11:54,5
23/02/2022 11:48,1
23/02/2022 11:45,5
23/02/2022 11:41,5
23/02/2022 11:36,3
23/02/2022 11:34,1
23/02/2022 11:32,2
23/02/2022 11:29,4
23/02/2022 11:29,5
23/02/2022 11:29,5
23/02/2022 11:13,5
23/02/2022 11:05,4
23/02/2022 10:51,4
23/02/2022 10:51,5
23/02/2022 10:48,3
23/02/2022 10:46,3
23/02/2022 10:44,1
23/02/2022 10:36,4
23/02/2022 10:33,5
23/02/2022 10:32,1
23/02/2022 10:23,3
23/02/2022 10:14,1
23/02/2022 10:12,1
23/02/2022 09:55,2
23/02/2022 09:50,1
23/02/2022 09:36,3
23/02/2022 09:34,5
23/02/2022 09:30,1
23/02/2022 09:28,4
23/02/2022 09:25,4
23/02/2022 09:24,5
23/02/2022 09:23,2
23/02/2022 09:21,1
23/02/2022 09:13,1
23/02/2022 08:58,4
23/02/2022 08:41,5
23/02/2022 08:31,2
23/02/2022 08:19,5
23/02/2022 08:17,4
23/02/2022 08:01,5
23/02/2022 07:58,2
23/02/2022 07:46,2
23/02/2022 07:31,3
23/02/2022 07:29,3
23/02/2022 07:24,5
23/02/2022 07:18,4
23/02/2022 07:18,5
23/02/2022 07:16,4
23/02/2022 07:14,4
23/02/2022 07:08,4
23/02/2022 06:54,5
23/02/2022 06:53,1
23/02/2022 06:50,1
23/02/2022 06:48,5
23/02/2022 06:44,4
23/02/2022 06:41,3
23/02/2022 06:26,1
23/02/2022 06:23,2
23/02/2022 06:20,3
23/02/2022 06:19,1
23/02/2022 06:16,1
23/02/2022 06:11,3
23/02/2022 05:46,1
23/02/2022 05:44,3
23/02/2022 05:32,4
23/02/2022 05:16,5
23/02/2022 05:16,4
23/02/2022 05:16,2
23/02/2022 05:07,4
23/02/2022 04:50,1
23/02/2022 04:40,2
23/02/2022 04:33,5
23/02/2022 04:32,3
23/02/2022 04:32,3
23/02/2022 04:32,5
23/02/2022 04:21,1
23/02/2022 04:20,5
23/02/2022 04:16,2
23/02/2022 04:15,5
23/02/2022 04:15,5
23/02/2022 04:10,1
23/02/2022 04:10,1
23/02/2022 04:02,3
23/02/2022 03:52,4
23/02/2022 03:39,5
23/02/2022 03:35,4
23/02/2022 03:34,5
23/02/2022 03:33,1
23/02/2022 03:22,5
23/02/2022 03:17,5
23/02/2022 03:12,5
23/02/2022 03:07,5
23/02/2022 03:02,3
23/02/2022 02:54,5
23/02/2022 02:43,5
23/02/2022 02:33,1
23/02/2022 02:33,5
23/02/2022 02:32,1
23/02/2022 02:29,5
23/02/2022 02:24,3
23/02/2022 02:22,1
23/02/2022 02:14,5
23/02/2022 02:08,5
23/02/2022 01:39,5
23/02/2022 01:38,5
23/02/2022 01:23,5
23/02/2022 01:21,5
23/02/2022 01:16,2
23/02/2022 01:06,5
23/02/2022 01:01,2
23/02/2022 00:56,1
23/02/2022 00:49,5
23/02/2022 00:47,5
23/02/2022 00:44,5
23/02/2022 00:41,2
23/02/2022 00:29,4
23/02/2022 00:27,3
22/02/2022 23:55,1
22/02/2022 23:50,3
22/02/2022 23:33,1
22/02/2022 23:20,5
22/02/2022 23:11,5
22/02/2022 23:09,1
22/02/2022 23:04,5
22/02/2022 23:03,5
22/02/2022 23:01,3
22/02/2022 22:57,5
22/02/2022 22:54,1
22/02/2022 22:49,1
22/02/2022 22:48,1
22/02/2022 22:43,5
22/02/2022 22:42,1
22/02/2022 22:35,2
22/02/2022 22:26,4
22/02/2022 22:15,3
22/02/2022 22:08,5
22/02/2022 22:07,2
22/02/2022 22:01,5
22/02/2022 21:48,5
22/02/2022 21:48,2
22/02/2022 21:25,3
22/02/2022 21:22,1
22/02/2022 21:20,5
22/02/2022 21:18,4
22/02/2022 21:08,1
22/02/2022 20:55,1
22/02/2022 20:53,5
22/02/2022 20:48,3
22/02/2022 20:42,5
22/02/2022 20:41,5
22/02/2022 20:38,3
22/02/2022 20:34,4
22/02/2022 20:33,1
22/02/2022 20:33,2
22/02/2022 20:28,1
22/02/2022 20:21,1
22/02/2022 20:18,2
22/02/2022 20:16,1
22/02/2022 20:00,4
22/02/2022 19:48,2
22/02/2022 19:48,1
22/02/2022 19:43,1
22/02/2022 19:26,1
22/02/2022 19:22,5
22/02/2022 18:57,1
22/02/2022 18:55,5
22/02/2022 18:52,1
22/02/2022 18:46,4
22/02/2022 18:40,5
22/02/2022 18:40,5
22/02/2022 18:37,1
22/02/2022 18:35,3
22/02/2022 18:31,5
22/02/2022 18:18,5
22/02/2022 18:17,3
22/02/2022 18:02,1
22/02/2022 17:44,2
22/02/2022 17:41,2
22/02/2022 17:38,2
22/02/2022 17:34,1
22/02/2022 17:34,5
22/02/2022 17:32,4
22/02/2022 17:12,2
22/02/2022 17:09,5
22/02/2022 17:01,3
22/02/2022 16:44,5
22/02/2022 16:42,5
22/02/2022 16:38,5
22/02/2022 16:38,3
22/02/2022 16:35,3
22/02/2022 16:28,1
22/02/2022 16:22,4
22/02/2022 16:20,4
22/02/2022 16:12,5
22/02/2022 16:03,5
22/02/2022 15:55,3
22/02/2022 15:47,5
22/02/2022 15:47,4
22/02/2022 15:45,5
22/02/2022 15:39,5
22/02/2022 15:35,2
22/02/2022 15:30,3
22/02/2022 15:29,1
22/02/2022 15:29,2
22/02/2022 15:28,5
22/02/2022 15:19,1
22/02/2022 15:17,2
22/02/2022 15:15,3
22/02/2022 15:12,5
22/02/2022 15:08,5
22/02/2022 15:08,5
22/02/2022 15:02,5
22/02/2022 15:01,1
22/02/2022 15:01,4
22/02/2022 14:58,1
22/02/2022 14:52,5
22/02/2022 14:51,1
22/02/2022 14:49,3
22/02/2022 14:30,4
22/02/2022 14:26,4
22/02/2022 14:26,3
22/02/2022 14:20,1
22/02/2022 14:17,5
22/02/2022 14:15,4
22/02/2022 14:14,5
22/02/2022 14:07,5
22/02/2022 13:52,5
22/02/2022 13:51,5
22/02/2022 13:47,4
22/02/2022 13:42,1
22/02/2022 13:41,5
22/02/2022 13:31,2
22/02/2022 13:29,3
22/02/2022 13:28,5
22/02/2022 13:16,5
22/02/2022 13:14,5
22/02/2022 13:04,5
22/02/2022 13:03,5
22/02/2022 13:03,1
22/02/2022 12:56,3
22/02/2022 12:43,3
22/02/2022 12:22,5
22/02/2022 12:21,2
22/02/2022 12:17,5
22/02/2022 12:16,4
22/02/2022 12:10,5
22/02/2022 11:50,5
22/02/2022 11:40,5
22/02/2022 11:39,1
22/02/2022 11:34,3
22/02/2022 11:31,4
22/02/2022 11:19,4
22/02/2022 11:13,5
22/02/2022 10:53,5
22/02/2022 10:53,4
22/02/2022 10:53,2
22/02/2022 10:52,5
22/02/2022 10:49,1
22/02/2022 10:25,5
22/02/2022 10:24,1
22/02/2022 10:21,1
22/02/2022 10:17,3
22/02/2022 09:59,5
22/02/2022 09:53,4
22/02/2022 09:51,5
22/02/2022 09:46,5
22/02/2022 09:36,3
22/02/2022 09:29,1
22/02/2022 09:26,4
22/02/2022 09:07,5
22/02/2022 09:06,5
22/02/2022 08:56,2
22/02/2022 08:46,1
22/02/2022 08:41,5
22/02/2022 08:38,5
22/02/2022 08:23,1
22/02/2022 08:20,2
22/02/2022 08:19,1
22/02/2022 08:18,5
22/02/2022 08:17,5
22/02/2022 08:14,4
22/02/2022 07:52,5
22/02/2022 07:51,5
22/02/2022 07:48,1
22/02/2022 07:37,3
22/02/2022 07:36,5
22/02/2022 07:30,4
22/02/2022 07:26,3
22/02/2022 07:09,2
22/02/2022 06:57,3
22/02/2022 06:53,5
22/02/2022 06:47,1
22/02/2022 06:40,4
22/02/2022 06:33,3
22/02/2022 06:19,5
22/02/2022 06:14,3
22/02/2022 06:09,2
22/02/2022 06:08,2
22/02/2022 05:57,5
22/02/2022 05:48,2
22/02/2022 05:46,1
22/02/2022 05:36,3
22/02/2022 05:18,5
22/02/2022 05:13,5
22/02/2022 05:10,5
22/02/2022 05:07,5
22/02/2022 04:55,3
22/02/2022 04:54,4
22/02/2022 04:46,5
22/02/2022 04:38,4
22/02/2022 04:32,4
22/02/2022 04:30,2
22/02/2022 04:27,5
22/02/2022 04:13,1
22/02/2022 03:54,1
22/02/2022 03:54,5
22/02/2022 03:46,2
22/02/2022 03:35,1
22/02/2022 03:34,3
22/02/2022 03:28,4
22/02/2022 03:23,1
22/02/2022 03:17,5
22/02/2022 03:08,1
22/02/2022 03:06,4
22/02/2022 03:01,5
22/02/2022 02:58,3
22/02/2022 02:49,5
22/02/2022 02:47,2
22/02/2022 02:46,4
22/02/2022 02:39,3
22/02/2022 02:36,4
22/02/2022 02:28,2
22/02/2022 02:22,3
22/02/2022 02:16,1
22/02/2022 02:05,1
22/02/2022 02:02,5
22/02/2022 02:00,4
22/02/2022 01:54,2
22/02/2022 01:22,5
22/02/2022 01:18,5
22/02/2022 00:37,1
22/02/2022 00:36,1
22/02/2022 00:30,5
22/02/2022 00:06,2
22/02/2022 00:04,3
21/02/2022 23:46,5
21/02/2022 23:46,3
21/02/2022 23:35,5
21/02/2022 23:30,1
21/02/2022 23:17,1
21/02/2022 23:15,4
21/02/2022 23:13,5
21/02/2022 22:59,1
21/02/2022 22:51,5
21/02/2022 22:46,5
21/02/2022 22:45,3
21/02/2022 22:41,4
21/02/2022 22:40,3
21/02/2022 22:35,1
21/02/2022 22:24,5
21/02/2022 22:21,2
21/02/2022 22:09,2
21/02/2022 22:08,4
21/02/2022 22:06,4
21/02/2022 22:05,4
21/02/2022 22:02,3
21/02/2022 22:02,5
21/02/2022 22:00,5
21/02/2022 21:49,2
21/02/2022 21:49,2
21/02/2022 21:44,5
21/02/2022 21:27,5
21/02/2022 21:24,5
21/02/2022 21:22,4
21/02/2022 21:15,5
21/02/2022 21:14,1
21/02/2022 21:11,1
21/02/2022 21:08,1
21/02/2022 21:01,1
21/02/2022 21:01,5
21/02/2022 21:01,5
21/02/2022 20:55,4
21/02/2022 20:49,1
21/02/2022 20:43,3
21/02/2022 20:32,4
21/02/2022 20:29,4
21/02/2022 20:20,3
21/02/2022 20:18,1
21/02/2022 20:16,5
21/02/2022 20:09,2
21/02/2022 20:08,1
21/02/2022 20:04,5
21/02/2022 19:57,2
21/02/2022 19:46,5
21/02/2022 19:36,4
21/02/2022 19:29,5
21/02/2022 19:29,2
21/02/2022 19:26,3
21/02/2022 19:26,4
21/02/2022 19:23,5
21/02/2022 19:02,5
21/02/2022 18:52,3
21/02/2022 18:52,3
21/02/2022 18:48,4
21/02/2022 18:35,1
21/02/2022 18:27,1
21/02/2022 18:27,5
21/02/2022 18:25,1
21/02/2022 18:24,1
21/02/2022 18:18,2
21/02/2022 18:15,1
21/02/2022 18:03,4
21/02/2022 18:03,5
21/02/2022 18:02,2
21/02/2022 17:48,1
21/02/2022 17:44,5
21/02/2022 17:18,5
21/02/2022 17:13,1
21/02/2022 17:06,1
21/02/2022 17:01,5
21/02/2022 17:00,1
21/02/2022 16:57,5
21/02/2022 16:56,1
21/02/2022 16:42,4
21/02/2022 16:36,5
21/02/2022 16:16,5
21/02/2022 16:13,5
21/02/2022 16:08,5
21/02/2022 16:04,5
21/02/2022 15:58,5
21/02/2022 15:57,1
21/02/2022 15:55,1
21/02/2022 15:52,5
21/02/2022 15:51,2
21/02/2022 15:51,1
21/02/2022 15:45,4
21/02/2022 15:42,1
21/02/2022 15:39,2
21/02/2022 15:38,1
21/02/2022 15:17,2
21/02/2022 15:14,4
21/02/2022 15:12,5
21/02/2022 15:04,1
21/02/2022 14:45,2
21/02/2022 14:28,5
21/02/2022 14:22,1
21/02/2022 14:20,5
21/02/2022 14:15,1
21/02/2022 14:14,4
21/02/2022 14:14,3
21/02/2022 13:57,1
21/02/2022 13:52,5
21/02/2022 13:51,4
21/02/2022 13:45,2
21/02/2022 13:43,5
21/02/2022 13:42,5
21/02/2022 13:30,1
21/02/2022 13:24,1
21/02/2022 13:16,5
21/02/2022 13:11,1
21/02/2022 13:07,5
21/02/2022 13:07,3
21/02/2022 13:05,1
21/02/2022 12:55,5
21/02/2022 12:25,1
21/02/2022 12:21,1
21/02/2022 12:15,1
21/02/2022 11:59,3
21/02/2022 11:59,5
21/02/2022 11:34,4
21/02/2022 11:19,2
21/02/2022 11:17,5
21/02/2022 11:15,1
21/02/2022 11:13,5
21/02/2022 11:12,3
21/02/2022 11:01,5
21/02/2022 11:01,5
21/02/2022 10:58,1
21/02/2022 10:33,5
21/02/2022 10:21,1
21/02/2022 10:21,1
21/02/2022 10:16,1
21/02/2022 10:10,1
21/02/2022 09:45,1
21/02/2022 09:40,4
21/02/2022 09:39,4
21/02/2022 09:36,1
21/02/2022 09:35,1
21/02/2022 09:33,4
21/02/2022 09:29,4
21/02/2022 09:28,3
21/02/2022 09:23,4
21/02/2022 09:17,4
21/02/2022 08:42,4
21/02/2022 08:40,1
21/02/2022 08:30,1
21/02/2022 08:28,4
21/02/2022 08:18,1
21/02/2022 08:11,1
21/02/2022 08:06,5
21/02/2022 07:56,2
21/02/2022 07:55,1
21/02/2022 07:49,2
21/02/2022 07:42,4
21/02/2022 07:07,2
21/02/2022 07:06,5
21/02/2022 06:57,1
21/02/2022 06:40,3
21/02/2022 06:34,5
21/02/2022 06:31,1
21/02/2022 06:25,5
21/02/2022 06:04,1
21/02/2022 06:02,3
21/02/2022 05:47,5
21/02/2022 05:45,5
21/02/2022 05:35,4
21/02/2022 05:33,5
21/02/2022 05:28,1
21/02/2022 05:22,3
21/02/2022 05:10,3
21/02/2022 05:07,3
21/02/2022 05:06,5
21/02/2022 05:04,3
21/02/2022 04:52,3
21/02/2022 04:43,1
21/02/2022 04:42,1
21/02/2022 04:29,4
21/02/2022 04:27,1
21/02/2022 04:20,1
21/02/2022 04:14,5
21/02/2022 04:05,4
21/02/2022 04:03,5
21/02/2022 04:02,5
21/02/2022 04:01,5
21/02/2022 03:52,3
21/02/2022 03:51,4
21/02/2022 03:32,4
21/02/2022 03:28,4
21/02/2022 02:51,5
21/02/2022 02:51,2
21/02/2022 02:45,1
21/02/2022 02:42,1
21/02/2022 02:40,1
21/02/2022 02:34,5
21/02/2022 02:31,5
21/02/2022 02:26,5
21/02/2022 02:09,3
21/02/2022 02:03,2
21/02/2022 02:00,1
21/02/2022 01:53,2
21/02/2022 01:49,5
21/02/2022 01:48,2
21/02/2022 01:47,5
21/02/2022 01:43,4
21/02/2022 01:27,3
21/02/2022 01:21,5
21/02/2022 01:19,1
21/02/2022 01:07,1
21/02/2022 00:49,3
21/02/2022 00:18,5
21/02/2022 00:15,3
21/02/2022 00:05,2
20/02/2022 23:38,5
20/02/2022 23:27,5
20/02/2022 23:22,5
20/02/2022 23:11,1
20/02/2022 23:05,3
20/02/2022 22:55,4
20/02/2022 22:51,5
20/02/2022 22:46,1
20/02/2022 22:44,4
20/02/2022 22:34,5
20/02/2022 22:14,4
20/02/2022 22:03,5
20/02/2022 21:45,2
20/02/2022 21:43,1
20/02/2022 21:41,4
20/02/2022 21:39,5
20/02/2022 21:34,5
20/02/2022 21:33,5
20/02/2022 21:28,1
20/02/2022 21:25,5
20/02/2022 21:23,5
20/02/2022 20:59,5
20/02/2022 20:53,5
20/02/2022 20:41,3
20/02/2022 20:29,5
20/02/2022 20:29,1
20/02/2022 20:23,5
20/02/2022 20:15,4
20/02/2022 20:10,1
20/02/2022 20:09,4
20/02/2022 19:40,4
20/02/2022 19:39,1
20/02/2022 19:36,1
20/02/2022 19:34,1
20/02/2022 19:19,1
20/02/2022 19:17,1
20/02/2022 19:13,5
20/02/2022 18:45,5
20/02/2022 18:43,5
20/02/2022 18:37,5
20/02/2022 18:34,5
20/02/2022 18:33,2
20/02/2022 18:31,4
20/02/2022 18:18,4
20/02/2022 18:16,1
20/02/2022 18:14,5
20/02/2022 18:02,5
20/02/2022 17:53,1
20/02/2022 17:52,3
20/02/2022 17:37,5
20/02/2022 17:29,5
20/02/2022 17:27,5
20/02/2022 17:20,1
20/02/2022 17:19,5
20/02/2022 17:18,5
20/02/2022 17:16,1
20/02/2022 17:13,1
20/02/2022 17:05,1
20/02/2022 17:05,5
20/02/2022 17:04,1
20/02/2022 16:53,1
20/02/2022 16:53,1
20/02/2022 16:26,5
20/02/2022 16:20,5
20/02/2022 16:05,5
20/02/2022 15:58,4
20/02/2022 15:55,4
20/02/2022 15:49,3
20/02/2022 15:46,5
20/02/2022 15:43,1
20/02/2022 15:42,1
20/02/2022 15:38,4
20/02/2022 15:37,5
20/02/2022 15:37,3
20/02/2022 15:31,1
20/02/2022 15:24,2
20/02/2022 15:24,4
20/02/2022 15:09,5
20/02/2022 15:03,2
20/02/2022 14:58,2
20/02/2022 14:51,5
20/02/2022 14:45,3
20/02/2022 14:42,5
20/02/2022 14:36,3
20/02/2022 14:27,4
20/02/2022 14:26,5
20/02/2022 14:25,5
20/02/2022 14:23,1
20/02/2022 14:17,3
20/02/2022 14:11,1
20/02/2022 14:10,3
20/02/2022 14:03,5
20/02/2022 14:00,5
20/02/2022 13:58,1
20/02/2022 13:57,1
20/02/2022 13:53,3
20/02/2022 13:51,5
20/02/2022 13:49,1
20/02/2022 13:45,1
20/02/2022 13:40,5
20/02/2022 13:35,1
20/02/2022 13:11,1
20/02/2022 13:03,5
20/02/2022 13:02,5
20/02/2022 12:57,1
20/02/2022 12:56,5
20/02/2022 12:51,4
20/02/2022 12:47,4
20/02/2022 12:42,5
20/02/2022 12:41,4
20/02/2022 12:36,5
20/02/2022 12:35,5
20/02/2022 12:34,2
20/02/2022 12:30,1
20/02/2022 12:24,4
20/02/2022 12:20,4
20/02/2022 12:15,5
20/02/2022 12:07,5
20/02/2022 12:02,2
20/02/2022 11:51,1
20/02/2022 11:48,2
20/02/2022 11:47,2
20/02/2022 11:43,1
20/02/2022 11:42,2
20/02/2022 11:42,2
20/02/2022 11:39,5
20/02/2022 11:32,1
20/02/2022 11:28,1
20/02/2022 11:20,5
20/02/2022 11:19,5
20/02/2022 11:09,5
20/02/2022 11:01,2
20/02/2022 10:58,2
20/02/2022 10:37,2
20/02/2022 10:35,2
20/02/2022 10:34,5
20/02/2022 10:17,1
20/02/2022 10:16,3
20/02/2022 09:56,5
20/02/2022 09:47,2
20/02/2022 09:44,3
20/02/2022 09:44,4
20/02/2022 09:41,4
20/02/2022 09:39,1
20/02/2022 09:39,4
20/02/2022 09:37,5
20/02/2022 09:14,5
20/02/2022 09:03,1
20/02/2022 08:54,5
20/02/2022 08:54,5
20/02/2022 08:53,1
20/02/2022 08:52,3
20/02/2022 08:49,1
20/02/2022 08:42,4
20/02/2022 08:39,5
20/02/2022 08:33,3
20/02/2022 08:31,5
20/02/2022 08:31,5
20/02/2022 08:29,2
20/02/2022 08:22,2
20/02/2022 08:21,4
20/02/2022 08:21,4
20/02/2022 08:20,4
20/02/2022 07:57,1
20/02/2022 07:54,1
20/02/2022 07:26,5
20/02/2022 07:26,1
20/02/2022 07:15,3
20/02/2022 07:05,5
20/02/2022 06:58,5
20/02/2022 06:41,1
20/02/2022 06:39,5
20/02/2022 06:39,5
20/02/2022 06:38,4
20/02/2022 06:38,4
20/02/2022 06:28,5
20/02/2022 06:25,1
20/02/2022 06:23,1
20/02/2022 06:18,5
20/02/2022 06:16,2
20/02/2022 06:16,5
20/02/2022 06:12,2
20/02/2022 06:04,5
20/02/2022 05:55,1
20/02/2022 05:48,5
20/02/2022 05:33,5
20/02/2022 05:33,3
20/02/2022 05:27,5
20/02/2022 05:19,5
20/02/2022 05:17,3
20/02/2022 05:15,2
20/02/2022 05:12,5
20/02/2022 05:07,1
20/02/2022 04:56,1
20/02/2022 04:53,3
20/02/2022 04:46,2
20/02/2022 04:45,3
20/02/2022 04:43,1
20/02/2022 04:37,2
20/02/2022 04:35,5
20/02/2022 04:33,5
20/02/2022 04:30,5
20/02/2022 04:26,3
20/02/2022 04:19,5
20/02/2022 04:18,3
20/02/2022 04:18,1
20/02/2022 04:14,1
20/02/2022 04:12,5
20/02/2022 04:08,5
20/02/2022 03:58,3
20/02/2022 03:57,3
20/02/2022 03:57,1
20/02/2022 03:51,2
20/02/2022 03:33,5
20/02/2022 03:28,5
20/02/2022 03:26,5
20/02/2022 03:25,2
20/02/2022 03:22,3
20/02/2022 03:20,1
20/02/2022 03:19,1
20/02/2022 03:17,5
20/02/2022 03:16,1
20/02/2022 03:09,1
20/02/2022 02:55,5
20/02/2022 02:53,5
20/02/2022 02:49,1
20/02/2022 02:42,2
20/02/2022 02:38,5
20/02/2022 02:33,4
20/02/2022 02:23,5
20/02/2022 02:21,5
20/02/2022 02:09,4
20/02/2022 02:08,1
20/02/2022 02:07,4
20/02/2022 02:03,1
20/02/2022 02:00,1
20/02/2022 01:56,3
20/02/2022 01:48,2
20/02/2022 01:47,1
20/02/2022 01:38,5
20/02/2022 01:29,1
20/02/2022 01:19,5
20/02/2022 01:11,5
20/02/2022 01:11,5
20/02/2022 01:05,1
20/02/2022 00:38,4
20/02/2022 00:31,2
20/02/2022 00:21,5
20/02/2022 00:19,1
20/02/2022 00:15,2
20/02/2022 00:15,4
20/02/2022 00:06,5
19/02/2022 23:57,3
19/02/2022 23:56,3
19/02/2022 23:52,5
19/02/2022 23:43,5
19/02/2022 23:43,1
19/02/2022 23:43,1
19/02/2022 23:38,5
19/02/2022 23:20,5
19/02/2022 23:13,5
19/02/2022 23:11,5
19/02/2022 23:10,5
19/02/2022 23:09,3
19/02/2022 23:06,1
19/02/2022 23:03,1
19/02/2022 22:52,5
19/02/2022 22:40,5
19/02/2022 22:20,5
19/02/2022 22:13,1
19/02/2022 22:07,1
19/02/2022 22:05,1
19/02/2022 22:00,1
19/02/2022 21:59,1
19/02/2022 21:55,5
19/02/2022 21:52,1
19/02/2022 21:46,2
19/02/2022 21:42,5
19/02/2022 21:41,5
19/02/2022 21:35,2
19/02/2022 21:31,5
19/02/2022 21:25,5
19/02/2022 21:23,5
19/02/2022 21:21,5
19/02/2022 21:04,1
19/02/2022 21:04,5
19/02/2022 21:04,2
19/02/2022 21:04,5
19/02/2022 20:55,1
19/02/2022 20:55,1
19/02/2022 20:53,2
19/02/2022 20:30,5
19/02/2022 20:24,5
19/02/2022 20:20,4
19/02/2022 20:15,5
19/02/2022 20:03,5
19/02/2022 19:52,1
19/02/2022 19:51,1
19/02/2022 19:48,1
19/02/2022 19:48,1
19/02/2022 19:39,2
19/02/2022 19:37,2
19/02/2022 19:36,3
19/02/2022 19:32,1
19/02/2022 19:32,5
19/02/2022 19:29,4
19/02/2022 19:28,5
19/02/2022 19:17,1
19/02/2022 19:09,5
19/02/2022 19:04,3
19/02/2022 18:59,1
19/02/2022 18:40,4
19/02/2022 18:38,3
19/02/2022 18:38,1
19/02/2022 18:33,4
19/02/2022 18:33,5
19/02/2022 18:22,4
19/02/2022 18:08,4
19/02/2022 17:59,3
19/02/2022 17:54,1
19/02/2022 17:54,2
19/02/2022 17:53,3
19/02/2022 17:47,4
19/02/2022 17:41,5
19/02/2022 17:39,5
19/02/2022 17:38,1
19/02/2022 17:29,5
19/02/2022 17:26,1
19/02/2022 17:21,1
19/02/2022 17:17,3
19/02/2022 17:16,5
19/02/2022 17:14,5
19/02/2022 17:13,4
19/02/2022 17:04,5
19/02/2022 17:03,2
19/02/2022 17:02,1
19/02/2022 16:48,5
19/02/2022 16:47,5
19/02/2022 16:37,1
19/02/2022 16:35,4
19/02/2022 16:34,4
19/02/2022 16:32,1
19/02/2022 16:32,4
19/02/2022 16:32,5
19/02/2022 16:28,4
19/02/2022 16:18,4
19/02/2022 16:16,5
19/02/2022 16:16,1
19/02/2022 16:15,5
19/02/2022 16:09,4
19/02/2022 16:07,1
19/02/2022 16:07,5
19/02/2022 16:05,2
19/02/2022 16:03,4
19/02/2022 16:01,2
19/02/2022 15:46,3
19/02/2022 15:44,1
19/02/2022 15:44,1
19/02/2022 15:38,2
19/02/2022 15:37,5
19/02/2022 15:34,1
19/02/2022 15:32,3
19/02/2022 15:28,4
19/02/2022 15:22,3
19/02/2022 15:19,1
19/02/2022 15:19,5
19/02/2022 15:05,5
19/02/2022 14:57,2
19/02/2022 14:56,1
19/02/2022 14:56,1
19/02/2022 14:50,1
19/02/2022 14:47,2
19/02/2022 14:45,5
19/02/2022 14:40,3
19/02/2022 14:33,1
19/02/2022 14:25,5
19/02/2022 14:23,5
19/02/2022 14:16,1
19/02/2022 14:11,5
19/02/2022 14:09,1
19/02/2022 14:07,5
19/02/2022 13:57,5
19/02/2022 13:56,4
19/02/2022 13:55,1
19/02/2022 13:50,4
19/02/2022 13:41,3
19/02/2022 13:41,2
19/02/2022 13:38,5
19/02/2022 13:34,1
19/02/2022 13:24,4
19/02/2022 13:16,5
19/02/2022 13:12,5
19/02/2022 12:51,4
19/02/2022 12:49,5
19/02/2022 12:47,5
19/02/2022 12:43,5
19/02/2022 12:40,4
19/02/2022 12:31,5
19/02/2022 12:13,1
19/02/2022 12:12,5
19/02/2022 12:10,5
19/02/2022 12:06,5
19/02/2022 11:44,4
19/02/2022 11:32,5
19/02/2022 11:27,1
19/02/2022 11:23,2
19/02/2022 11:16,2
19/02/2022 10:31,5
19/02/2022 10:26,1
19/02/2022 10:16,1
19/02/2022 10:14,2
19/02/2022 10:13,5
19/02/2022 10:13,2
19/02/2022 10:09,4
19/02/2022 10:06,3
19/02/2022 10:03,5
19/02/2022 09:59,4
19/02/2022 09:50,5
19/02/2022 09:48,3
19/02/2022 09:31,3
19/02/2022 09:30,4
19/02/2022 09:26,1
19/02/2022 09:25,5
19/02/2022 09:22,1
19/02/2022 09:17,4
19/02/2022 09:13,1
19/02/2022 08:38,3
19/02/2022 08:28,3
19/02/2022 08:28,1
19/02/2022 08:24,5
19/02/2022 08:24,1
19/02/2022 08:21,5
19/02/2022 08:05,5
19/02/2022 08:04,4
19/02/2022 07:54,5
19/02/2022 07:51,5
19/02/2022 07:35,1
19/02/2022 07:31,5
19/02/2022 07:22,5
19/02/2022 07:11,3
19/02/2022 07:07,4
19/02/2022 07:07,2
19/02/2022 07:06,4
19/02/2022 06:52,5
19/02/2022 06:51,5
19/02/2022 06:47,5
19/02/2022 06:46,4
19/02/2022 06:45,1
19/02/2022 06:40,4
19/02/2022 06:40,5
19/02/2022 05:51,5
19/02/2022 05:49,4
19/02/2022 05:48,4
19/02/2022 05:42,5
19/02/2022 05:41,5
19/02/2022 05:37,1
19/02/2022 05:35,5
19/02/2022 05:28,1
19/02/2022 05:22,1
19/02/2022 05:09,5
19/02/2022 05:09,3
19/02/2022 05:06,5
19/02/2022 04:59,1
19/02/2022 04:54,5
19/02/2022 04:52,3
19/02/2022 04:44,2
19/02/2022 04:42,5
19/02/2022 04:40,1
19/02/2022 04:39,1
19/02/2022 04:29,3
19/02/2022 04:09,1
19/02/2022 03:58,4
19/02/2022 03:54,3
19/02/2022 03:52,3
19/02/2022 03:37,5
19/02/2022 03:29,3
19/02/2022 03:17,5
19/02/2022 03:09,5
19/02/2022 03:07,5
19/02/2022 02:51,1
19/02/2022 02:48,4
19/02/2022 02:47,1
19/02/2022 02:44,2
19/02/2022 02:43,4
19/02/2022 02:39,5
19/02/2022 02:38,5
19/02/2022 02:37,5
19/02/2022 02:29,5
19/02/2022 02:22,5
19/02/2022 02:19,5
19/02/2022 02:17,5
19/02/2022 02:15,5
19/02/2022 02:09,1
19/02/2022 02:04,1
19/02/2022 02:04,2
19/02/2022 02:04,3
19/02/2022 01:59,1
19/02/2022 01:43,1
19/02/2022 01:37,1
19/02/2022 01:28,1
19/02/2022 01:24,4
19/02/2022 01:24,1
19/02/2022 00:55,5
19/02/2022 00:41,5
19/02/2022 00:41,5
19/02/2022 00:40,1
19/02/2022 00:36,5
19/02/2022 00:34,2
19/02/2022 00:29,4
19/02/2022 00:26,5
19/02/2022 00:22,5
19/02/2022 00:22,1
19/02/2022 00:20,5
19/02/2022 00:14,5
19/02/2022 00:09,5
19/02/2022 00:01,5
19/02/2022 00:01,5
18/02/2022 23:49,5
18/02/2022 23:48,2
18/02/2022 23:44,5
18/02/2022 23:24,5
18/02/2022 23:19,1
18/02/2022 23:17,4
18/02/2022 23:17,5
18/02/2022 23:06,1
18/02/2022 23:05,3
18/02/2022 22:54,3
18/02/2022 22:52,1
18/02/2022 22:51,5
18/02/2022 22:44,4
18/02/2022 22:41,1
18/02/2022 22:33,1
18/02/2022 22:33,5
18/02/2022 22:33,1
18/02/2022 22:27,3
18/02/2022 22:25,1
18/02/2022 22:23,1
18/02/2022 22:18,5
18/02/2022 22:10,5
18/02/2022 22:00,3
18/02/2022 21:56,5
18/02/2022 21:53,5
18/02/2022 21:47,3
18/02/2022 21:41,4
18/02/2022 21:37,4
18/02/2022 21:34,4
18/02/2022 21:26,3
18/02/2022 21:10,4
18/02/2022 21:06,3
18/02/2022 21:03,5
18/02/2022 20:56,4
18/02/2022 20:56,5
18/02/2022 20:55,1
18/02/2022 20:54,4
18/02/2022 20:45,4
18/02/2022 20:35,5
18/02/2022 20:34,1
18/02/2022 20:33,3
18/02/2022 20:28,5
18/02/2022 20:28,1
18/02/2022 20:21,5
18/02/2022 20:20,4
18/02/2022 20:06,1
18/02/2022 20:06,5
18/02/2022 20:04,3
18/02/2022 20:01,1
18/02/2022 20:00,5
18/02/2022 19:59,4
18/02/2022 19:58,5
18/02/2022 19:57,1
18/02/2022 19:42,5
18/02/2022 19:38,4
18/02/2022 19:29,4
18/02/2022 19:19,5
18/02/2022 19:16,4
18/02/2022 19:10,4
18/02/2022 19:07,1
18/02/2022 19:01,5
18/02/2022 19:00,2
18/02/2022 18:56,5
18/02/2022 18:53,5
18/02/2022 18:50,1
18/02/2022 18:49,2
18/02/2022 18:47,1
18/02/2022 18:35,2
18/02/2022 18:26,5
18/02/2022 18:24,5
18/02/2022 18:21,5
18/02/2022 18:21,1
18/02/2022 18:15,5
18/02/2022 18:10,1
18/02/2022 18:10,5
18/02/2022 18:06,5
18/02/2022 18:01,5
18/02/2022 18:01,3
18/02/2022 17:56,1
18/02/2022 17:55,4
18/02/2022 17:51,2
18/02/2022 17:50,1
18/02/2022 17:47,5
18/02/2022 17:44,3
18/02/2022 17:43,1
18/02/2022 17:38,5
18/02/2022 17:37,1
18/02/2022 17:32,5
18/02/2022 17:30,1
18/02/2022 17:29,5
18/02/2022 17:21,4
18/02/2022 17:21,1
18/02/2022 17:12,5
18/02/2022 17:11,5
18/02/2022 17:08,5
18/02/2022 17:05,5
18/02/2022 17:01,1
18/02/2022 17:01,3
18/02/2022 17:01,4
18/02/2022 16:59,4
18/02/2022 16:58,2
18/02/2022 16:58,1
18/02/2022 16:58,5
18/02/2022 16:54,5
18/02/2022 16:50,1
18/02/2022 16:41,1
18/02/2022 16:30,5
18/02/2022 16:27,4
18/02/2022 16:18,1
18/02/2022 16:17,1
18/02/2022 16:15,3
18/02/2022 16:09,2
18/02/2022 16:00,2
18/02/2022 15:58,1
18/02/2022 15:54,4
18/02/2022 15:52,5
18/02/2022 15:46,3
18/02/2022 15:46,5
18/02/2022 15:44,5
18/02/2022 15:35,5
18/02/2022 15:33,1
18/02/2022 15:28,5
18/02/2022 15:11,1
18/02/2022 15:03,1
18/02/2022 15:00,4
18/02/2022 14:50,5
18/02/2022 14:39,5
18/02/2022 14:38,1
18/02/2022 14:32,5
18/02/2022 14:32,1
18/02/2022 14:27,4
18/02/2022 14:20,1
18/02/2022 14:20,1
18/02/2022 14:15,1
18/02/2022 14:12,1
18/02/2022 14:10,3
18/02/2022 14:10,1
18/02/2022 14:09,4
18/02/2022 14:08,5
18/02/2022 14:03,1
18/02/2022 14:01,5
18/02/2022 14:00,1
18/02/2022 13:58,5
18/02/2022 13:57,5
18/02/2022 13:56,5
18/02/2022 13:53,1
18/02/2022 13:49,4
18/02/2022 13:48,1
18/02/2022 13:45,5
18/02/2022 13:42,3
18/02/2022 13:37,1
18/02/2022 13:36,1
18/02/2022 13:27,1
18/02/2022 13:26,5
18/02/2022 13:22,5
18/02/2022 13:11,1
18/02/2022 13:11,1
18/02/2022 13:01,5
18/02/2022 12:51,1
18/02/2022 12:50,1
18/02/2022 12:48,1
18/02/2022 12:47,3
18/02/2022 12:47,1
18/02/2022 12:38,1
18/02/2022 12:37,4
18/02/2022 12:34,1
18/02/2022 12:34,5
18/02/2022 12:19,3
18/02/2022 12:13,1
18/02/2022 11:52,5
18/02/2022 11:50,5
18/02/2022 11:49,5
18/02/2022 11:39,2
18/02/2022 11:38,2
18/02/2022 11:28,1
18/02/2022 11:26,5
18/02/2022 11:15,5
18/02/2022 10:58,3
18/02/2022 10:53,2
18/02/2022 10:53,1
18/02/2022 10:49,1
18/02/2022 10:09,1
18/02/2022 09:43,1
18/02/2022 09:28,5
18/02/2022 09:26,1
18/02/2022 09:08,5
18/02/2022 09:04,4
18/02/2022 08:43,5
18/02/2022 08:43,1
18/02/2022 08:34,3
18/02/2022 08:28,5
18/02/2022 08:17,5
18/02/2022 08:13,3
18/02/2022 08:04,2
18/02/2022 08:03,5
18/02/2022 08:01,5
18/02/2022 07:59,5
18/02/2022 07:54,2
18/02/2022 07:49,1
18/02/2022 07:31,2
18/02/2022 07:26,1
18/02/2022 07:25,3
18/02/2022 07:21,4
18/02/2022 07:13,2
18/02/2022 07:00,1
18/02/2022 06:52,4
18/02/2022 06:48,2
18/02/2022 06:47,5
18/02/2022 06:43,4
18/02/2022 06:39,3
18/02/2022 06:38,5
18/02/2022 06:35,1
18/02/2022 06:34,5
18/02/2022 06:23,4
18/02/2022 06:23,1
18/02/2022 06:21,1
18/02/2022 06:20,2
18/02/2022 06:17,3
18/02/2022 06:12,5
18/02/2022 05:42,1
18/02/2022 05:41,5
18/02/2022 05:41,1
18/02/2022 05:36,5
18/02/2022 05:34,5
18/02/2022 05:07,5
18/02/2022 05:06,3
18/02/2022 05:05,3
18/02/2022 04:59,2
18/02/2022 04:56,5
18/02/2022 04:53,2
18/02/2022 04:50,5
18/02/2022 04:49,5
18/02/2022 04:47,5
18/02/2022 04:46,5
18/02/2022 04:43,5
18/02/2022 04:35,5
18/02/2022 04:30,3
18/02/2022 04:28,1
18/02/2022 04:25,5
18/02/2022 04:19,1
18/02/2022 04:18,5
18/02/2022 04:09,4
18/02/2022 04:05,5
18/02/2022 03:59,5
18/02/2022 03:55,1
18/02/2022 03:52,1
18/02/2022 03:44,5
18/02/2022 03:39,4
18/02/2022 03:38,1
18/02/2022 03:17,5
18/02/2022 03:15,3
18/02/2022 03:13,4
18/02/2022 03:11,3
18/02/2022 03:07,1
18/02/2022 03:03,1
18/02/2022 02:46,5
18/02/2022 02:42,5
18/02/2022 02:38,5
18/02/2022 02:24,4
18/02/2022 01:46,1
18/02/2022 01:43,2
18/02/2022 01:36,5
18/02/2022 01:35,5
18/02/2022 01:29,1
18/02/2022 01:28,1
18/02/2022 01:24,3
18/02/2022 01:20,3
18/02/2022 01:16,5
18/02/2022 01:07,5
18/02/2022 01:04,1
18/02/2022 00:58,5
18/02/2022 00:58,1
18/02/2022 00:55,2
18/02/2022 00:51,5
18/02/2022 00:51,1
18/02/2022 00:46,5
18/02/2022 00:43,1
18/02/2022 00:19,5
18/02/2022 00:10,5
18/02/2022 00:07,2
18/02/2022 00:03,3
17/02/2022 23:51,4
17/02/2022 23:45,1
17/02/2022 23:27,2
17/02/2022 23:23,4
17/02/2022 23:21,4
17/02/2022 23:17,1
17/02/2022 23:11,5
17/02/2022 22:55,3
17/02/2022 22:52,1
17/02/2022 22:39,5
17/02/2022 22:36,5
17/02/2022 22:33,2
17/02/2022 22:30,1
17/02/2022 22:28,1
17/02/2022 22:15,2
17/02/2022 22:11,5
17/02/2022 22:03,2
17/02/2022 22:03,1
17/02/2022 22:03,4
17/02/2022 22:01,5
17/02/2022 21:56,1
17/02/2022 21:49,1
17/02/2022 21:46,5
17/02/2022 21:40,1
17/02/2022 21:24,2
17/02/2022 21:20,5
17/02/2022 20:59,4
17/02/2022 20:58,5
17/02/2022 20:54,1
17/02/2022 20:48,5
17/02/2022 20:45,4
17/02/2022 20:40,3
17/02/2022 20:39,1
17/02/2022 20:38,5
17/02/2022 20:38,2
17/02/2022 20:27,5
17/02/2022 20:24,5
17/02/2022 20:23,1
17/02/2022 20:22,5
17/02/2022 20:21,5
17/02/2022 20:21,3
17/02/2022 20:21,4
17/02/2022 20:20,2
17/02/2022 20:19,1
17/02/2022 20:13,2
17/02/2022 20:07,1
17/02/2022 20:03,1
17/02/2022 19:45,5
17/02/2022 19:41,2
17/02/2022 19:39,4
17/02/2022 19:35,5
17/02/2022 19:26,5
17/02/2022 19:19,3
17/02/2022 19:19,5
17/02/2022 19:08,5
17/02/2022 18:58,1
17/02/2022 18:33,4
17/02/2022 18:32,5
17/02/2022 18:31,3
17/02/2022 18:22,5
17/02/2022 18:13,1
17/02/2022 18:10,5
17/02/2022 18:00,5
17/02/2022 17:56,5
17/02/2022 17:50,2
17/02/2022 17:49,5
17/02/2022 17:45,2
17/02/2022 17:40,5
17/02/2022 17:36,1
17/02/2022 17:35,1
17/02/2022 17:32,5
17/02/2022 17:28,2
17/02/2022 17:27,1
17/02/2022 17:17,5
17/02/2022 17:16,1
17/02/2022 17:13,1
17/02/2022 17:11,5
17/02/2022 17:06,5
17/02/2022 17:02,5
17/02/2022 16:52,5
17/02/2022 16:49,1
17/02/2022 16:46,4
17/02/2022 16:46,2
17/02/2022 16:42,4
17/02/2022 16:37,1
17/02/2022 16:35,1
17/02/2022 16:31,4
17/02/2022 16:25,2
17/02/2022 16:23,1
17/02/2022 16:15,4
17/02/2022 16:15,5
17/02/2022 16:13,4
17/02/2022 16:03,5
17/02/2022 15:58,5
17/02/2022 15:58,1
17/02/2022 15:52,5
17/02/2022 15:44,5
17/02/2022 15:38,2
17/02/2022 15:34,2
17/02/2022 15:03,5
17/02/2022 15:02,3
17/02/2022 14:55,1
17/02/2022 14:54,1
17/02/2022 14:38,5
17/02/2022 14:30,2
17/02/2022 14:29,4
17/02/2022 14:28,5
17/02/2022 14:19,1
17/02/2022 14:11,5
17/02/2022 14:08,4
17/02/2022 14:07,1
17/02/2022 14:03,2
17/02/2022 14:01,3
17/02/2022 14:00,2
17/02/2022 13:50,1
17/02/2022 13:49,2
17/02/2022 13:47,5
17/02/2022 13:44,1
17/02/2022 13:43,1
17/02/2022 13:37,3
17/02/2022 13:37,1
17/02/2022 13:33,2
17/02/2022 13:24,4
17/02/2022 13:23,4
17/02/2022 13:23,5
17/02/2022 13:19,1
17/02/2022 13:18,1
17/02/2022 13:13,3
17/02/2022 12:55,5
17/02/2022 12:38,2
17/02/2022 12:36,1
17/02/2022 12:34,4
17/02/2022 12:30,5
17/02/2022 12:28,5
17/02/2022 12:27,5
17/02/2022 12:24,5
17/02/2022 12:16,3
17/02/2022 12:14,5
17/02/2022 12:02,2
17/02/2022 11:55,1
17/02/2022 11:50,3
17/02/2022 11:49,1
17/02/2022 11:48,5
17/02/2022 11:46,4
17/02/2022 11:44,5
17/02/2022 11:38,5
17/02/2022 11:32,5
17/02/2022 11:29,4
17/02/2022 11:22,3
17/02/2022 11:22,1
17/02/2022 11:11,5
17/02/2022 11:09,5
17/02/2022 11:04,4
17/02/2022 10:59,5
17/02/2022 10:58,1
17/02/2022 10:30,5
17/02/2022 10:29,2
17/02/2022 10:28,3
17/02/2022 10:13,5
17/02/2022 10:13,1
17/02/2022 10:03,2
17/02/2022 09:47,5
17/02/2022 09:44,1
17/02/2022 09:40,2
17/02/2022 09:36,5
17/02/2022 09:35,2
17/02/2022 09:31,5
17/02/2022 09:19,3
17/02/2022 09:08,1
17/02/2022 08:41,2
17/02/2022 08:34,3
17/02/2022 08:25,1
17/02/2022 08:18,1
17/02/2022 08:16,2
17/02/2022 08:06,3
17/02/2022 07:58,5
17/02/2022 07:56,5
17/02/2022 07:46,1
17/02/2022 07:41,1
17/02/2022 07:34,2
17/02/2022 07:33,1
17/02/2022 07:33,2
17/02/2022 07:32,5
17/02/2022 07:31,5
17/02/2022 07:19,1
17/02/2022 07:14,1
17/02/2022 07:09,3
17/02/2022 07:09,1
17/02/2022 07:07,4
17/02/2022 07:06,3
17/02/2022 07:03,1
17/02/2022 06:46,5
17/02/2022 06:25,3
17/02/2022 06:21,5
17/02/2022 06:13,1
17/02/2022 06:00,5
17/02/2022 05:58,3
17/02/2022 05:55,4
17/02/2022 05:51,1
17/02/2022 05:47,1
17/02/2022 05:30,4
17/02/2022 05:28,1
17/02/2022 05:27,2
17/02/2022 05:20,3
17/02/2022 05:20,5
17/02/2022 05:03,5
17/02/2022 05:03,1
17/02/2022 05:02,5
17/02/2022 05:00,5
17/02/2022 04:58,4
17/02/2022 04:57,3
17/02/2022 04:53,3
17/02/2022 04:42,2
17/02/2022 04:36,5
17/02/2022 04:26,5
17/02/2022 04:26,5
17/02/2022 04:20,5
17/02/2022 04:09,1
17/02/2022 04:05,1
17/02/2022 03:56,1
17/02/2022 03:54,5
17/02/2022 03:54,2
17/02/2022 03:44,5
17/02/2022 03:40,1
17/02/2022 03:32,4
17/02/2022 03:24,5
17/02/2022 03:12,1
17/02/2022 03:06,4
17/02/2022 02:57,1
17/02/2022 02:52,1
17/02/2022 02:40,3
17/02/2022 02:35,1
17/02/2022 02:35,3
17/02/2022 02:26,4
17/02/2022 02:16,4
17/02/2022 02:07,3
17/02/2022 02:00,1
17/02/2022 01:59,5
17/02/2022 01:48,3
17/02/2022 01:45,4
17/02/2022 01:35,5
17/02/2022 01:27,1
17/02/2022 01:27,4
17/02/2022 01:23,4
17/02/2022 01:19,2
17/02/2022 01:11,1
17/02/2022 01:10,5
17/02/2022 01:08,3
17/02/2022 01:08,2
17/02/2022 01:06,5
17/02/2022 01:06,5
17/02/2022 01:04,1
17/02/2022 01:02,5
17/02/2022 01:00,2
17/02/2022 01:00,3
17/02/2022 00:58,3
17/02/2022 00:58,2
17/02/2022 00:52,1
17/02/2022 00:52,4
17/02/2022 00:45,3
17/02/2022 00:35,4
17/02/2022 00:30,3
17/02/2022 00:23,1
17/02/2022 00:14,1
17/02/2022 00:10,2
16/02/2022 23:34,2
16/02/2022 23:24,3
16/02/2022 23:22,5
16/02/2022 23:15,5
16/02/2022 23:13,1
16/02/2022 23:12,2
16/02/2022 23:06,5
16/02/2022 23:05,5
16/02/2022 23:00,3
16/02/2022 22:56,1
16/02/2022 22:55,4
16/02/2022 22:44,5
16/02/2022 22:39,5
16/02/2022 22:35,3
16/02/2022 22:29,5
16/02/2022 22:15,4
16/02/2022 22:10,2
16/02/2022 22:02,1
16/02/2022 21:59,4
16/02/2022 21:55,1
16/02/2022 21:53,1
16/02/2022 21:52,4
16/02/2022 21:52,1
16/02/2022 21:49,1
16/02/2022 21:43,5
16/02/2022 21:29,4
16/02/2022 21:22,3
16/02/2022 21:21,5
16/02/2022 21:19,3
16/02/2022 21:18,3
16/02/2022 21:15,2
16/02/2022 21:13,5
16/02/2022 21:05,3
16/02/2022 21:03,4
16/02/2022 20:59,3
16/02/2022 20:57,1
16/02/2022 20:40,2
16/02/2022 20:36,5
16/02/2022 20:36,1
16/02/2022 20:35,5
16/02/2022 20:32,1
16/02/2022 20:32,4
16/02/2022 20:31,1
16/02/2022 20:28,5
16/02/2022 20:25,2
16/02/2022 20:22,1
16/02/2022 20:15,3
16/02/2022 19:57,1
16/02/2022 19:50,3
16/02/2022 19:47,1
16/02/2022 19:41,1
16/02/2022 19:22,4
16/02/2022 19:22,5
16/02/2022 19:17,1
16/02/2022 19:14,1
16/02/2022 19:11,4
16/02/2022 19:07,3
16/02/2022 19:05,1
16/02/2022 19:05,4
16/02/2022 18:55,4
16/02/2022 18:53,2
16/02/2022 18:50,5
16/02/2022 18:42,2
16/02/2022 18:36,4
16/02/2022 18:35,5
16/02/2022 18:33,5
16/02/2022 18:33,4
16/02/2022 18:23,5
16/02/2022 18:22,5
16/02/2022 18:18,1
16/02/2022 18:14,5
16/02/2022 18:10,2
16/02/2022 18:01,1
16/02/2022 17:59,2
16/02/2022 17:47,2
16/02/2022 17:44,4
16/02/2022 17:37,4
16/02/2022 17:20,5
16/02/2022 17:17,3
16/02/2022 17:11,4
16/02/2022 17:08,2
16/02/2022 16:52,5
16/02/2022 16:51,2
16/02/2022 16:49,5
16/02/2022 16:48,4
16/02/2022 16:45,1
16/02/2022 16:37,5
16/02/2022 16:36,5
16/02/2022 16:25,5
16/02/2022 16:25,5
16/02/2022 16:23,3
16/02/2022 16:22,4
16/02/2022 16:17,3
16/02/2022 16:14,5
16/02/2022 16:08,2
16/02/2022 16:08,5
16/02/2022 16:04,2
16/02/2022 15:59,2
16/02/2022 15:58,5
16/02/2022 15:56,3
16/02/2022 15:52,3
16/02/2022 15:52,4
16/02/2022 15:48,1
16/02/2022 15:45,2
16/02/2022 15:43,1
16/02/2022 15:42,2
16/02/2022 15:33,5
16/02/2022 15:23,5
16/02/2022 15:19,4
16/02/2022 15:15,5
16/02/2022 15:14,3
16/02/2022 15:09,1
16/02/2022 15:06,1
16/02/2022 14:52,5
16/02/2022 14:48,1
16/02/2022 14:47,5
16/02/2022 14:44,1
16/02/2022 14:41,1
16/02/2022 14:37,2
16/02/2022 14:37,3
16/02/2022 14:37,3
16/02/2022 14:29,5
16/02/2022 14:23,5
16/02/2022 14:22,4
16/02/2022 14:20,2
16/02/2022 14:19,4
16/02/2022 14:12,5
16/02/2022 14:06,5
16/02/2022 14:04,5
16/02/2022 14:00,4
16/02/2022 13:51,1
16/02/2022 13:42,1
16/02/2022 13:40,2
16/02/2022 13:32,3
16/02/2022 13:22,1
16/02/2022 13:18,5
16/02/2022 12:55,1
16/02/2022 12:49,4
16/02/2022 12:48,5
16/02/2022 12:45,5
16/02/2022 12:37,5
16/02/2022 12:32,5
16/02/2022 12:31,5
16/02/2022 12:27,1
16/02/2022 12:23,4
16/02/2022 12:11,3
16/02/2022 12:02,1
16/02/2022 11:53,1
16/02/2022 11:52,5
16/02/2022 11:51,4
16/02/2022 11:50,2
16/02/2022 11:45,5
16/02/2022 11:14,5
16/02/2022 11:11,1
16/02/2022 10:53,1
16/02/2022 10:49,1
16/02/2022 10:40,2
16/02/2022 10:38,5
16/02/2022 10:35,5
16/02/2022 10:35,5
16/02/2022 10:28,5
16/02/2022 10:27,3
16/02/2022 10:21,5
16/02/2022 10:20,5
16/02/2022 10:02,5
16/02/2022 09:57,5
16/02/2022 09:49,4
16/02/2022 09:42,2
16/02/2022 09:38,5
16/02/2022 09:29,5
16/02/2022 09:18,5
16/02/2022 09:06,2
16/02/2022 08:30,5
16/02/2022 08:29,1
16/02/2022 08:27,5
16/02/2022 08:10,1
16/02/2022 08:03,1
16/02/2022 07:45,2
16/02/2022 07:40,1
16/02/2022 07:38,5
16/02/2022 07:25,5
16/02/2022 07:15,3
16/02/2022 06:53,1
16/02/2022 06:49,5
16/02/2022 06:41,5
16/02/2022 06:35,1
16/02/2022 06:32,4
16/02/2022 06:30,5
16/02/2022 06:24,2
16/02/2022 06:21,5
16/02/2022 06:19,1
16/02/2022 06:11,1
16/02/2022 06:02,4
16/02/2022 05:59,4
16/02/2022 05:41,1
16/02/2022 05:41,2
16/02/2022 05:39,5
16/02/2022 05:36,3
16/02/2022 05:24,1
16/02/2022 05:19,1
16/02/2022 05:18,5
16/02/2022 05:12,5
16/02/2022 05:08,1
16/02/2022 05:00,5
16/02/2022 04:56,4
16/02/2022 04:49,5
16/02/2022 04:48,5
16/02/2022 04:42,4
16/02/2022 04:34,2
16/02/2022 04:33,1
16/02/2022 04:33,5
16/02/2022 04:25,1
16/02/2022 04:23,1
16/02/2022 04:11,3
16/02/2022 03:55,3
16/02/2022 03:55,2
16/02/2022 03:55,4
16/02/2022 03:45,1
16/02/2022 03:42,1
16/02/2022 03:38,3
16/02/2022 03:32,4
16/02/2022 03:27,3
16/02/2022 03:26,5
16/02/2022 03:21,1
16/02/2022 03:18,4
16/02/2022 03:10,1
16/02/2022 03:07,2
16/02/2022 02:59,5
16/02/2022 02:50,3
16/02/2022 02:43,3
16/02/2022 02:41,5
16/02/2022 02:35,5
16/02/2022 02:31,5
16/02/2022 02:30,2
16/02/2022 02:24,4
16/02/2022 02:21,5
16/02/2022 02:16,1
16/02/2022 02:13,2
16/02/2022 02:13,1
16/02/2022 02:11,2
16/02/2022 01:59,1
16/02/2022 01:52,3
16/02/2022 01:50,1
16/02/2022 01:48,3
16/02/2022 01:41,5
16/02/2022 01:37,5
16/02/2022 01:37,4
16/02/2022 01:36,1
16/02/2022 01:34,2
16/02/2022 01:31,5
16/02/2022 01:25,5
16/02/2022 01:23,2
16/02/2022 01:17,3
16/02/2022 00:56,4
16/02/2022 00:52,5
16/02/2022 00:44,3
16/02/2022 00:32,4
16/02/2022 00:28,1
16/02/2022 00:27,5
16/02/2022 00:21,2
16/02/2022 00:18,4
16/02/2022 00:14,1
16/02/2022 00:14,5
16/02/2022 00:05,2
15/02/2022 23:49,3
15/02/2022 23:48,5
15/02/2022 23:34,3
15/02/2022 23:20,5
15/02/2022 23:17,3
15/02/2022 23:12,4
15/02/2022 23:00,5
15/02/2022 22:58,1
15/02/2022 22:41,5
15/02/2022 22:35,1
15/02/2022 22:25,5
15/02/2022 22:16,1
15/02/2022 22:15,1
15/02/2022 22:03,1
15/02/2022 21:59,5
15/02/2022 21:31,1
15/02/2022 21:30,5
15/02/2022 21:30,1
15/02/2022 21:24,4
15/02/2022 21:20,5
15/02/2022 21:18,1
15/02/2022 21:17,1
15/02/2022 20:53,5
15/02/2022 20:37,2
15/02/2022 20:29,2
15/02/2022 20:28,3
15/02/2022 20:28,1
15/02/2022 20:18,3
15/02/2022 20:14,4
15/02/2022 20:10,3
15/02/2022 20:05,5
15/02/2022 20:01,1
15/02/2022 19:53,5
15/02/2022 19:52,5
15/02/2022 19:33,3
15/02/2022 19:32,4
15/02/2022 19:32,1
15/02/2022 19:21,1
15/02/2022 19:17,5
15/02/2022 18:58,5
15/02/2022 18:48,1
15/02/2022 18:44,5
15/02/2022 18:40,5
15/02/2022 18:29,5
15/02/2022 18:26,5
15/02/2022 18:22,4
15/02/2022 18:19,5
15/02/2022 18:17,5
15/02/2022 17:56,2
15/02/2022 17:52,4
15/02/2022 17:51,5
15/02/2022 17:50,5
15/02/2022 17:48,5
15/02/2022 17:40,5
15/02/2022 17:37,3
15/02/2022 17:31,1
15/02/2022 17:29,4
15/02/2022 17:29,3
15/02/2022 17:27,5
15/02/2022 17:21,5
15/02/2022 17:16,5
15/02/2022 17:09,4
15/02/2022 17:06,5
15/02/2022 16:53,5
15/02/2022 16:53,5
15/02/2022 16:44,1
15/02/2022 16:43,1
15/02/2022 16:39,4
15/02/2022 16:39,1
15/02/2022 16:34,1
15/02/2022 16:33,2
15/02/2022 16:32,5
15/02/2022 16:17,2
15/02/2022 16:16,5
15/02/2022 16:13,1
15/02/2022 16:13,5
15/02/2022 15:59,5
15/02/2022 15:51,5
15/02/2022 15:48,5
15/02/2022 15:47,5
15/02/2022 15:43,3
15/02/2022 15:37,2
15/02/2022 15:35,3
15/02/2022 15:34,5
15/02/2022 15:31,1
15/02/2022 15:30,2
15/02/2022 15:29,1
15/02/2022 15:21,5
15/02/2022 15:07,1
15/02/2022 15:00,5
15/02/2022 14:59,1
15/02/2022 14:58,5
15/02/2022 14:53,5
15/02/2022 14:52,5
15/02/2022 14:49,5
15/02/2022 14:46,5
15/02/2022 14:39,5
15/02/2022 14:34,1
15/02/2022 14:27,5
15/02/2022 14:17,5
15/02/2022 14:17,4
15/02/2022 14:14,5
15/02/2022 14:05,5
15/02/2022 13:59,5
15/02/2022 13:58,3
15/02/2022 13:50,5
15/02/2022 13:47,4
15/02/2022 13:45,4
15/02/2022 13:45,3
15/02/2022 13:40,1
15/02/2022 13:38,5
15/02/2022 13:38,3
15/02/2022 13:37,1
15/02/2022 13:29,1
15/02/2022 13:29,1
15/02/2022 13:29,5
15/02/2022 13:26,1
15/02/2022 13:25,2
15/02/2022 13:11,4
15/02/2022 12:47,5
15/02/2022 12:29,5
15/02/2022 12:29,1
15/02/2022 12:20,4
15/02/2022 12:18,1
15/02/2022 12:12,1
15/02/2022 12:11,1
15/02/2022 12:10,2
15/02/2022 12:07,1
15/02/2022 12:06,2
15/02/2022 12:05,5
15/02/2022 12:01,3
15/02/2022 12:01,4
15/02/2022 12:00,5
15/02/2022 11:59,5
15/02/2022 11:42,1
15/02/2022 11:42,3
15/02/2022 11:38,1
15/02/2022 11:35,1
15/02/2022 11:33,5
15/02/2022 11:29,5
15/02/2022 11:27,5
15/02/2022 11:08,1
15/02/2022 11:08,2
15/02/2022 10:56,3
15/02/2022 10:50,1
15/02/2022 10:50,2
15/02/2022 10:44,5
15/02/2022 10:43,3
15/02/2022 10:35,5
15/02/2022 10:34,5
15/02/2022 10:26,3
15/02/2022 10:23,2
15/02/2022 09:57,1
15/02/2022 09:50,5
15/02/2022 09:40,5
15/02/2022 09:39,5
15/02/2022 09:35,5
15/02/2022 09:25,4
15/02/2022 09:21,3
15/02/2022 09:19,1
15/02/2022 09:11,1
15/02/2022 09:07,5
15/02/2022 09:06,5
15/02/2022 09:05,1
15/02/2022 09:03,5
15/02/2022 09:03,5
15/02/2022 09:01,2
15/02/2022 08:59,5
15/02/2022 08:36,5
15/02/2022 08:22,3
15/02/2022 08:20,3
15/02/2022 08:17,4
15/02/2022 08:15,1
15/02/2022 08:14,5
15/02/2022 08:00,5
15/02/2022 07:58,3
15/02/2022 07:57,5
15/02/2022 07:55,1
15/02/2022 07:50,5
15/02/2022 07:50,4
15/02/2022 07:39,3
15/02/2022 07:36,5
15/02/2022 07:32,1
15/02/2022 07:25,1
15/02/2022 07:13,1
15/02/2022 07:12,1
15/02/2022 07:10,5
15/02/2022 07:07,5
15/02/2022 07:06,1
15/02/2022 06:59,2
15/02/2022 06:55,3
15/02/2022 06:54,3
15/02/2022 06:54,4
15/02/2022 06:48,5
15/02/2022 06:45,3
15/02/2022 06:42,5
15/02/2022 06:39,2
15/02/2022 06:38,4
15/02/2022 06:35,1
15/02/2022 06:21,1
15/02/2022 06:15,2
15/02/2022 06:09,5
15/02/2022 05:58,1
15/02/2022 05:56,3
15/02/2022 05:52,1
15/02/2022 05:33,5
15/02/2022 05:26,5
15/02/2022 05:23,3
15/02/2022 05:22,1
15/02/2022 05:22,4
15/02/2022 05:15,4
15/02/2022 05:00,4
15/02/2022 04:57,1
15/02/2022 04:54,5
15/02/2022 04:50,2
15/02/2022 04:42,1
15/02/2022 04:41,3
15/02/2022 04:40,5
15/02/2022 04:38,2
15/02/2022 04:35,5
15/02/2022 04:27,4
15/02/2022 04:26,5
15/02/2022 04:21,1
15/02/2022 04:21,3
15/02/2022 04:09,5
15/02/2022 04:03,3
15/02/2022 04:03,1
15/02/2022 03:59,3
15/02/2022 03:58,3
15/02/2022 03:53,1
15/02/2022 03:49,1
15/02/2022 03:38,2
15/02/2022 03:35,5
15/02/2022 03:35,2
15/02/2022 03:35,1
15/02/2022 03:29,4
15/02/2022 03:20,3
15/02/2022 03:09,4
15/02/2022 03:07,5
15/02/2022 03:00,3
15/02/2022 02:47,2
15/02/2022 02:43,1
15/02/2022 02:40,1
15/02/2022 02:31,3
15/02/2022 02:11,1
15/02/2022 02:10,1
15/02/2022 02:07,1
15/02/2022 02:06,1
15/02/2022 02:01,5
15/02/2022 01:58,4
15/02/2022 01:57,5
15/02/2022 01:54,1
15/02/2022 01:32,2
15/02/2022 01:26,5
15/02/2022 01:24,1
15/02/2022 01:19,5
15/02/2022 01:11,5
15/02/2022 00:57,1
15/02/2022 00:39,5
15/02/2022 00:35,5
15/02/2022 00:35,1
15/02/2022 00:13,5
15/02/2022 00:11,4
14/02/2022 23:59,1
14/02/2022 23:49,3
14/02/2022 23:37,5
14/02/2022 23:34,5
14/02/2022 23:30,5
14/02/2022 23:29,2
14/02/2022 23:14,1
14/02/2022 23:13,1
14/02/2022 23:13,1
14/02/2022 23:05,2
14/02/2022 23:01,2
14/02/2022 22:56,5
14/02/2022 22:50,5
14/02/2022 22:43,5
14/02/2022 22:38,2
14/02/2022 22:34,2
14/02/2022 22:33,5
14/02/2022 22:33,4
14/02/2022 22:26,1
14/02/2022 22:26,1
14/02/2022 22:16,4
14/02/2022 22:13,2
14/02/2022 21:50,3
14/02/2022 21:42,5
14/02/2022 21:39,5
14/02/2022 21:29,5
14/02/2022 21:10,1
14/02/2022 21:08,2
14/02/2022 20:51,2
14/02/2022 20:48,1
14/02/2022 20:29,5
14/02/2022 20:24,1
14/02/2022 20:14,5
14/02/2022 20:07,1
14/02/2022 19:46,2
14/02/2022 19:45,5
14/02/2022 19:37,5
14/02/2022 19:26,5
14/02/2022 19:25,1
14/02/2022 19:23,3
14/02/2022 19:23,3
14/02/2022 19:22,4
14/02/2022 19:19,3
14/02/2022 19:13,4
14/02/2022 19:06,5
14/02/2022 18:57,2
14/02/2022 18:57,2
14/02/2022 18:39,3
14/02/2022 18:38,4
14/02/2022 18:36,5
14/02/2022 18:35,1
14/02/2022 18:27,3
14/02/2022 18:20,5
14/02/2022 18:14,2
14/02/2022 18:13,5
14/02/2022 18:02,2
14/02/2022 18:00,2
14/02/2022 18:00,4
14/02/2022 17:55,4
14/02/2022 17:53,3
14/02/2022 17:52,3
14/02/2022 17:49,5
14/02/2022 17:47,5
14/02/2022 17:45,5
14/02/2022 17:34,5
14/02/2022 17:30,2
14/02/2022 17:27,5
14/02/2022 17:25,5
14/02/2022 17:24,5
14/02/2022 17:18,4
14/02/2022 17:14,1
14/02/2022 17:12,1
14/02/2022 17:11,5
14/02/2022 17:00,1
14/02/2022 16:57,2
14/02/2022 16:56,5
14/02/2022 16:55,1
14/02/2022 16:53,1
14/02/2022 16:53,1
14/02/2022 16:38,1
14/02/2022 16:26,1
14/02/2022 16:26,5
14/02/2022 16:21,3
14/02/2022 16:21,4
14/02/2022 16:12,5
14/02/2022 16:09,1
14/02/2022 16:08,5
14/02/2022 16:07,5
14/02/2022 16:05,1
14/02/2022 15:58,2
14/02/2022 15:52,5
14/02/2022 15:44,1
14/02/2022 15:41,3
14/02/2022 15:37,2
14/02/2022 15:30,5
14/02/2022 15:29,5
14/02/2022 15:29,4
14/02/2022 15:28,2
14/02/2022 15:10,3
14/02/2022 15:10,2
14/02/2022 15:05,1
14/02/2022 15:02,5
14/02/2022 15:01,3
14/02/2022 14:59,5
14/02/2022 14:34,5
14/02/2022 14:27,1
14/02/2022 14:10,5
14/02/2022 14:10,1
14/02/2022 14:06,4
14/02/2022 14:04,3
14/02/2022 14:02,3
14/02/2022 14:00,5
14/02/2022 13:59,5
14/02/2022 13:50,1
14/02/2022 13:50,5
14/02/2022 13:45,4
14/02/2022 13:38,5
14/02/2022 13:37,3
14/02/2022 13:32,2
14/02/2022 13:29,1
14/02/2022 13:25,5
14/02/2022 13:17,4
14/02/2022 13:16,4
14/02/2022 13:12,1
14/02/2022 13:02,5
14/02/2022 13:00,5
14/02/2022 12:57,3
14/02/2022 12:56,5
14/02/2022 12:50,5
14/02/2022 12:45,2
14/02/2022 12:43,4
14/02/2022 12:28,1
14/02/2022 12:26,4
14/02/2022 12:26,4
14/02/2022 12:23,2
14/02/2022 12:22,5
14/02/2022 11:37,1
14/02/2022 11:29,3
14/02/2022 11:08,4
14/02/2022 11:06,5
14/02/2022 11:03,1
14/02/2022 11:02,1
14/02/2022 10:46,4
14/02/2022 10:27,5
14/02/2022 10:20,5
14/02/2022 10:10,5
14/02/2022 09:56,5
14/02/2022 09:49,4
14/02/2022 09:46,1
14/02/2022 09:45,5
14/02/2022 09:30,1
14/02/2022 09:28,5
14/02/2022 09:20,5
14/02/2022 09:13,2
14/02/2022 08:52,3
14/02/2022 08:50,1
14/02/2022 08:44,1
14/02/2022 08:40,4
14/02/2022 08:37,2
14/02/2022 08:32,5
14/02/2022 08:05,1
14/02/2022 07:57,5
14/02/2022 07:44,4
14/02/2022 07:32,1
14/02/2022 07:31,1
14/02/2022 07:29,1
14/02/2022 07:24,5
14/02/2022 07:15,3
14/02/2022 07:14,4
14/02/2022 07:02,2
14/02/2022 06:56,3
14/02/2022 06:55,3
14/02/2022 06:53,5
14/02/2022 06:49,5
14/02/2022 06:38,1
14/02/2022 06:17,5
14/02/2022 06:15,5
14/02/2022 06:15,5
14/02/2022 06:03,1
14/02/2022 06:02,4
14/02/2022 05:59,4
14/02/2022 05:57,1
14/02/2022 05:50,5
14/02/2022 05:47,4
14/02/2022 05:46,3
14/02/2022 05:46,4
14/02/2022 05:41,3
14/02/2022 05:25,4
14/02/2022 05:21,1
14/02/2022 05:17,5
14/02/2022 05:13,3
14/02/2022 05:05,1
14/02/2022 04:59,4
14/02/2022 04:50,5
14/02/2022 04:46,2
14/02/2022 04:43,1
14/02/2022 04:41,5
14/02/2022 04:25,5
14/02/2022 04:24,3
14/02/2022 04:22,3
14/02/2022 04:14,4
14/02/2022 04:14,5
14/02/2022 03:45,3
14/02/2022 03:42,1
14/02/2022 03:31,3
14/02/2022 03:28,3
14/02/2022 03:27,2
14/02/2022 03:21,3
14/02/2022 03:20,5
14/02/2022 03:03,5
14/02/2022 02:48,4
14/02/2022 02:47,2
14/02/2022 02:40,5
14/02/2022 02:25,5
14/02/2022 02:23,5
14/02/2022 02:16,5
14/02/2022 02:05,3
14/02/2022 01:32,5
14/02/2022 01:31,5
14/02/2022 01:24,1
14/02/2022 01:17,5
14/02/2022 00:47,5
14/02/2022 00:34,1
14/02/2022 00:29,3
14/02/2022 00:19,5
14/02/2022 00:16,5
14/02/2022 00:11,5
14/02/2022 00:08,1
14/02/2022 00:00,1
13/02/2022 23:39,2
13/02/2022 23:30,5
13/02/2022 23:27,5
13/02/2022 23:08,1
13/02/2022 23:06,4
13/02/2022 23:02,4
13/02/2022 23:01,1
13/02/2022 22:49,5
13/02/2022 22:49,5
13/02/2022 22:41,3
13/02/2022 22:33,1
13/02/2022 22:29,1
13/02/2022 22:27,5
13/02/2022 22:20,3
13/02/2022 22:19,2
13/02/2022 22:10,1
13/02/2022 22:06,4
13/02/2022 21:58,2
13/02/2022 21:52,4
13/02/2022 21:39,5
13/02/2022 21:32,2
13/02/2022 21:30,5
13/02/2022 21:29,2
13/02/2022 21:26,5
13/02/2022 21:21,1
13/02/2022 21:08,3
13/02/2022 20:51,1
13/02/2022 20:50,5
13/02/2022 20:40,1
13/02/2022 20:36,4
13/02/2022 20:25,5
13/02/2022 20:23,4
13/02/2022 20:18,5
13/02/2022 20:09,1
13/02/2022 19:46,2
13/02/2022 19:38,5
13/02/2022 19:30,2
13/02/2022 19:27,5
13/02/2022 19:26,1
13/02/2022 19:17,5
13/02/2022 19:17,2
13/02/2022 19:11,2
13/02/2022 19:08,5
13/02/2022 19:06,1
13/02/2022 19:02,5
13/02/2022 19:01,1
13/02/2022 18:57,3
13/02/2022 18:47,1
13/02/2022 18:42,1
13/02/2022 18:37,2
13/02/2022 18:32,5
13/02/2022 18:18,5
13/02/2022 18:18,1
13/02/2022 18:13,2
13/02/2022 18:11,4
13/02/2022 18:10,5
13/02/2022 18:09,1
13/02/2022 18:06,4
13/02/2022 18:03,1
13/02/2022 18:03,5
13/02/2022 17:48,4
13/02/2022 17:38,5
13/02/2022 17:36,2
13/02/2022 17:32,1
13/02/2022 17:25,5
13/02/2022 17:20,3
13/02/2022 17:15,5
13/02/2022 17:13,2
13/02/2022 17:12,5
13/02/2022 17:09,1
13/02/2022 17:08,5
13/02/2022 16:59,1
13/02/2022 16:57,5
13/02/2022 16:54,5
13/02/2022 16:53,5
13/02/2022 16:51,5
13/02/2022 16:41,2
13/02/2022 16:41,1
13/02/2022 16:39,3
13/02/2022 16:25,2
13/02/2022 16:23,3
13/02/2022 16:11,5
13/02/2022 15:54,5
13/02/2022 15:51,5
13/02/2022 15:49,1
13/02/2022 15:44,1
13/02/2022 15:33,4
13/02/2022 15:31,1
13/02/2022 15:27,5
13/02/2022 15:26,1
13/02/2022 15:24,5
13/02/2022 15:17,1
13/02/2022 15:17,5
13/02/2022 15:05,4
13/02/2022 14:55,5
13/02/2022 14:51,1
13/02/2022 14:42,3
13/02/2022 14:41,1
13/02/2022 14:35,4
13/02/2022 14:34,5
13/02/2022 14:33,3
13/02/2022 14:30,2
13/02/2022 14:27,4
13/02/2022 14:19,4
13/02/2022 13:56,5
13/02/2022 13:49,5
13/02/2022 13:47,5
13/02/2022 13:35,5
13/02/2022 13:34,1
13/02/2022 13:27,1
13/02/2022 13:26,1
13/02/2022 13:10,5
13/02/2022 13:08,1
13/02/2022 13:01,5
13/02/2022 12:57,5
13/02/2022 12:51,1
13/02/2022 12:42,5
13/02/2022 12:42,3
13/02/2022 12:41,2
13/02/2022 12:08,5
13/02/2022 12:05,4
13/02/2022 11:58,1
13/02/2022 11:55,3
13/02/2022 11:55,3
13/02/2022 11:52,5
13/02/2022 11:45,1
13/02/2022 11:44,1
13/02/2022 11:39,4
13/02/2022 11:29,1
13/02/2022 11:23,2
13/02/2022 11:21,5
13/02/2022 11:21,2
13/02/2022 11:20,1
13/02/2022 11:01,5
13/02/2022 10:46,5
13/02/2022 10:42,1
13/02/2022 10:41,5
13/02/2022 10:37,1
13/02/2022 10:26,5
13/02/2022 10:26,5
13/02/2022 10:25,4
13/02/2022 10:10,5
13/02/2022 09:56,3
13/02/2022 09:51,2
13/02/2022 09:26,4
13/02/2022 09:10,1
13/02/2022 09:03,1
13/02/2022 08:48,5
13/02/2022 08:42,1
13/02/2022 08:37,1
13/02/2022 08:25,5
13/02/2022 08:23,5
13/02/2022 08:20,4
13/02/2022 08:11,5
13/02/2022 08:05,1
13/02/2022 08:04,4
13/02/2022 08:04,5
13/02/2022 07:43,4
13/02/2022 07:28,5
13/02/2022 07:25,5
13/02/2022 07:17,5
13/02/2022 07:14,4
13/02/2022 06:59,5
13/02/2022 06:53,5
13/02/2022 06:47,5
13/02/2022 06:27,5
13/02/2022 06:26,5
13/02/2022 06:13,5
13/02/2022 06:11,4
13/02/2022 06:11,2
13/02/2022 06:03,2
13/02/2022 06:02,3
13/02/2022 06:00,4
13/02/2022 05:49,1
13/02/2022 05:48,5
13/02/2022 05:43,2
13/02/2022 05:42,1
13/02/2022 05:41,5
13/02/2022 05:41,5
13/02/2022 05:40,1
13/02/2022 05:38,2
13/02/2022 05:34,4
13/02/2022 05:16,5
13/02/2022 05:09,1
13/02/2022 04:58,5
13/02/2022 04:44,1
13/02/2022 04:31,4
13/02/2022 04:29,5
13/02/2022 04:21,4
13/02/2022 04:18,4
13/02/2022 04:08,3
13/02/2022 04:01,1
13/02/2022 03:57,4
13/02/2022 03:45,5
13/02/2022 03:41,1
13/02/2022 03:24,1
13/02/2022 03:06,1
13/02/2022 03:04,2
13/02/2022 03:00,5
13/02/2022 02:40,1
13/02/2022 02:39,1
13/02/2022 02:34,1
13/02/2022 02:33,2
13/02/2022 01:58,4
13/02/2022 01:55,1
13/02/2022 01:50,5
13/02/2022 01:43,3
13/02/2022 01:43,1
13/02/2022 01:30,4
13/02/2022 01:29,5
13/02/2022 01:17,3
13/02/2022 01:15,3
13/02/2022 01:08,5
13/02/2022 01:05,5
13/02/2022 00:49,1
13/02/2022 00:48,1
13/02/2022 00:41,4
13/02/2022 00:37,5
13/02/2022 00:36,2
13/02/2022 00:28,1
13/02/2022 00:20,1
13/02/2022 00:15,3
12/02/2022 23:56,5
12/02/2022 23:34,5
12/02/2022 23:26,4
12/02/2022 23:22,5
12/02/2022 23:20,1
12/02/2022 23:14,3
12/02/2022 23:04,1
12/02/2022 22:56,3
12/02/2022 22:53,5
12/02/2022 22:48,5
12/02/2022 22:44,1
12/02/2022 22:37,1
12/02/2022 22:34,1
12/02/2022 22:33,4
12/02/2022 22:04,1
12/02/2022 22:02,1
12/02/2022 21:59,1
12/02/2022 21:57,2
12/02/2022 21:43,5
12/02/2022 21:42,5
12/02/2022 21:39,1
12/02/2022 21:36,1
12/02/2022 21:36,2
12/02/2022 21:35,5
12/02/2022 21:33,5
12/02/2022 21:32,3
12/02/2022 21:28,3
12/02/2022 21:28,5
12/02/2022 21:19,5
12/02/2022 21:13,3
12/02/2022 21:12,3
12/02/2022 20:57,3
12/02/2022 20:49,4
12/02/2022 20:44,1
12/02/2022 20:40,1
12/02/2022 20:35,5
12/02/2022 20:28,5
12/02/2022 20:27,1
12/02/2022 20:23,2
12/02/2022 19:59,5
12/02/2022 19:57,5
12/02/2022 19:57,5
12/02/2022 19:48,3
12/02/2022 19:32,5
12/02/2022 19:32,3
12/02/2022 19:31,1
12/02/2022 19:30,1
12/02/2022 19:29,2
12/02/2022 19:27,2
12/02/2022 19:06,1
12/02/2022 19:02,4
12/02/2022 18:46,4
12/02/2022 18:43,5
12/02/2022 18:41,4
12/02/2022 18:33,5
12/02/2022 18:32,1
12/02/2022 18:28,5
12/02/2022 18:23,5
12/02/2022 18:21,5
12/02/2022 18:19,1
12/02/2022 18:17,5
12/02/2022 18:05,5
12/02/2022 17:54,5
12/02/2022 17:54,5
12/02/2022 17:47,5
12/02/2022 17:44,5
12/02/2022 17:26,1
12/02/2022 17:24,1
12/02/2022 17:16,2
12/02/2022 17:07,5
12/02/2022 17:06,4
12/02/2022 16:55,5
12/02/2022 16:50,1
12/02/2022 16:45,4
12/02/2022 16:42,1
12/02/2022 16:41,5
12/02/2022 16:34,3
12/02/2022 16:27,2
12/02/2022 16:22,4
12/02/2022 16:22,2
12/02/2022 16:08,1
12/02/2022 16:06,5
12/02/2022 16:05,2
12/02/2022 15:55,2
12/02/2022 15:54,2
12/02/2022 15:50,1
12/02/2022 15:49,4
12/02/2022 15:36,5
12/02/2022 15:35,5
12/02/2022 15:21,2
12/02/2022 15:17,3
12/02/2022 15:16,5
12/02/2022 15:16,5
12/02/2022 15:14,4
12/02/2022 15:12,1
12/02/2022 15:09,5
12/02/2022 15:09,5
12/02/2022 15:09,5
12/02/2022 15:09,5
12/02/2022 15:08,2
12/02/2022 15:08,5
12/02/2022 15:05,1
12/02/2022 15:01,5
12/02/2022 14:56,5
12/02/2022 14:50,5
12/02/2022 14:46,3
12/02/2022 14:35,1
12/02/2022 14:34,5
12/02/2022 14:33,4
12/02/2022 14:29,5
12/02/2022 14:24,5
12/02/2022 14:23,5
12/02/2022 14:18,1
12/02/2022 13:59,1
12/02/2022 13:40,1
12/02/2022 13:39,3
12/02/2022 13:32,5
12/02/2022 13:30,5
12/02/2022 13:29,5
12/02/2022 13:21,1
12/02/2022 13:18,3
12/02/2022 13:18,4
12/02/2022 13:06,5
12/02/2022 13:05,5
12/02/2022 13:04,4
12/02/2022 13:01,3
12/02/2022 13:01,5
12/02/2022 12:58,5
12/02/2022 12:53,1
12/02/2022 12:52,4
12/02/2022 12:45,5
12/02/2022 12:43,1
12/02/2022 12:39,1
12/02/2022 12:34,5
12/02/2022 12:31,1
12/02/2022 12:31,5
12/02/2022 12:27,1
12/02/2022 12:24,1
12/02/2022 11:59,1
12/02/2022 11:56,1
12/02/2022 11:45,5
12/02/2022 11:39,5
12/02/2022 11:36,5
12/02/2022 11:35,5
12/02/2022 11:33,5
12/02/2022 11:25,2
12/02/2022 11:04,1
12/02/2022 11:04,1
12/02/2022 10:55,1
12/02/2022 10:51,1
12/02/2022 10:51,5
12/02/2022 10:38,4
12/02/2022 10:27,5
12/02/2022 10:11,5
12/02/2022 10:01,5
12/02/2022 09:50,1
12/02/2022 09:46,5
12/02/2022 09:39,1
12/02/2022 09:35,3
12/02/2022 09:26,1
12/02/2022 09:25,1
12/02/2022 09:16,1
12/02/2022 09:11,5
12/02/2022 09:10,4
12/02/2022 09:05,3
12/02/2022 09:03,2
12/02/2022 09:03,5
12/02/2022 09:00,5
12/02/2022 08:50,4
12/02/2022 08:40,5
12/02/2022 08:37,4
12/02/2022 08:33,5
12/02/2022 08:19,3
12/02/2022 08:15,2
12/02/2022 08:10,5
12/02/2022 08:05,2
12/02/2022 08:05,2
12/02/2022 07:58,4
12/02/2022 07:41,1
12/02/2022 07:39,5
12/02/2022 07:23,4
12/02/2022 07:22,5
12/02/2022 07:21,1
12/02/2022 07:19,5
12/02/2022 07:06,4
12/02/2022 07:05,1
12/02/2022 07:04,4
12/02/2022 07:02,5
12/02/2022 06:56,4
12/02/2022 06:50,1
12/02/2022 06:40,5
12/02/2022 06:38,5
12/02/2022 06:30,2
12/02/2022 06:29,1
12/02/2022 06:24,5
12/02/2022 06:18,5
12/02/2022 06:16,5
12/02/2022 06:14,5
12/02/2022 06:11,5
12/02/2022 06:07,3
12/02/2022 06:05,5
12/02/2022 05:57,1
12/02/2022 05:52,4
12/02/2022 05:42,5
12/02/2022 05:34,5
12/02/2022 05:24,2
12/02/2022 05:22,2
12/02/2022 05:21,2
12/02/2022 05:19,1
12/02/2022 05:18,5
12/02/2022 05:11,5
12/02/2022 05:01,5
12/02/2022 04:59,5
12/02/2022 04:55,1
12/02/2022 04:37,5
12/02/2022 04:30,1
12/02/2022 04:27,1
12/02/2022 04:21,5
12/02/2022 04:20,2
12/02/2022 04:15,5
12/02/2022 04:09,5
12/02/2022 04:05,2
12/02/2022 03:57,2
12/02/2022 03:55,1
12/02/2022 03:48,1
12/02/2022 03:46,1
12/02/2022 03:42,5
12/02/2022 03:28,1
12/02/2022 03:26,5
12/02/2022 03:18,5
12/02/2022 03:17,5
12/02/2022 03:17,1
12/02/2022 03:04,5
12/02/2022 02:58,4
12/02/2022 02:53,5
12/02/2022 02:50,1
12/02/2022 02:38,3
12/02/2022 02:36,4
12/02/2022 02:34,5
12/02/2022 02:33,2
12/02/2022 02:29,5
12/02/2022 02:27,2
12/02/2022 02:26,3
12/02/2022 02:25,5
12/02/2022 02:12,5
12/02/2022 02:02,4
12/02/2022 01:57,5
12/02/2022 01:55,1
12/02/2022 01:45,5
12/02/2022 01:45,1
12/02/2022 01:42,4
12/02/2022 01:35,5
12/02/2022 01:27,5
12/02/2022 01:18,4
12/02/2022 01:12,5
12/02/2022 01:08,5
12/02/2022 01:07,1
12/02/2022 01:01,1
12/02/2022 00:55,3
12/02/2022 00:51,1
12/02/2022 00:50,5
12/02/2022 00:27,1
12/02/2022 00:16,1
12/02/2022 00:14,5
12/02/2022 00:11,4
12/02/2022 00:11,5
11/02/2022 23:56,3
11/02/2022 23:55,1
11/02/2022 23:49,3
11/02/2022 23:48,1
11/02/2022 23:44,1
11/02/2022 23:43,5
11/02/2022 23:42,5
11/02/2022 23:37,5
11/02/2022 23:28,1
11/02/2022 23:26,5
11/02/2022 23:20,5
11/02/2022 23:13,5
11/02/2022 23:01,4
11/02/2022 22:47,5
11/02/2022 22:44,5
11/02/2022 22:42,5
11/02/2022 22:29,1
11/02/2022 22:24,4
11/02/2022 22:22,1
11/02/2022 22:17,3
11/02/2022 22:11,2
11/02/2022 21:47,5
11/02/2022 21:33,5
11/02/2022 21:30,2
11/02/2022 21:19,1
11/02/2022 21:18,2
11/02/2022 21:15,1
11/02/2022 20:48,3
11/02/2022 20:17,2
11/02/2022 20:04,5
11/02/2022 19:59,3
11/02/2022 19:54,5
11/02/2022 19:33,5
11/02/2022 19:31,1
11/02/2022 19:31,5
11/02/2022 19:29,4
11/02/2022 19:26,5
11/02/2022 19:19,5
11/02/2022 19:16,4
11/02/2022 19:14,5
11/02/2022 19:13,1
11/02/2022 19:10,4
11/02/2022 19:07,5
11/02/2022 18:56,4
11/02/2022 18:50,1
11/02/2022 18:47,5
11/02/2022 18:46,1
11/02/2022 18:38,1
11/02/2022 18:36,1
11/02/2022 18:30,1
11/02/2022 18:26,4
11/02/2022 18:22,1
11/02/2022 18:20,1
11/02/2022 18:18,5
11/02/2022 18:14,5
11/02/2022 17:59,1
11/02/2022 17:56,4
11/02/2022 17:48,5
11/02/2022 17:47,5
11/02/2022 17:44,1
11/02/2022 17:39,1
11/02/2022 17:34,4
11/02/2022 17:26,5
11/02/2022 17:20,3
11/02/2022 17:20,3
11/02/2022 17:18,3
11/02/2022 17:18,5
11/02/2022 17:11,5
11/02/2022 17:09,5
11/02/2022 17:03,3
11/02/2022 17:00,3
11/02/2022 16:58,5
11/02/2022 16:58,5
11/02/2022 16:54,5
11/02/2022 16:53,2
11/02/2022 16:49,1
11/02/2022 16:40,4
11/02/2022 16:38,5
11/02/2022 16:24,1
11/02/2022 16:24,5
11/02/2022 16:24,5
11/02/2022 16:12,1
11/02/2022 16:07,1
11/02/2022 16:04,1
11/02/2022 15:55,4
11/02/2022 15:54,5
11/02/2022 15:47,1
11/02/2022 15:46,5
11/02/2022 15:42,5
11/02/2022 15:36,5
11/02/2022 15:33,4
11/02/2022 15:33,5
11/02/2022 15:33,3
11/02/2022 15:30,1
11/02/2022 15:28,1
11/02/2022 15:27,1
11/02/2022 15:25,5
11/02/2022 15:15,5
11/02/2022 15:14,1
11/02/2022 15:05,4
11/02/2022 15:02,4
11/02/2022 14:54,4
11/02/2022 14:43,5
11/02/2022 14:40,2
11/02/2022 14:29,5
11/02/2022 14:17,5
11/02/2022 14:16,4
11/02/2022 14:11,5
11/02/2022 14:07,1
11/02/2022 14:06,1
11/02/2022 14:01,4
11/02/2022 13:58,5
11/02/2022 13:55,5
11/02/2022 13:51,5
11/02/2022 13:50,1
11/02/2022 13:48,5
11/02/2022 13:48,3
11/02/2022 13:39,5
11/02/2022 13:35,5
11/02/2022 13:34,5
11/02/2022 13:33,1
11/02/2022 13:32,4
11/02/2022 13:29,1
11/02/2022 13:13,4
11/02/2022 13:11,3
11/02/2022 13:07,4
11/02/2022 13:04,4
11/02/2022 13:04,5
11/02/2022 13:01,2
11/02/2022 12:55,1
11/02/2022 12:54,5
11/02/2022 12:52,5
11/02/2022 12:42,1
11/02/2022 12:41,2
11/02/2022 12:38,2
11/02/2022 12:35,5
11/02/2022 12:22,5
11/02/2022 12:13,5
11/02/2022 12:05,2
11/02/2022 12:02,5
11/02/2022 11:54,1
11/02/2022 11:48,3
11/02/2022 11:46,5
11/02/2022 11:44,1
11/02/2022 11:39,5
11/02/2022 11:33,1
11/02/2022 11:29,4
11/02/2022 11:26,4
11/02/2022 11:25,5
11/02/2022 11:08,4
11/02/2022 11:06,4
11/02/2022 11:00,5
11/02/2022 10:51,2
11/02/2022 10:48,5
11/02/2022 10:47,5
11/02/2022 10:42,5
11/02/2022 10:40,5
11/02/2022 10:39,5
11/02/2022 10:25,3
11/02/2022 10:14,4
11/02/2022 10:08,1
11/02/2022 10:07,5
11/02/2022 09:49,1
11/02/2022 09:46,1
11/02/2022 09:45,4
11/02/2022 09:35,4
11/02/2022 09:32,1
11/02/2022 09:22,4
11/02/2022 09:13,1
11/02/2022 09:10,4
11/02/2022 09:06,3
11/02/2022 08:49,3
11/02/2022 08:46,1
11/02/2022 08:41,4
11/02/2022 08:32,3
11/02/2022 08:31,1
11/02/2022 08:25,1
11/02/2022 08:23,3
11/02/2022 08:21,3
11/02/2022 08:20,4
11/02/2022 08:11,1
11/02/2022 08:06,1
11/02/2022 08:06,5
11/02/2022 07:59,4
11/02/2022 07:59,5
11/02/2022 07:53,1
11/02/2022 07:37,5
11/02/2022 07:35,1
11/02/2022 07:28,5
11/02/2022 07:20,5
11/02/2022 07:15,4
11/02/2022 07:06,5
11/02/2022 07:05,1
11/02/2022 07:02,1
11/02/2022 06:48,2
11/02/2022 06:45,5
11/02/2022 06:35,5
11/02/2022 06:34,3
11/02/2022 06:27,2
11/02/2022 06:13,4
11/02/2022 06:07,1
11/02/2022 06:01,5
11/02/2022 05:45,4
11/02/2022 05:33,2
11/02/2022 05:21,5
11/02/2022 05:20,1
11/02/2022 05:12,5
11/02/2022 05:07,1
11/02/2022 05:06,5
11/02/2022 05:05,1
11/02/2022 05:00,4
11/02/2022 04:59,3
11/02/2022 04:55,5
11/02/2022 04:54,2
11/02/2022 04:48,4
11/02/2022 04:44,1
11/02/2022 04:30,4
11/02/2022 04:26,4
11/02/2022 04:24,1
11/02/2022 04:24,5
11/02/2022 04:21,5
11/02/2022 04:16,5
11/02/2022 04:08,4
11/02/2022 04:01,5
11/02/2022 03:49,1
11/02/2022 03:45,5
11/02/2022 03:36,1
11/02/2022 03:35,5
11/02/2022 03:28,2
11/02/2022 03:27,5
11/02/2022 03:26,1
11/02/2022 03:24,5
11/02/2022 03:20,2
11/02/2022 03:19,1
11/02/2022 03:06,3
11/02/2022 03:02,5
11/02/2022 03:00,5
11/02/2022 03:00,5
11/02/2022 02:59,1
11/02/2022 02:58,1
11/02/2022 02:58,1
11/02/2022 02:48,1
11/02/2022 02:48,5
11/02/2022 02:36,1
11/02/2022 02:32,1
11/02/2022 02:27,5
11/02/2022 02:27,5
11/02/2022 02:26,3
11/02/2022 02:17,5
11/02/2022 02:13,3
11/02/2022 02:11,5
11/02/2022 02:11,5
11/02/2022 02:09,1
11/02/2022 02:06,5
11/02/2022 02:00,5
11/02/2022 01:44,3
11/02/2022 01:42,1
11/02/2022 01:41,5
11/02/2022 01:27,1
11/02/2022 01:27,5
11/02/2022 01:20,1
11/02/2022 01:17,4
11/02/2022 01:15,5
11/02/2022 01:06,1
11/02/2022 01:00,3
11/02/2022 00:50,5
11/02/2022 00:50,5
11/02/2022 00:39,4
11/02/2022 00:38,5
11/02/2022 00:32,3
11/02/2022 00:26,1
11/02/2022 00:26,2
11/02/2022 00:21,1
11/02/2022 00:20,4
10/02/2022 23:59,1
10/02/2022 23:38,1
10/02/2022 23:35,1
10/02/2022 23:33,5
10/02/2022 23:32,5
10/02/2022 23:28,2
10/02/2022 23:26,2
10/02/2022 23:26,4
10/02/2022 23:18,5
10/02/2022 23:16,5
10/02/2022 23:11,5
10/02/2022 23:01,5
10/02/2022 22:58,4
10/02/2022 22:56,3
10/02/2022 22:35,5
10/02/2022 22:34,1
10/02/2022 22:18,5
10/02/2022 22:15,1
10/02/2022 22:15,5
10/02/2022 22:10,2
10/02/2022 22:03,3
10/02/2022 21:57,4
10/02/2022 21:57,5
10/02/2022 21:56,1
10/02/2022 21:52,5
10/02/2022 21:41,2
10/02/2022 21:36,1
10/02/2022 21:34,3
10/02/2022 21:32,2
10/02/2022 21:30,5
10/02/2022 21:24,5
10/02/2022 21:22,4
10/02/2022 21:16,5
10/02/2022 21:10,5
10/02/2022 21:10,3
10/02/2022 21:07,5
10/02/2022 21:02,3
10/02/2022 21:02,5
10/02/2022 20:56,5
10/02/2022 20:50,1
10/02/2022 20:29,4
10/02/2022 20:24,5
10/02/2022 20:23,5
10/02/2022 20:22,5
10/02/2022 20:16,5
10/02/2022 20:15,5
10/02/2022 20:13,5
10/02/2022 19:59,2
10/02/2022 19:59,5
10/02/2022 19:50,4
10/02/2022 19:49,5
10/02/2022 19:45,4
10/02/2022 19:43,3
10/02/2022 19:42,3
10/02/2022 19:36,1
10/02/2022 19:31,5
10/02/2022 19:23,3
10/02/2022 19:13,1
10/02/2022 19:12,5
10/02/2022 19:10,4
10/02/2022 19:10,4
10/02/2022 19:03,5
10/02/2022 18:59,5
10/02/2022 18:54,1
10/02/2022 18:53,5
10/02/2022 18:47,5
10/02/2022 18:45,1
10/02/2022 18:38,4
10/02/2022 18:33,2
10/02/2022 18:28,5
10/02/2022 18:28,1
10/02/2022 18:24,3
10/02/2022 18:00,1
10/02/2022 17:59,1
10/02/2022 17:49,1
10/02/2022 17:45,1
10/02/2022 17:45,5
10/02/2022 17:44,1
10/02/2022 17:42,5
10/02/2022 17:36,5
10/02/2022 17:33,5
10/02/2022 17:33,1
10/02/2022 17:31,4
10/02/2022 17:29,4
10/02/2022 17:24,5
10/02/2022 17:22,1
10/02/2022 17:20,1
10/02/2022 17:11,3
10/02/2022 17:10,1
10/02/2022 17:06,4
10/02/2022 17:04,4
10/02/2022 17:04,4
10/02/2022 17:00,4
10/02/2022 16:51,1
10/02/2022 16:43,5
10/02/2022 16:34,1
10/02/2022 16:33,1
10/02/2022 16:26,3
10/02/2022 16:22,3
10/02/2022 16:22,2
10/02/2022 16:22,5
10/02/2022 16:11,5
10/02/2022 16:11,5
10/02/2022 16:00,4
10/02/2022 15:51,5
10/02/2022 15:46,2
10/02/2022 15:45,5
10/02/2022 15:33,1
10/02/2022 15:33,5
10/02/2022 15:31,5
10/02/2022 15:29,5
10/02/2022 15:27,4
10/02/2022 15:25,5
10/02/2022 15:24,5
10/02/2022 15:18,5
10/02/2022 15:08,2
10/02/2022 15:07,5
10/02/2022 15:07,5
10/02/2022 15:06,1
10/02/2022 15:01,5
10/02/2022 14:58,1
10/02/2022 14:53,3
10/02/2022 14:53,3
10/02/2022 14:46,3
10/02/2022 14:41,5
10/02/2022 14:40,1
10/02/2022 14:36,1
10/02/2022 14:34,5
10/02/2022 14:33,4
10/02/2022 14:31,3
10/02/2022 14:21,5
10/02/2022 14:18,5
10/02/2022 14:18,5
10/02/2022 14:13,5
10/02/2022 14:10,3
10/02/2022 14:10,1
10/02/2022 14:09,4
10/02/2022 14:03,1
10/02/2022 13:59,4
10/02/2022 13:58,4
10/02/2022 13:52,1
10/02/2022 13:47,2
10/02/2022 13:47,3
10/02/2022 13:46,4
10/02/2022 13:46,5
10/02/2022 13:42,1
10/02/2022 13:35,5
10/02/2022 13:24,5
10/02/2022 13:17,2
10/02/2022 13:17,1
10/02/2022 13:11,3
10/02/2022 13:06,5
10/02/2022 12:56,2
10/02/2022 12:51,4
10/02/2022 12:51,5
10/02/2022 12:42,4
10/02/2022 12:41,4
10/02/2022 12:34,2
10/02/2022 12:27,1
10/02/2022 12:26,1
10/02/2022 12:25,1
10/02/2022 12:17,1
10/02/2022 12:05,5
10/02/2022 12:04,5
10/02/2022 12:00,5
10/02/2022 11:55,1
10/02/2022 11:49,4
10/02/2022 11:36,1
10/02/2022 11:30,4
10/02/2022 11:28,4
10/02/2022 11:17,5
10/02/2022 11:13,5
10/02/2022 11:05,5
10/02/2022 10:58,4
10/02/2022 10:55,5
10/02/2022 10:51,5
10/02/2022 10:40,3
10/02/2022 10:30,4
10/02/2022 10:29,1
10/02/2022 10:26,5
10/02/2022 10:21,1
10/02/2022 10:17,5
10/02/2022 10:14,1
10/02/2022 10:12,5
10/02/2022 09:46,5
10/02/2022 09:37,5
10/02/2022 09:21,4
10/02/2022 09:18,4
10/02/2022 09:12,5
10/02/2022 09:10,5
10/02/2022 09:07,2
10/02/2022 09:03,1
10/02/2022 08:57,1
10/02/2022 08:50,1
10/02/2022 08:49,4
10/02/2022 08:47,5
10/02/2022 08:43,3
10/02/2022 08:41,3
10/02/2022 08:25,5
10/02/2022 08:04,1
10/02/2022 08:03,5
10/02/2022 07:58,3
10/02/2022 07:51,4
10/02/2022 07:40,1
10/02/2022 07:33,1
10/02/2022 07:26,1
10/02/2022 07:12,1
10/02/2022 07:06,5
10/02/2022 07:02,3
10/02/2022 06:46,5
10/02/2022 06:41,4
10/02/2022 06:36,2
10/02/2022 06:32,3
10/02/2022 06:25,1
10/02/2022 06:22,5
10/02/2022 06:14,3
10/02/2022 06:07,5
10/02/2022 06:00,5
10/02/2022 06:00,5
10/02/2022 05:48,4
10/02/2022 05:40,1
10/02/2022 05:32,1
10/02/2022 05:28,5
10/02/2022 05:25,4
10/02/2022 05:18,5
10/02/2022 05:17,1
10/02/2022 05:16,4
10/02/2022 05:13,4
10/02/2022 04:51,3
10/02/2022 04:49,5
10/02/2022 04:45,3
10/02/2022 04:37,5
10/02/2022 04:31,5
10/02/2022 04:27,5
10/02/2022 04:20,5
10/02/2022 04:20,5
10/02/2022 04:20,1
10/02/2022 04:19,5
10/02/2022 04:16,5
10/02/2022 04:13,5
10/02/2022 04:12,5
10/02/2022 04:11,1
10/02/2022 04:08,5
10/02/2022 04:00,5
10/02/2022 03:56,2
10/02/2022 03:55,3
10/02/2022 03:50,1
10/02/2022 03:47,1
10/02/2022 03:31,3
10/02/2022 03:29,2
10/02/2022 03:26,1
10/02/2022 03:18,5
10/02/2022 03:13,5
10/02/2022 03:04,5
10/02/2022 03:02,4
10/02/2022 03:01,5
10/02/2022 03:00,5
10/02/2022 02:56,5
10/02/2022 02:53,4
10/02/2022 02:52,5
10/02/2022 02:44,5
10/02/2022 02:42,5
10/02/2022 02:39,2
10/02/2022 02:33,1
10/02/2022 02:23,1
10/02/2022 02:22,5
10/02/2022 02:19,5
10/02/2022 02:06,1
10/02/2022 02:02,5
10/02/2022 01:35,1
10/02/2022 01:21,4
10/02/2022 01:19,2
10/02/2022 01:17,1
10/02/2022 01:04,5
10/02/2022 00:56,1
10/02/2022 00:49,1
10/02/2022 00:45,1
10/02/2022 00:41,1
10/02/2022 00:35,2
10/02/2022 00:35,3
10/02/2022 00:35,1
10/02/2022 00:27,4
10/02/2022 00:23,1
09/02/2022 23:54,2
09/02/2022 23:54,5
09/02/2022 23:46,2
09/02/2022 23:37,5
09/02/2022 23:31,1
09/02/2022 23:29,5
09/02/2022 23:24,4
09/02/2022 23:24,3
09/02/2022 23:20,3
09/02/2022 23:07,1
09/02/2022 23:03,5
09/02/2022 22:58,3
09/02/2022 22:57,4
09/02/2022 22:53,1
09/02/2022 22:52,5
09/02/2022 22:50,5
09/02/2022 22:42,5
09/02/2022 22:39,1
09/02/2022 22:29,5
09/02/2022 22:21,1
09/02/2022 22:18,3
09/02/2022 21:55,5
09/02/2022 21:50,2
09/02/2022 21:42,1
09/02/2022 21:42,2
09/02/2022 21:35,1
09/02/2022 21:34,5
09/02/2022 21:31,4
09/02/2022 21:15,5
09/02/2022 21:09,5
09/02/2022 20:52,2
09/02/2022 20:51,5
09/02/2022 20:45,2
09/02/2022 20:40,4
09/02/2022 20:33,5
09/02/2022 20:31,4
09/02/2022 20:26,5
09/02/2022 20:25,2
09/02/2022 20:20,1
09/02/2022 20:05,3
09/02/2022 20:03,5
09/02/2022 20:03,1
09/02/2022 20:00,5
09/02/2022 19:55,5
09/02/2022 19:28,3
09/02/2022 19:22,1
09/02/2022 19:19,5
09/02/2022 19:15,5
09/02/2022 19:04,2
09/02/2022 19:02,1
09/02/2022 18:37,1
09/02/2022 18:31,5
09/02/2022 18:27,1
09/02/2022 18:27,5
09/02/2022 18:26,2
09/02/2022 18:21,3
09/02/2022 18:19,1
09/02/2022 18:18,1
09/02/2022 18:18,1
09/02/2022 18:14,5
09/02/2022 18:14,2
09/02/2022 18:08,1
09/02/2022 18:02,1
09/02/2022 17:44,5
09/02/2022 17:31,5
09/02/2022 17:31,1
09/02/2022 17:25,5
09/02/2022 17:24,1
09/02/2022 17:10,4
09/02/2022 17:06,2
09/02/2022 16:58,5
09/02/2022 16:57,4
09/02/2022 16:55,1
09/02/2022 16:54,4
09/02/2022 16:54,4
09/02/2022 16:52,3
09/02/2022 16:51,1
09/02/2022 16:51,5
09/02/2022 16:48,1
09/02/2022 16:47,2
09/02/2022 16:40,5
09/02/2022 16:39,1
09/02/2022 16:36,4
09/02/2022 16:34,3
09/02/2022 16:34,1
09/02/2022 16:27,2
09/02/2022 16:20,1
09/02/2022 16:16,1
09/02/2022 16:14,1
09/02/2022 16:13,3
09/02/2022 16:12,2
09/02/2022 16:02,1
09/02/2022 15:56,4
09/02/2022 15:55,4
09/02/2022 15:54,5
09/02/2022 15:45,5
09/02/2022 15:42,5
09/02/2022 15:40,5
09/02/2022 15:36,1
09/02/2022 15:28,4
09/02/2022 15:27,5
09/02/2022 15:19,5
09/02/2022 15:18,3
09/02/2022 15:14,3
09/02/2022 15:12,1
09/02/2022 15:01,2
09/02/2022 15:01,2
09/02/2022 14:55,4
09/02/2022 14:53,3
09/02/2022 14:52,2
09/02/2022 14:43,2
09/02/2022 14:37,3
09/02/2022 14:35,1
09/02/2022 14:34,2
09/02/2022 14:31,1
09/02/2022 14:30,5
09/02/2022 14:29,3
09/02/2022 14:16,4
09/02/2022 14:08,3
09/02/2022 13:57,5
09/02/2022 13:54,4
09/02/2022 13:49,1
09/02/2022 13:40,5
09/02/2022 13:40,3
09/02/2022 13:34,2
09/02/2022 13:30,5
09/02/2022 13:29,1
09/02/2022 13:28,1
09/02/2022 13:19,5
09/02/2022 13:16,1
09/02/2022 13:16,4
09/02/2022 13:08,2
09/02/2022 13:06,1
09/02/2022 12:58,1
09/02/2022 12:56,4
09/02/2022 12:55,4
09/02/2022 12:26,5
09/02/2022 12:17,5
09/02/2022 12:14,5
09/02/2022 12:11,1
09/02/2022 12:05,5
09/02/2022 12:04,1
09/02/2022 12:01,3
09/02/2022 11:52,1
09/02/2022 11:51,5
09/02/2022 11:41,5
09/02/2022 11:38,4
09/02/2022 11:28,1
09/02/2022 11:22,5
09/02/2022 11:19,5
09/02/2022 11:19,1
09/02/2022 11:02,3
09/02/2022 11:01,4
09/02/2022 10:52,1
09/02/2022 10:46,1
09/02/2022 10:43,4
09/02/2022 10:41,4
09/02/2022 10:30,1
09/02/2022 10:30,5
09/02/2022 10:27,1
09/02/2022 10:19,1
09/02/2022 09:48,5
09/02/2022 09:42,5
09/02/2022 09:36,5
09/02/2022 09:33,1
09/02/2022 09:14,1
09/02/2022 09:11,4
09/02/2022 09:04,3
09/02/2022 09:01,1
09/02/2022 09:00,5
09/02/2022 08:56,5
09/02/2022 08:32,1
09/02/2022 08:19,5
09/02/2022 08:19,1
09/02/2022 08:12,5
09/02/2022 08:06,5
09/02/2022 08:01,5
09/02/2022 07:57,5
09/02/2022 07:51,4
09/02/2022 07:42,5
09/02/2022 07:26,4
09/02/2022 07:19,1
09/02/2022 07:17,2
09/02/2022 07:14,2
09/02/2022 07:06,1
09/02/2022 06:44,2
09/02/2022 06:44,1
09/02/2022 06:42,5
09/02/2022 06:41,1
09/02/2022 06:23,4
09/02/2022 06:22,5
09/02/2022 06:22,5
09/02/2022 06:19,5
09/02/2022 06:18,1
09/02/2022 06:17,2
09/02/2022 06:13,1
09/02/2022 06:12,3
09/02/2022 06:10,5
09/02/2022 06:10,5
09/02/2022 05:57,5
09/02/2022 05:50,4
09/02/2022 05:44,5
09/02/2022 05:43,4
09/02/2022 05:38,5
09/02/2022 05:33,5
09/02/2022 05:29,3
09/02/2022 05:26,1
09/02/2022 05:22,2
09/02/2022 05:20,5
09/02/2022 05:12,5
09/02/2022 05:03,5
09/02/2022 05:01,1
09/02/2022 04:57,5
09/02/2022 04:52,2
09/02/2022 04:48,5
09/02/2022 04:46,4
09/02/2022 04:46,4
09/02/2022 04:46,3
09/02/2022 04:41,5
09/02/2022 04:39,5
09/02/2022 04:37,1
09/02/2022 04:31,1
09/02/2022 04:24,3
09/02/2022 04:23,3
09/02/2022 04:22,5
09/02/2022 04:22,5
09/02/2022 03:57,5
09/02/2022 03:54,4
09/02/2022 03:48,1
09/02/2022 03:46,5
09/02/2022 03:46,1
09/02/2022 03:45,5
09/02/2022 03:39,1
09/02/2022 03:38,5
09/02/2022 03:36,4
09/02/2022 03:26,4
09/02/2022 03:24,1
09/02/2022 03:23,5
09/02/2022 03:16,5
09/02/2022 03:06,1
09/02/2022 02:59,1
09/02/2022 02:58,5
09/02/2022 02:56,2
09/02/2022 02:46,2
09/02/2022 02:44,5
09/02/2022 02:37,4
09/02/2022 02:32,1
09/02/2022 02:32,1
09/02/2022 02:31,3
09/02/2022 02:20,1
09/02/2022 02:16,1
09/02/2022 02:10,5
09/02/2022 02:05,3
09/02/2022 01:57,4
09/02/2022 01:53,5
09/02/2022 01:43,2
09/02/2022 01:31,5
09/02/2022 01:24,5
09/02/2022 01:17,3
09/02/2022 00:56,1
09/02/2022 00:47,5
09/02/2022 00:34,4
09/02/2022 00:24,5
09/02/2022 00:12,1
08/02/2022 23:55,3
08/02/2022 23:51,2
08/02/2022 23:49,5
08/02/2022 23:48,1
08/02/2022 23:42,2
08/02/2022 23:36,1
08/02/2022 23:36,2
08/02/2022 23:35,5
08/02/2022 23:31,1
08/02/2022 23:29,4
08/02/2022 23:23,4
08/02/2022 23:22,1
08/02/2022 23:06,5
08/02/2022 23:04,3
08/02/2022 23:02,4
08/02/2022 23:01,5
08/02/2022 23:00,1
08/02/2022 22:47,4
08/02/2022 22:46,1
08/02/2022 22:44,5
08/02/2022 22:41,5
08/02/2022 22:40,1
08/02/2022 22:40,4
08/02/2022 22:31,1
08/02/2022 22:18,2
08/02/2022 22:17,3
08/02/2022 22:06,5
08/02/2022 21:46,5
08/02/2022 21:40,3
08/02/2022 21:38,2
08/02/2022 21:37,1
08/02/2022 21:31,2
08/02/2022 21:29,5
08/02/2022 21:29,1
08/02/2022 21:27,5
08/02/2022 21:18,2
08/02/2022 21:18,3
08/02/2022 21:15,5
08/02/2022 21:14,5
08/02/2022 20:54,4
08/02/2022 20:51,5
08/02/2022 20:46,5
08/02/2022 20:38,5
08/02/2022 20:38,1
08/02/2022 20:30,1
08/02/2022 20:25,1
08/02/2022 20:25,1
08/02/2022 20:13,1
08/02/2022 19:52,1
08/02/2022 19:51,5
08/02/2022 19:50,1
08/02/2022 19:49,5
08/02/2022 19:38,1
08/02/2022 19:21,5
08/02/2022 19:04,5
08/02/2022 18:39,1
08/02/2022 18:24,5
08/02/2022 18:19,5
08/02/2022 18:18,5
08/02/2022 18:07,5
08/02/2022 18:01,1
08/02/2022 17:59,2
08/02/2022 17:59,3
08/02/2022 17:57,3
08/02/2022 17:56,3
08/02/2022 17:54,1
08/02/2022 17:53,2
08/02/2022 17:50,5
08/02/2022 17:49,4
08/02/2022 17:46,1
08/02/2022 17:44,5
08/02/2022 17:40,3
08/02/2022 17:39,3
08/02/2022 17:28,2
08/02/2022 17:28,5
08/02/2022 17:24,5
08/02/2022 17:24,1
08/02/2022 17:19,1
08/02/2022 17:12,3
08/02/2022 17:12,5
08/02/2022 17:11,4
08/02/2022 17:08,1
08/02/2022 17:08,5
08/02/2022 16:58,4
08/02/2022 16:55,1
08/02/2022 16:53,4
08/02/2022 16:49,4
08/02/2022 16:46,2
08/02/2022 16:38,5
08/02/2022 16:36,1
08/02/2022 16:33,2
08/02/2022 16:33,1
08/02/2022 16:31,5
08/02/2022 16:23,5
08/02/2022 16:22,2
08/02/2022 16:14,4
08/02/2022 16:13,5
08/02/2022 16:10,1
08/02/2022 16:09,5
08/02/2022 16:04,1
08/02/2022 16:03,1
08/02/2022 16:02,4
08/02/2022 15:58,2
08/02/2022 15:54,2
08/02/2022 15:53,5
08/02/2022 15:47,4
08/02/2022 15:46,1
08/02/2022 15:38,4
08/02/2022 15:37,2
08/02/2022 15:35,1
08/02/2022 15:34,5
08/02/2022 15:31,2
08/02/2022 15:25,2
08/02/2022 15:20,5
08/02/2022 15:18,1
08/02/2022 15:17,5
08/02/2022 15:10,5
08/02/2022 15:10,5
08/02/2022 15:07,1
08/02/2022 15:04,5
08/02/2022 15:03,4
08/02/2022 15:00,2
08/02/2022 14:55,5
08/02/2022 14:52,1
08/02/2022 14:46,1
08/02/2022 14:46,5
08/02/2022 14:38,3
08/02/2022 14:38,5
08/02/2022 14:37,3
08/02/2022 14:36,1
08/02/2022 14:35,4
08/02/2022 14:34,3
08/02/2022 14:32,1
08/02/2022 14:32,1
08/02/2022 14:25,5
08/02/2022 14:20,5
08/02/2022 14:17,1
08/02/2022 14:16,3
08/02/2022 14:06,1
08/02/2022 13:57,5
08/02/2022 13:55,5
08/02/2022 13:54,4
08/02/2022 13:49,4
08/02/2022 13:47,5
08/02/2022 13:41,5
08/02/2022 13:38,3
08/02/2022 13:36,1
08/02/2022 13:35,5
08/02/2022 13:34,1
08/02/2022 13:34,3
08/02/2022 13:33,1
08/02/2022 13:32,5
08/02/2022 13:28,1
08/02/2022 13:20,5
08/02/2022 13:20,1
08/02/2022 13:14,1
08/02/2022 12:55,1
08/02/2022 12:51,4
08/02/2022 12:50,5
08/02/2022 12:34,1
08/02/2022 12:27,1
08/02/2022 12:18,5
08/02/2022 12:15,3
08/02/2022 12:14,5
08/02/2022 12:12,4
08/02/2022 12:11,1
08/02/2022 12:08,3
08/02/2022 12:04,3
08/02/2022 12:03,5
08/02/2022 12:01,1
08/02/2022 11:53,1
08/02/2022 11:49,5
08/02/2022 11:41,5
08/02/2022 11:40,5
08/02/2022 11:36,3
08/02/2022 11:35,4
08/02/2022 11:35,4
08/02/2022 11:26,5
08/02/2022 11:06,1
08/02/2022 11:06,4
08/02/2022 11:01,5
08/02/2022 11:01,5
08/02/2022 10:58,1
08/02/2022 10:52,5
08/02/2022 10:46,1
08/02/2022 10:43,1
08/02/2022 10:41,5
08/02/2022 10:39,1
08/02/2022 10:34,5
08/02/2022 10:30,5
08/02/2022 10:29,1
08/02/2022 10:21,3
08/02/2022 10:18,4
08/02/2022 10:15,3
08/02/2022 10:01,1
08/02/2022 09:51,2
08/02/2022 09:44,5
08/02/2022 09:39,4
08/02/2022 09:33,1
08/02/2022 09:30,5
08/02/2022 09:26,1
08/02/2022 09:25,1
08/02/2022 09:20,5
08/02/2022 09:20,4
08/02/2022 09:02,5
08/02/2022 09:02,5
08/02/2022 08:59,1
08/02/2022 08:53,2
08/02/2022 08:53,1
08/02/2022 08:46,2
08/02/2022 08:36,4
08/02/2022 08:35,5
08/02/2022 08:34,3
08/02/2022 08:31,5
08/02/2022 08:28,4
08/02/2022 08:25,3
08/02/2022 08:24,5
08/02/2022 08:00,1
08/02/2022 07:58,1
08/02/2022 07:57,5
08/02/2022 07:54,5
08/02/2022 07:49,5
08/02/2022 07:43,1
08/02/2022 07:37,1
08/02/2022 07:29,5
08/02/2022 07:26,1
08/02/2022 07:26,3
08/02/2022 07:19,5
08/02/2022 07:18,5
08/02/2022 07:08,2
08/02/2022 06:57,3
08/02/2022 06:54,4
08/02/2022 06:49,1
08/02/2022 06:46,1
08/02/2022 06:43,5
08/02/2022 06:33,1
08/02/2022 06:32,2
08/02/2022 06:28,4
08/02/2022 06:17,4
08/02/2022 05:58,1
08/02/2022 05:54,1
08/02/2022 05:51,5
08/02/2022 05:50,1
08/02/2022 05:44,5
08/02/2022 05:40,5
08/02/2022 05:26,2
08/02/2022 05:25,5
08/02/2022 05:16,1
08/02/2022 05:15,5
08/02/2022 05:04,1
08/02/2022 05:02,1
08/02/2022 05:02,1
08/02/2022 04:59,1
08/02/2022 04:57,5
08/02/2022 04:55,3
08/02/2022 04:52,3
08/02/2022 04:43,5
08/02/2022 04:29,5
08/02/2022 04:28,1
08/02/2022 04:26,5
08/02/2022 04:26,5
08/02/2022 04:24,2
08/02/2022 04:07,5
08/02/2022 04:06,1
08/02/2022 04:02,1
08/02/2022 04:00,5
08/02/2022 03:46,1
08/02/2022 03:42,1
08/02/2022 03:41,5
08/02/2022 03:32,1
08/02/2022 03:26,2
08/02/2022 03:10,5
08/02/2022 03:07,5
08/02/2022 02:56,1
08/02/2022 02:52,5
08/02/2022 02:50,2
08/02/2022 02:44,4
08/02/2022 02:44,4
08/02/2022 02:43,3
08/02/2022 02:40,3
08/02/2022 02:37,4
08/02/2022 02:36,3
08/02/2022 02:34,4
08/02/2022 02:33,1
08/02/2022 02:23,1
08/02/2022 02:16,5
08/02/2022 02:14,4
08/02/2022 02:11,1
08/02/2022 02:10,2
08/02/2022 02:10,5
08/02/2022 02:06,3
08/02/2022 02:05,3
08/02/2022 02:02,1
08/02/2022 02:01,5
08/02/2022 01:49,5
08/02/2022 01:44,1
08/02/2022 01:32,1
08/02/2022 01:21,5
08/02/2022 01:18,5
08/02/2022 01:14,3
08/02/2022 00:58,1
08/02/2022 00:54,5
08/02/2022 00:52,2
08/02/2022 00:48,5
08/02/2022 00:41,4
08/02/2022 00:37,4
08/02/2022 00:29,5
08/02/2022 00:17,3
08/02/2022 00:12,5
08/02/2022 00:08,5
07/02/2022 23:54,3
07/02/2022 23:44,5
07/02/2022 23:43,4
07/02/2022 23:42,4
07/02/2022 23:33,1
07/02/2022 23:23,4
07/02/2022 23:21,5
07/02/2022 23:12,1
07/02/2022 23:12,1
07/02/2022 23:11,5
07/02/2022 23:02,3
07/02/2022 23:01,2
07/02/2022 22:59,4
07/02/2022 22:58,3
07/02/2022 22:55,1
07/02/2022 22:52,1
07/02/2022 22:30,1
07/02/2022 22:30,5
07/02/2022 22:29,5
07/02/2022 22:25,1
07/02/2022 22:16,3
07/02/2022 22:14,1
07/02/2022 22:11,5
07/02/2022 22:10,5
07/02/2022 22:07,3
07/02/2022 22:05,5
07/02/2022 22:01,5
07/02/2022 21:59,5
07/02/2022 21:53,1
07/02/2022 21:53,5
07/02/2022 21:32,5
07/02/2022 21:32,1
07/02/2022 21:30,1
07/02/2022 21:18,5
07/02/2022 21:17,5
07/02/2022 21:05,4
07/02/2022 21:01,1
07/02/2022 20:59,2
07/02/2022 20:48,3
07/02/2022 20:47,5
07/02/2022 20:44,4
07/02/2022 20:37,1
07/02/2022 20:37,5
07/02/2022 20:35,5
07/02/2022 20:34,4
07/02/2022 20:33,5
07/02/2022 20:32,5
07/02/2022 20:25,2
07/02/2022 20:19,5
07/02/2022 20:18,5
07/02/2022 20:17,4
07/02/2022 20:16,5
07/02/2022 20:16,2
07/02/2022 20:04,1
07/02/2022 19:59,3
07/02/2022 19:48,1
07/02/2022 19:46,2
07/02/2022 19:43,4
07/02/2022 19:43,3
07/02/2022 19:37,3
07/02/2022 19:35,2
07/02/2022 19:30,1
07/02/2022 19:30,1
07/02/2022 19:30,5
07/02/2022 19:29,1
07/02/2022 19:23,5
07/02/2022 19:21,5
07/02/2022 19:17,4
07/02/2022 19:04,3
07/02/2022 18:48,5
07/02/2022 18:34,5
07/02/2022 18:27,5
07/02/2022 18:16,2
07/02/2022 18:15,3
07/02/2022 18:14,4
07/02/2022 18:13,1
07/02/2022 18:13,4
07/02/2022 18:06,1
07/02/2022 18:05,4
07/02/2022 18:01,1
07/02/2022 17:57,2
07/02/2022 17:51,5
07/02/2022 17:37,3
07/02/2022 17:37,1
07/02/2022 17:26,3
07/02/2022 17:24,4
07/02/2022 17:22,5
07/02/2022 17:20,4
07/02/2022 17:17,3
07/02/2022 17:14,5
07/02/2022 17:13,1
07/02/2022 17:11,4
07/02/2022 17:11,5
07/02/2022 17:08,5
07/02/2022 17:04,1
07/02/2022 16:47,3
07/02/2022 16:47,5
07/02/2022 16:44,1
07/02/2022 16:43,5
07/02/2022 16:41,2
07/02/2022 16:35,5
07/02/2022 16:31,5
07/02/2022 16:30,4
07/02/2022 16:29,5
07/02/2022 16:28,1
07/02/2022 16:25,4
07/02/2022 16:21,1
07/02/2022 16:18,5
07/02/2022 16:14,5
07/02/2022 16:08,4
07/02/2022 16:07,4
07/02/2022 16:01,1
07/02/2022 16:00,4
07/02/2022 15:57,1
07/02/2022 15:55,2
07/02/2022 15:51,5
07/02/2022 15:48,5
07/02/2022 15:48,1
07/02/2022 15:46,3
07/02/2022 15:44,1
07/02/2022 15:42,5
07/02/2022 15:40,5
07/02/2022 15:34,1
07/02/2022 15:31,1
07/02/2022 15:24,4
07/02/2022 15:20,2
07/02/2022 15:19,2
07/02/2022 15:09,5
07/02/2022 15:07,1
07/02/2022 15:01,5
07/02/2022 14:54,1
07/02/2022 14:50,4
07/02/2022 14:47,5
07/02/2022 14:40,1
07/02/2022 14:36,5
07/02/2022 14:35,1
07/02/2022 14:22,4
07/02/2022 14:13,5
07/02/2022 14:12,5
07/02/2022 14:11,4
07/02/2022 14:09,3
07/02/2022 14:05,1
07/02/2022 14:02,1
07/02/2022 13:57,3
07/02/2022 13:33,1
07/02/2022 13:31,5
07/02/2022 13:28,3
07/02/2022 13:18,5
07/02/2022 13:10,2
07/02/2022 13:06,3
07/02/2022 12:59,5
07/02/2022 12:48,4
07/02/2022 12:47,5
07/02/2022 12:36,1
07/02/2022 12:27,1
07/02/2022 12:23,4
07/02/2022 12:23,4
07/02/2022 12:21,1
07/02/2022 12:14,1
07/02/2022 12:08,5
07/02/2022 12:07,5
07/02/2022 12:00,5
07/02/2022 12:00,5
07/02/2022 11:40,2
07/02/2022 11:26,1
07/02/2022 11:19,5
07/02/2022 11:19,4
07/02/2022 11:14,2
07/02/2022 11:12,5
07/02/2022 11:07,5
07/02/2022 11:03,5
07/02/2022 11:01,1
07/02/2022 10:59,1
07/02/2022 10:51,5
07/02/2022 10:32,5
07/02/2022 10:30,4
07/02/2022 10:27,2
07/02/2022 10:26,2
07/02/2022 10:25,4
07/02/2022 10:21,1
07/02/2022 10:15,4
07/02/2022 10:14,2
07/02/2022 10:11,1
07/02/2022 09:58,5
07/02/2022 09:55,5
07/02/2022 09:51,1
07/02/2022 09:49,5
07/02/2022 09:47,1
07/02/2022 09:45,5
07/02/2022 09:43,5
07/02/2022 09:42,2
07/02/2022 09:37,5
07/02/2022 09:37,5
07/02/2022 09:12,1
07/02/2022 09:10,4
07/02/2022 09:08,4
07/02/2022 09:03,4
07/02/2022 08:54,2
07/02/2022 08:54,5
07/02/2022 08:54,4
07/02/2022 08:40,3
07/02/2022 08:38,5
07/02/2022 08:32,1
07/02/2022 08:23,1
07/02/2022 08:17,1
07/02/2022 08:11,1
07/02/2022 07:40,5
07/02/2022 07:28,1
07/02/2022 07:23,2
07/02/2022 07:21,1
07/02/2022 07:10,4
07/02/2022 07:05,1
07/02/2022 06:54,4
07/02/2022 06:52,5
07/02/2022 06:45,3
07/02/2022 06:45,5
07/02/2022 06:42,4
07/02/2022 06:37,1
07/02/2022 06:24,5
07/02/2022 06:13,5
07/02/2022 06:08,1
07/02/2022 06:08,5
07/02/2022 06:07,1
07/02/2022 06:07,5
07/02/2022 06:06,5
07/02/2022 06:03,1
07/02/2022 05:56,1
07/02/2022 05:37,5
07/02/2022 05:35,1
07/02/2022 05:30,1
07/02/2022 05:29,3
07/02/2022 05:19,4
07/02/2022 05:17,4
07/02/2022 05:13,5
07/02/2022 05:08,1
07/02/2022 05:07,5
07/02/2022 05:03,4
07/02/2022 04:53,1
07/02/2022 04:52,1
07/02/2022 04:37,2
07/02/2022 04:23,4
07/02/2022 04:13,5
07/02/2022 04:12,1
07/02/2022 03:52,1
07/02/2022 03:48,5
07/02/2022 03:45,1
07/02/2022 03:44,1
07/02/2022 03:42,5
07/02/2022 03:41,1
07/02/2022 03:34,4
07/02/2022 03:32,5
07/02/2022 03:13,5
07/02/2022 03:11,4
07/02/2022 03:10,5
07/02/2022 03:10,5
07/02/2022 03:08,3
07/02/2022 02:51,5
07/02/2022 02:46,3
07/02/2022 02:37,5
07/02/2022 02:30,1
07/02/2022 02:28,1
07/02/2022 02:25,1
07/02/2022 02:17,1
07/02/2022 02:15,5
07/02/2022 02:12,2
07/02/2022 02:09,2
07/02/2022 02:07,1
07/02/2022 02:04,5
07/02/2022 02:03,1
07/02/2022 02:03,4
07/02/2022 02:02,5
07/02/2022 01:54,1
07/02/2022 01:40,1
07/02/2022 01:38,1
07/02/2022 01:31,5
07/02/2022 01:22,5
07/02/2022 01:22,1
07/02/2022 01:20,1
07/02/2022 01:06,5
07/02/2022 00:57,1
07/02/2022 00:55,5
07/02/2022 00:47,5
07/02/2022 00:41,1
07/02/2022 00:39,1
07/02/2022 00:39,4
07/02/2022 00:38,4
07/02/2022 00:28,5
07/02/2022 00:16,4
07/02/2022 00:14,5
07/02/2022 00:14,1
07/02/2022 00:12,1
07/02/2022 00:09,5
07/02/2022 00:08,3
07/02/2022 00:01,5
06/02/2022 23:59,3
06/02/2022 23:53,1
06/02/2022 23:48,3
06/02/2022 23:37,5
06/02/2022 23:34,1
06/02/2022 23:31,5
06/02/2022 23:10,1
06/02/2022 23:09,4
06/02/2022 23:08,1
06/02/2022 23:08,3
06/02/2022 23:07,3
06/02/2022 23:04,5
06/02/2022 23:03,3
06/02/2022 22:53,5
06/02/2022 22:47,2
06/02/2022 22:45,5
06/02/2022 22:30,5
06/02/2022 22:25,1
06/02/2022 22:07,1
06/02/2022 22:07,4
06/02/2022 22:00,4
06/02/2022 21:58,4
06/02/2022 21:57,5
06/02/2022 21:54,1
06/02/2022 21:51,1
06/02/2022 21:47,1
06/02/2022 21:43,3
06/02/2022 21:40,2
06/02/2022 21:38,5
06/02/2022 21:30,2
06/02/2022 21:22,1
06/02/2022 21:15,5
06/02/2022 21:14,5
06/02/2022 21:00,1
06/02/2022 20:59,5
06/02/2022 20:58,1
06/02/2022 20:54,1
06/02/2022 20:48,2
06/02/2022 20:38,5
06/02/2022 20:36,1
06/02/2022 20:34,1
06/02/2022 20:31,5
06/02/2022 20:29,1
06/02/2022 20:16,1
06/02/2022 20:14,1
06/02/2022 20:13,2
06/02/2022 20:09,1
06/02/2022 20:08,2
06/02/2022 20:03,5
06/02/2022 20:00,5
06/02/2022 19:58,5
06/02/2022 19:55,5
06/02/2022 19:51,4
06/02/2022 19:50,3
06/02/2022 19:37,2
06/02/2022 19:36,1
06/02/2022 19:36,1
06/02/2022 19:29,1
06/02/2022 19:19,5
06/02/2022 19:15,4
06/02/2022 19:03,1
06/02/2022 18:59,1
06/02/2022 18:56,3
06/02/2022 18:55,5
06/02/2022 18:55,3
06/02/2022 18:54,4
06/02/2022 18:52,5
06/02/2022 18:41,5
06/02/2022 18:30,1
06/02/2022 18:23,1
06/02/2022 18:17,1
06/02/2022 18:13,1
06/02/2022 18:12,1
06/02/2022 18:08,5
06/02/2022 18:05,1
06/02/2022 18:00,1
06/02/2022 18:00,1
06/02/2022 17:58,1
06/02/2022 17:57,1
06/02/2022 17:57,1
06/02/2022 17:57,1
06/02/2022 17:55,5
06/02/2022 17:54,2
06/02/2022 17:50,5
06/02/2022 17:42,1
06/02/2022 17:39,5
06/02/2022 17:35,5
06/02/2022 17:32,5
06/02/2022 17:28,5
06/02/2022 17:05,3
06/02/2022 17:05,1
06/02/2022 17:04,1
06/02/2022 17:03,3
06/02/2022 17:00,3
06/02/2022 16:59,5
06/02/2022 16:58,1
06/02/2022 16:53,5
06/02/2022 16:53,5
06/02/2022 16:51,5
06/02/2022 16:50,3
06/02/2022 16:49,4
06/02/2022 16:49,5
06/02/2022 16:43,5
06/02/2022 16:40,5
06/02/2022 16:33,1
06/02/2022 16:26,1
06/02/2022 16:22,1
06/02/2022 16:14,1
06/02/2022 16:13,5
06/02/2022 16:11,2
06/02/2022 16:01,1
06/02/2022 15:47,4
06/02/2022 15:44,5
06/02/2022 15:43,1
06/02/2022 15:39,4
06/02/2022 15:34,2
06/02/2022 15:30,5
06/02/2022 15:25,2
06/02/2022 15:24,3
06/02/2022 15:21,1
06/02/2022 15:14,1
06/02/2022 15:12,1
06/02/2022 15:12,4
06/02/2022 15:08,2
06/02/2022 15:05,1
06/02/2022 15:01,5
06/02/2022 14:55,5
06/02/2022 14:54,3
06/02/2022 14:46,5
06/02/2022 14:36,5
06/02/2022 14:34,5
06/02/2022 14:33,5
06/02/2022 14:32,5
06/02/2022 14:31,1
06/02/2022 14:18,5
06/02/2022 14:18,1
06/02/2022 14:12,1
06/02/2022 14:10,4
06/02/2022 14:04,5
06/02/2022 13:58,5
06/02/2022 13:50,5
06/02/2022 13:45,5
06/02/2022 13:44,3
06/02/2022 13:37,5
06/02/2022 13:33,5
06/02/2022 13:33,2
06/02/2022 13:19,1
06/02/2022 13:13,1
06/02/2022 13:04,2
06/02/2022 13:03,1
06/02/2022 13:02,1
06/02/2022 13:02,5
06/02/2022 13:01,5
06/02/2022 12:50,1
06/02/2022 12:49,1
06/02/2022 12:33,5
06/02/2022 12:27,5
06/02/2022 12:08,1
06/02/2022 12:06,4
06/02/2022 12:05,2
06/02/2022 12:03,5
06/02/2022 12:03,1
06/02/2022 11:54,1
06/02/2022 11:48,1
06/02/2022 11:47,5
06/02/2022 11:45,1
06/02/2022 11:43,1
06/02/2022 11:40,4
06/02/2022 11:39,1
06/02/2022 11:38,1
06/02/2022 11:35,4
06/02/2022 11:21,2
06/02/2022 11:20,5
06/02/2022 11:18,4
06/02/2022 11:09,3
06/02/2022 11:05,4
06/02/2022 11:00,5
06/02/2022 10:57,4
06/02/2022 10:53,5
06/02/2022 10:51,1
06/02/2022 10:48,1
06/02/2022 10:46,2
06/02/2022 10:40,3
06/02/2022 10:28,1
06/02/2022 10:21,4
06/02/2022 10:20,4
06/02/2022 10:09,5
06/02/2022 10:07,1
06/02/2022 10:06,3
06/02/2022 10:01,1
06/02/2022 09:51,1
06/02/2022 09:51,1
06/02/2022 09:43,1
06/02/2022 09:43,2
06/02/2022 09:42,1
06/02/2022 09:36,4
06/02/2022 09:30,5
06/02/2022 09:29,2
06/02/2022 09:19,5
06/02/2022 09:18,2
06/02/2022 09:02,1
06/02/2022 08:54,5
06/02/2022 08:51,5
06/02/2022 08:50,5
06/02/2022 08:47,2
06/02/2022 08:38,4
06/02/2022 08:22,5
06/02/2022 08:22,5
06/02/2022 08:17,1
06/02/2022 08:17,2
06/02/2022 08:13,3
06/02/2022 08:06,5
06/02/2022 08:04,1
06/02/2022 07:51,5
06/02/2022 07:48,4
06/02/2022 07:48,1
06/02/2022 07:47,5
06/02/2022 07:46,2
06/02/2022 07:43,1
06/02/2022 07:40,1
06/02/2022 07:40,3
06/02/2022 07:30,4
06/02/2022 07:29,5
06/02/2022 07:23,1
06/02/2022 07:17,1
06/02/2022 06:55,1
06/02/2022 06:53,3
06/02/2022 06:52,2
06/02/2022 06:40,5
06/02/2022 06:39,1
06/02/2022 06:39,3
06/02/2022 06:38,5
06/02/2022 06:37,1
06/02/2022 06:27,3
06/02/2022 06:22,1
06/02/2022 06:18,5
06/02/2022 06:08,2
06/02/2022 06:04,5
06/02/2022 05:42,3
06/02/2022 05:38,4
06/02/2022 05:36,5
06/02/2022 05:30,5
06/02/2022 05:25,1
06/02/2022 05:23,5
06/02/2022 05:17,3
06/02/2022 05:15,3
06/02/2022 05:15,1
06/02/2022 04:55,1
06/02/2022 04:50,4
06/02/2022 04:45,1
06/02/2022 04:41,1
06/02/2022 04:37,5
06/02/2022 04:24,4
06/02/2022 04:18,1
06/02/2022 04:11,5
06/02/2022 04:02,1
06/02/2022 03:57,1
06/02/2022 03:56,1
06/02/2022 03:52,5
06/02/2022 03:28,1
06/02/2022 03:25,1
06/02/2022 03:21,5
06/02/2022 03:20,1
06/02/2022 03:17,5
06/02/2022 03:17,5
06/02/2022 03:15,4
06/02/2022 03:15,5
06/02/2022 03:15,3
06/02/2022 03:01,1
06/02/2022 02:58,5
06/02/2022 02:57,2
06/02/2022 02:50,5
06/02/2022 02:35,1
06/02/2022 02:35,3
06/02/2022 02:21,5
06/02/2022 02:21,1
06/02/2022 02:19,5
06/02/2022 02:11,5
06/02/2022 02:03,2
06/02/2022 02:01,2
06/02/2022 01:57,4
06/02/2022 01:54,5
06/02/2022 01:48,1
06/02/2022 01:45,1
06/02/2022 01:45,5
06/02/2022 01:44,2
06/02/2022 01:39,5
06/02/2022 01:37,5
06/02/2022 01:35,2
06/02/2022 01:33,5
06/02/2022 01:32,5
06/02/2022 01:31,5
06/02/2022 01:26,1
06/02/2022 01:24,5
06/02/2022 01:15,5
06/02/2022 01:14,1
06/02/2022 01:09,5
06/02/2022 01:07,5
06/02/2022 01:02,1
06/02/2022 01:00,1
06/02/2022 00:59,1
06/02/2022 00:55,1
06/02/2022 00:42,4
06/02/2022 00:37,5
06/02/2022 00:37,4
06/02/2022 00:26,1
06/02/2022 00:24,1
06/02/2022 00:23,1
06/02/2022 00:12,1
06/02/2022 00:04,5
06/02/2022 00:00,3
05/02/2022 23:53,1
05/02/2022 23:53,5
05/02/2022 23:49,5
05/02/2022 23:47,1
05/02/2022 23:46,4
05/02/2022 23:37,5
05/02/2022 23:31,1
05/02/2022 23:16,5
05/02/2022 23:14,1
05/02/2022 23:13,5
05/02/2022 23:09,5
05/02/2022 23:04,1
05/02/2022 23:02,4
05/02/2022 23:00,1
05/02/2022 22:55,4
05/02/2022 22:52,1
05/02/2022 22:47,3
05/02/2022 22:45,4
05/02/2022 22:42,2
05/02/2022 22:41,2
05/02/2022 22:40,5
05/02/2022 22:37,5
05/02/2022 22:34,1
05/02/2022 22:23,5
05/02/2022 22:23,5
05/02/2022 22:16,1
05/02/2022 22:13,5
05/02/2022 22:09,1
05/02/2022 22:08,5
05/02/2022 22:07,5
05/02/2022 22:05,5
05/02/2022 21:56,4
05/02/2022 21:54,1
05/02/2022 21:48,1
05/02/2022 21:46,1
05/02/2022 21:44,5
05/02/2022 21:34,5
05/02/2022 21:29,4
05/02/2022 21:28,1
05/02/2022 21:18,5
05/02/2022 21:09,1
05/02/2022 21:08,1
05/02/2022 21:07,5
05/02/2022 21:07,4
05/02/2022 20:57,3
05/02/2022 20:52,1
05/02/2022 20:51,1
05/02/2022 20:51,4
05/02/2022 20:51,1
05/02/2022 20:50,5
05/02/2022 20:48,1
05/02/2022 20:25,1
05/02/2022 20:25,5
05/02/2022 20:17,4
05/02/2022 20:09,1
05/02/2022 20:05,1
05/02/2022 19:56,5
05/02/2022 19:54,1
05/02/2022 19:46,1
05/02/2022 19:45,5
05/02/2022 19:38,1
05/02/2022 19:36,5
05/02/2022 19:36,2
05/02/2022 19:30,4
05/02/2022 19:29,1
05/02/2022 19:23,5
05/02/2022 19:19,3
05/02/2022 19:19,4
05/02/2022 19:14,3
05/02/2022 19:10,5
05/02/2022 19:03,4
05/02/2022 18:58,2
05/02/2022 18:57,4
05/02/2022 18:55,2
05/02/2022 18:48,4
05/02/2022 18:45,3
05/02/2022 18:43,1
05/02/2022 18:35,3
05/02/2022 18:33,2
05/02/2022 18:31,4
05/02/2022 18:29,3
05/02/2022 18:20,2
05/02/2022 18:18,5
05/02/2022 18:14,4
05/02/2022 18:13,4
05/02/2022 18:12,1
05/02/2022 18:08,5
05/02/2022 18:05,3
05/02/2022 18:05,4
05/02/2022 18:05,5
05/02/2022 18:04,3
05/02/2022 18:03,5
05/02/2022 18:01,3
05/02/2022 17:58,1
05/02/2022 17:37,5
05/02/2022 17:29,2
05/02/2022 17:28,1
05/02/2022 17:28,4
05/02/2022 17:24,5
05/02/2022 17:24,1
05/02/2022 17:22,1
05/02/2022 17:20,5
05/02/2022 17:19,1
05/02/2022 17:18,1
05/02/2022 17:14,1
05/02/2022 17:14,1
05/02/2022 17:10,1
05/02/2022 17:10,5
05/02/2022 17:09,4
05/02/2022 17:08,5
05/02/2022 17:00,1
05/02/2022 16:58,5
05/02/2022 16:57,1
05/02/2022 16:56,5
05/02/2022 16:52,5
05/02/2022 16:49,5
05/02/2022 16:45,5
05/02/2022 16:32,5
05/02/2022 16:25,5
05/02/2022 16:21,1
05/02/2022 16:21,1
05/02/2022 16:20,4
05/02/2022 16:20,1
05/02/2022 16:16,4
05/02/2022 16:12,1
05/02/2022 16:09,1
05/02/2022 16:09,4
05/02/2022 16:07,5
05/02/2022 16:05,5
05/02/2022 16:03,1
05/02/2022 15:57,5
05/02/2022 15:51,1
05/02/2022 15:47,5
05/02/2022 15:35,2
05/02/2022 15:34,5
05/02/2022 15:31,2
05/02/2022 15:22,5
05/02/2022 15:22,5
05/02/2022 15:21,2
05/02/2022 15:16,4
05/02/2022 15:14,5
05/02/2022 15:14,1
05/02/2022 15:09,3
05/02/2022 15:08,5
05/02/2022 15:08,3
05/02/2022 15:07,1
05/02/2022 15:02,5
05/02/2022 15:00,5
05/02/2022 14:49,5
05/02/2022 14:46,4
05/02/2022 14:44,5
05/02/2022 14:43,3
05/02/2022 14:43,2
05/02/2022 14:39,5
05/02/2022 14:36,4
05/02/2022 14:33,5
05/02/2022 14:30,1
05/02/2022 14:27,1
05/02/2022 14:23,5
05/02/2022 14:20,1
05/02/2022 14:18,5
05/02/2022 14:10,5
05/02/2022 14:09,1
05/02/2022 14:09,5
05/02/2022 14:02,3
05/02/2022 13:56,1
05/02/2022 13:56,1
05/02/2022 13:51,3
05/02/2022 13:50,4
05/02/2022 13:46,2
05/02/2022 13:46,5
05/02/2022 13:45,2
05/02/2022 13:40,1
05/02/2022 13:39,5
05/02/2022 13:38,5
05/02/2022 13:33,5
05/02/2022 13:30,2
05/02/2022 13:29,1
05/02/2022 13:28,5
05/02/2022 13:25,1
05/02/2022 13:24,5
05/02/2022 13:11,3
05/02/2022 13:09,2
05/02/2022 13:04,2
05/02/2022 13:02,1
05/02/2022 12:54,1
05/02/2022 12:54,5
05/02/2022 12:53,3
05/02/2022 12:49,1
05/02/2022 12:40,2
05/02/2022 12:37,1
05/02/2022 12:31,4
05/02/2022 12:30,4
05/02/2022 12:27,1
05/02/2022 12:20,5
05/02/2022 12:19,5
05/02/2022 12:14,5
05/02/2022 12:00,2
05/02/2022 11:43,1
05/02/2022 11:36,5
05/02/2022 11:33,2
05/02/2022 11:31,1
05/02/2022 11:30,1
05/02/2022 11:29,2
05/02/2022 11:28,4
05/02/2022 11:25,5
05/02/2022 11:23,5
05/02/2022 11:23,1
05/02/2022 11:16,4
05/02/2022 11:03,5
05/02/2022 11:02,1
05/02/2022 10:58,5
05/02/2022 10:52,1
05/02/2022 10:50,5
05/02/2022 10:49,5
05/02/2022 10:47,3
05/02/2022 10:44,4
05/02/2022 10:39,4
05/02/2022 10:36,5
05/02/2022 10:32,5
05/02/2022 10:31,3
05/02/2022 10:30,5
05/02/2022 10:28,5
05/02/2022 10:24,5
05/02/2022 10:21,1
05/02/2022 10:10,1
05/02/2022 10:07,5
05/02/2022 10:07,2
05/02/2022 09:48,5
05/02/2022 09:44,3
05/02/2022 09:39,5
05/02/2022 09:36,1
05/02/2022 09:30,3
05/02/2022 09:19,2
05/02/2022 09:11,2
05/02/2022 09:05,1
05/02/2022 08:58,5
05/02/2022 08:50,4
05/02/2022 08:42,1
05/02/2022 08:31,5
05/02/2022 08:30,2
05/02/2022 08:17,5
05/02/2022 08:14,1
05/02/2022 08:13,4
05/02/2022 07:57,5
05/02/2022 07:57,5
05/02/2022 07:56,1
05/02/2022 07:51,1
05/02/2022 07:50,1
05/02/2022 07:42,1
05/02/2022 07:35,3
05/02/2022 07:30,5
05/02/2022 07:24,1
05/02/2022 07:24,3
05/02/2022 07:16,1
05/02/2022 07:16,1
05/02/2022 07:14,4
05/02/2022 07:10,1
05/02/2022 07:08,3
05/02/2022 07:05,5
05/02/2022 06:59,1
05/02/2022 06:57,4
05/02/2022 06:53,5
05/02/2022 06:43,1
05/02/2022 06:42,5
05/02/2022 06:38,1
05/02/2022 06:28,5
05/02/2022 06:22,2
05/02/2022 06:19,3
05/02/2022 06:01,1
05/02/2022 05:56,4
05/02/2022 05:55,1
05/02/2022 05:55,5
05/02/2022 05:51,2
05/02/2022 05:51,1
05/02/2022 05:48,1
05/02/2022 05:43,1
05/02/2022 05:41,1
05/02/2022 05:36,4
05/02/2022 05:34,2
05/02/2022 05:29,5
05/02/2022 05:11,5
05/02/2022 05:01,4
05/02/2022 04:57,4
05/02/2022 04:47,5
05/02/2022 04:41,5
05/02/2022 04:38,2
05/02/2022 04:36,1
05/02/2022 04:22,2
05/02/2022 04:14,1
05/02/2022 04:12,1
05/02/2022 04:12,5
05/02/2022 04:06,1
05/02/2022 03:51,5
05/02/2022 03:49,1
05/02/2022 03:46,1
05/02/2022 03:42,1
05/02/2022 03:31,5
05/02/2022 03:17,1
05/02/2022 03:11,1
05/02/2022 03:09,1
05/02/2022 03:00,5
05/02/2022 03:00,3
05/02/2022 02:57,1
05/02/2022 02:54,5
05/02/2022 02:53,1
05/02/2022 02:51,5
05/02/2022 02:42,5
05/02/2022 02:37,5
05/02/2022 02:35,1
05/02/2022 02:33,5
05/02/2022 02:33,1
05/02/2022 02:29,2
05/02/2022 02:28,1
05/02/2022 02:23,1
05/02/2022 02:22,2
05/02/2022 02:20,5
05/02/2022 02:14,5
05/02/2022 02:09,1
05/02/2022 02:01,1
05/02/2022 01:55,4
05/02/2022 01:53,2
05/02/2022 01:41,5
05/02/2022 01:39,3
05/02/2022 01:39,1
05/02/2022 01:35,4
05/02/2022 01:24,2
05/02/2022 01:14,1
05/02/2022 01:13,5
05/02/2022 01:12,1
05/02/2022 01:11,1
05/02/2022 01:06,1
05/02/2022 01:03,2
05/02/2022 01:00,1
05/02/2022 00:57,1
05/02/2022 00:54,5
05/02/2022 00:52,5
05/02/2022 00:49,1
05/02/2022 00:47,1
05/02/2022 00:34,5
05/02/2022 00:31,1
05/02/2022 00:19,5
05/02/2022 00:01,2
04/02/2022 23:49,5
04/02/2022 23:45,2
04/02/2022 23:44,5
04/02/2022 23:39,5
04/02/2022 23:35,3
04/02/2022 23:29,4
04/02/2022 23:29,1
04/02/2022 23:20,5
04/02/2022 23:13,5
04/02/2022 23:07,3
04/02/2022 23:03,5
04/02/2022 23:01,1
04/02/2022 22:58,5
04/02/2022 22:44,1
04/02/2022 22:43,5
04/02/2022 22:31,5
04/02/2022 22:30,3
04/02/2022 22:29,1
04/02/2022 22:28,3
04/02/2022 22:22,5
04/02/2022 22:11,5
04/02/2022 22:08,2
04/02/2022 22:08,5
04/02/2022 22:06,5
04/02/2022 21:55,2
04/02/2022 21:40,1
04/02/2022 21:36,2
04/02/2022 21:13,1
04/02/2022 21:13,5
04/02/2022 21:12,5
04/02/2022 21:03,5
04/02/2022 21:00,5
04/02/2022 20:58,3
04/02/2022 20:38,5
04/02/2022 20:30,1
04/02/2022 20:30,2
04/02/2022 20:25,5
04/02/2022 20:21,4
04/02/2022 20:20,2
04/02/2022 20:19,5
04/02/2022 20:14,5
04/02/2022 20:08,3
04/02/2022 20:04,1
04/02/2022 20:02,3
04/02/2022 19:29,5
04/02/2022 19:28,5
04/02/2022 19:24,5
04/02/2022 19:22,4
04/02/2022 19:22,5
04/02/2022 19:20,5
04/02/2022 19:19,5
04/02/2022 19:11,5
04/02/2022 19:08,1
04/02/2022 19:02,5
04/02/2022 19:00,5
04/02/2022 18:35,3
04/02/2022 18:31,1
04/02/2022 18:22,5
04/02/2022 18:17,5
04/02/2022 18:12,1
04/02/2022 18:04,4
04/02/2022 18:03,3
04/02/2022 18:01,3
04/02/2022 17:56,5
04/02/2022 17:56,1
04/02/2022 17:52,3
04/02/2022 17:49,2
04/02/2022 17:49,2
04/02/2022 17:42,4
04/02/2022 17:40,4
04/02/2022 17:35,5
04/02/2022 17:33,5
04/02/2022 17:32,5
04/02/2022 17:30,1
04/02/2022 17:23,5
04/02/2022 17:20,4
04/02/2022 17:19,4
04/02/2022 17:17,5
04/02/2022 17:08,1
04/02/2022 16:59,3
04/02/2022 16:58,3
04/02/2022 16:57,5
04/02/2022 16:49,5
04/02/2022 16:49,2
04/02/2022 16:39,2
04/02/2022 16:38,5
04/02/2022 16:36,2
04/02/2022 16:26,5
04/02/2022 16:23,5
04/02/2022 16:18,5
04/02/2022 16:15,1
04/02/2022 16:14,5
04/02/2022 16:12,3
04/02/2022 16:08,5
04/02/2022 16:06,5
04/02/2022 16:06,5
04/02/2022 16:05,1
04/02/2022 16:03,5
04/02/2022 16:00,1
04/02/2022 15:57,2
04/02/2022 15:55,4
04/02/2022 15:52,1
04/02/2022 15:51,1
04/02/2022 15:49,1
04/02/2022 15:45,5
04/02/2022 15:44,1
04/02/2022 15:41,5
04/02/2022 15:37,5
04/02/2022 15:36,1
04/02/2022 15:35,5
04/02/2022 15:30,1
04/02/2022 15:30,5
04/02/2022 15:28,3
04/02/2022 15:26,5
04/02/2022 15:23,1
04/02/2022 14:58,5
04/02/2022 14:58,5
04/02/2022 14:58,5
04/02/2022 14:55,4
04/02/2022 14:52,1
04/02/2022 14:50,4
04/02/2022 14:46,2
04/02/2022 14:45,2
04/02/2022 14:45,5
04/02/2022 14:42,5
04/02/2022 14:32,1
04/02/2022 14:27,4
04/02/2022 14:25,2
04/02/2022 14:20,1
04/02/2022 14:17,5
04/02/2022 14:08,1
04/02/2022 14:06,5
04/02/2022 13:55,5
04/02/2022 13:55,5
04/02/2022 13:54,5
04/02/2022 13:52,3
04/02/2022 13:50,5
04/02/2022 13:49,4
04/02/2022 13:48,5
04/02/2022 13:40,1
04/02/2022 13:38,1
04/02/2022 13:36,5
04/02/2022 13:25,5
04/02/2022 13:20,4
04/02/2022 13:16,5
04/02/2022 13:13,5
04/02/2022 12:59,4
04/02/2022 12:48,1
04/02/2022 12:48,4
04/02/2022 12:46,5
04/02/2022 12:42,1
04/02/2022 12:37,4
04/02/2022 12:35,4
04/02/2022 12:32,1
04/02/2022 12:29,1
04/02/2022 12:28,5
04/02/2022 12:28,5
04/02/2022 12:21,5
04/02/2022 12:19,2
04/02/2022 12:10,5
04/02/2022 12:10,5
04/02/2022 12:09,1
04/02/2022 12:08,5
04/02/2022 12:01,1
04/02/2022 12:00,1
04/02/2022 12:00,1
04/02/2022 11:59,2
04/02/2022 11:59,4
04/02/2022 11:51,4
04/02/2022 11:42,1
04/02/2022 11:40,1
04/02/2022 11:38,1
04/02/2022 11:26,3
04/02/2022 11:24,5
04/02/2022 11:24,1
04/02/2022 11:24,1
04/02/2022 11:15,5
04/02/2022 11:14,2
04/02/2022 11:14,5
04/02/2022 10:56,5
04/02/2022 10:24,3
04/02/2022 10:22,1
04/02/2022 10:19,1
04/02/2022 10:18,1
04/02/2022 10:13,5
04/02/2022 10:04,3
04/02/2022 09:48,1
04/02/2022 09:46,5
04/02/2022 09:45,5
04/02/2022 09:40,5
04/02/2022 09:39,4
04/02/2022 09:38,4
04/02/2022 09:35,5
04/02/2022 09:27,4
04/02/2022 09:22,1
04/02/2022 09:15,5
04/02/2022 09:10,3
04/02/2022 09:08,5
04/02/2022 09:06,1
04/02/2022 09:02,2
04/02/2022 08:51,2
04/02/2022 08:50,1
04/02/2022 08:39,4
04/02/2022 08:31,5
04/02/2022 08:23,5
04/02/2022 08:05,5
04/02/2022 08:01,1
04/02/2022 07:56,5
04/02/2022 07:52,4
04/02/2022 07:47,5
04/02/2022 07:43,5
04/02/2022 07:40,2
04/02/2022 07:32,5
04/02/2022 07:32,5
04/02/2022 07:32,2
04/02/2022 07:28,5
04/02/2022 07:20,3
04/02/2022 07:19,1
04/02/2022 07:15,5
04/02/2022 07:08,5
04/02/2022 07:05,1
04/02/2022 07:03,5
04/02/2022 06:56,2
04/02/2022 06:53,5
04/02/2022 06:52,5
04/02/2022 06:51,4
04/02/2022 06:50,4
04/02/2022 06:46,4
04/02/2022 06:42,1
04/02/2022 06:32,2
04/02/2022 06:29,1
04/02/2022 06:23,5
04/02/2022 06:13,5
04/02/2022 06:09,1
04/02/2022 06:08,5
04/02/2022 05:58,1
04/02/2022 05:50,2
04/02/2022 05:47,1
04/02/2022 05:39,1
04/02/2022 05:21,5
04/02/2022 05:10,1
04/02/2022 04:59,1
04/02/2022 04:58,5
04/02/2022 04:52,5
04/02/2022 04:50,3
04/02/2022 04:49,1
04/02/2022 04:37,5
04/02/2022 04:35,1
04/02/2022 04:34,3
04/02/2022 04:28,3
04/02/2022 04:24,2
04/02/2022 04:22,5
04/02/2022 04:22,4
04/02/2022 04:11,4
04/02/2022 04:00,1
04/02/2022 03:57,1
04/02/2022 03:53,1
04/02/2022 03:48,1
04/02/2022 03:47,1
04/02/2022 03:35,1
04/02/2022 03:35,1
04/02/2022 03:27,2
04/02/2022 03:25,5
04/02/2022 03:22,5
04/02/2022 03:20,5
04/02/2022 03:19,1
04/02/2022 03:18,5
04/02/2022 03:14,1
04/02/2022 03:06,3
04/02/2022 03:01,4
04/02/2022 03:00,5
04/02/2022 02:54,5
04/02/2022 02:48,5
04/02/2022 02:45,2
04/02/2022 02:45,5
04/02/2022 02:44,4
04/02/2022 02:24,1
04/02/2022 02:20,5
04/02/2022 02:19,5
04/02/2022 01:55,1
04/02/2022 01:50,5
04/02/2022 01:45,2
04/02/2022 01:40,1
04/02/2022 01:24,1
04/02/2022 01:14,1
04/02/2022 01:00,5
04/02/2022 00:54,4
04/02/2022 00:53,5
04/02/2022 00:48,5
04/02/2022 00:45,1
04/02/2022 00:41,2
04/02/2022 00:41,5
04/02/2022 00:40,5
04/02/2022 00:38,3
04/02/2022 00:36,2
04/02/2022 00:36,1
04/02/2022 00:34,5
04/02/2022 00:29,1
04/02/2022 00:26,5
04/02/2022 00:24,4
04/02/2022 00:24,1
04/02/2022 00:16,3
04/02/2022 00:07,5
04/02/2022 00:06,1
03/02/2022 23:57,4
03/02/2022 23:57,5
03/02/2022 23:55,2
03/02/2022 23:51,4
03/02/2022 23:47,2
03/02/2022 23:41,5
03/02/2022 23:39,5
03/02/2022 23:36,1
03/02/2022 23:26,3
03/02/2022 23:23,1
03/02/2022 23:18,1
03/02/2022 23:03,3
03/02/2022 23:03,5
03/02/2022 22:59,1
03/02/2022 22:58,4
03/02/2022 22:57,5
03/02/2022 22:51,2
03/02/2022 22:50,1
03/02/2022 22:46,1
03/02/2022 22:37,1
03/02/2022 22:34,1
03/02/2022 22:25,5
03/02/2022 22:20,1
03/02/2022 22:18,5
03/02/2022 22:11,5
03/02/2022 22:10,5
03/02/2022 22:10,2
03/02/2022 22:07,5
03/02/2022 22:00,3
03/02/2022 21:59,5
03/02/2022 21:54,5
03/02/2022 21:52,5
03/02/2022 21:45,5
03/02/2022 21:45,5
03/02/2022 21:36,1
03/02/2022 21:34,5
03/02/2022 21:21,1
03/02/2022 21:14,3
03/02/2022 21:12,3
03/02/2022 21:10,1
03/02/2022 21:09,1
03/02/2022 21:03,4
03/02/2022 21:02,2
03/02/2022 20:57,1
03/02/2022 20:57,1
03/02/2022 20:57,5
03/02/2022 20:53,5
03/02/2022 20:44,2
03/02/2022 20:42,5
03/02/2022 20:37,4
03/02/2022 20:33,5
03/02/2022 20:31,3
03/02/2022 20:31,3
03/02/2022 20:30,5
03/02/2022 20:25,5
03/02/2022 20:21,1
03/02/2022 20:19,5
03/02/2022 20:18,5
03/02/2022 20:16,1
03/02/2022 20:13,2
03/02/2022 20:09,1
03/02/2022 20:04,3
03/02/2022 19:55,2
03/02/2022 19:35,5
03/02/2022 19:33,5
03/02/2022 19:32,1
03/02/2022 19:16,1
03/02/2022 19:14,2
03/02/2022 19:13,1
03/02/2022 19:13,5
03/02/2022 19:00,5
03/02/2022 18:59,1
03/02/2022 18:59,3
03/02/2022 18:47,2
03/02/2022 18:46,1
03/02/2022 18:42,1
03/02/2022 18:42,5
03/02/2022 18:41,1
03/02/2022 18:35,1
03/02/2022 18:27,3
03/02/2022 18:23,5
03/02/2022 18:20,1
03/02/2022 18:17,1
03/02/2022 18:16,2
03/02/2022 18:03,1
03/02/2022 17:53,5
03/02/2022 17:53,5
03/02/2022 17:52,5
03/02/2022 17:48,3
03/02/2022 17:44,1
03/02/2022 17:40,5
03/02/2022 17:39,5
03/02/2022 17:38,5
03/02/2022 17:31,4
03/02/2022 17:30,5
03/02/2022 17:23,1
03/02/2022 17:23,5
03/02/2022 17:22,1
03/02/2022 16:56,5
03/02/2022 16:55,4
03/02/2022 16:55,4
03/02/2022 16:54,1
03/02/2022 16:53,2
03/02/2022 16:52,3
03/02/2022 16:52,1
03/02/2022 16:48,5
03/02/2022 16:33,5
03/02/2022 16:32,1
03/02/2022 16:18,5
03/02/2022 16:18,4
03/02/2022 16:09,5
03/02/2022 16:09,4
03/02/2022 16:09,5
03/02/2022 16:07,5
03/02/2022 16:04,4
03/02/2022 16:02,1
03/02/2022 15:55,5
03/02/2022 15:52,1
03/02/2022 15:51,5
03/02/2022 15:50,1
03/02/2022 15:50,1
03/02/2022 15:38,1
03/02/2022 15:35,5
03/02/2022 15:30,5
03/02/2022 15:28,4
03/02/2022 15:28,5
03/02/2022 15:27,4
03/02/2022 15:25,1
03/02/2022 15:16,5
03/02/2022 15:13,5
03/02/2022 15:13,5
03/02/2022 15:10,3
03/02/2022 15:03,5
03/02/2022 15:03,5
03/02/2022 14:57,5
03/02/2022 14:55,4
03/02/2022 14:49,2
03/02/2022 14:42,5
03/02/2022 14:42,5
03/02/2022 14:38,2
03/02/2022 14:36,4
03/02/2022 14:32,2
03/02/2022 14:27,1
03/02/2022 14:26,5
03/02/2022 14:25,5
03/02/2022 14:23,2
03/02/2022 14:19,1
03/02/2022 14:18,2
03/02/2022 14:17,4
03/02/2022 14:12,3
03/02/2022 14:09,5
03/02/2022 14:03,5
03/02/2022 14:03,2
03/02/2022 14:01,1
03/02/2022 13:59,5
03/02/2022 13:56,1
03/02/2022 13:47,2
03/02/2022 13:45,4
03/02/2022 13:44,5
03/02/2022 13:43,4
03/02/2022 13:41,5
03/02/2022 13:37,2
03/02/2022 13:34,5
03/02/2022 13:33,1
03/02/2022 13:30,1
03/02/2022 13:00,3
03/02/2022 12:44,5
03/02/2022 12:38,5
03/02/2022 12:33,5
03/02/2022 12:29,1
03/02/2022 12:23,5
03/02/2022 12:21,4
03/02/2022 12:21,5
03/02/2022 12:19,5
03/02/2022 11:55,5
03/02/2022 11:52,5
03/02/2022 11:41,2
03/02/2022 11:40,5
03/02/2022 11:29,4
03/02/2022 11:27,1
03/02/2022 11:26,5
03/02/2022 11:24,4
03/02/2022 10:57,1
03/02/2022 10:55,5
03/02/2022 10:50,1
03/02/2022 10:48,1
03/02/2022 10:39,5
03/02/2022 10:33,1
03/02/2022 10:28,1
03/02/2022 10:26,3
03/02/2022 10:22,5
03/02/2022 10:16,1
03/02/2022 10:02,3
03/02/2022 10:00,3
03/02/2022 10:00,1
03/02/2022 09:34,5
03/02/2022 09:34,5
03/02/2022 09:15,1
03/02/2022 09:13,5
03/02/2022 09:05,5
03/02/2022 09:00,1
03/02/2022 08:45,2
03/02/2022 08:39,4
03/02/2022 08:23,5
03/02/2022 08:23,5
03/02/2022 08:19,1
03/02/2022 08:16,5
03/02/2022 08:08,1
03/02/2022 07:46,3
03/02/2022 07:40,5
03/02/2022 07:40,1
03/02/2022 07:39,2
03/02/2022 07:24,1
03/02/2022 07:22,4
03/02/2022 07:08,5
03/02/2022 07:04,5
03/02/2022 07:03,5
03/02/2022 06:52,1
03/02/2022 06:50,5
03/02/2022 06:45,3
03/02/2022 06:42,1
03/02/2022 06:41,5
03/02/2022 06:40,4
03/02/2022 06:30,2
03/02/2022 06:24,5
03/02/2022 06:23,5
03/02/2022 06:08,5
03/02/2022 06:00,1
03/02/2022 05:58,3
03/02/2022 05:52,4
03/02/2022 05:49,5
03/02/2022 05:47,2
03/02/2022 05:35,1
03/02/2022 05:18,1
03/02/2022 05:18,2
03/02/2022 05:10,1
03/02/2022 05:00,5
03/02/2022 04:54,4
03/02/2022 04:52,5
03/02/2022 04:51,5
03/02/2022 04:51,2
03/02/2022 04:36,5
03/02/2022 04:31,5
03/02/2022 04:28,1
03/02/2022 04:28,5
03/02/2022 04:28,1
03/02/2022 04:12,2
03/02/2022 04:05,5
03/02/2022 03:58,2
03/02/2022 03:51,4
03/02/2022 03:51,1
03/02/2022 03:41,1
03/02/2022 03:40,4
03/02/2022 03:37,1
03/02/2022 03:28,1
03/02/2022 03:27,1
03/02/2022 03:19,5
03/02/2022 03:15,5
03/02/2022 03:11,1
03/02/2022 03:10,1
03/02/2022 03:09,5
03/02/2022 03:06,5
03/02/2022 03:04,5
03/02/2022 02:57,5
03/02/2022 02:57,5
03/02/2022 02:56,5
03/02/2022 02:56,5
03/02/2022 02:50,5
03/02/2022 02:46,1
03/02/2022 02:25,1
03/02/2022 02:20,5
03/02/2022 02:19,2
03/02/2022 02:14,5
03/02/2022 02:05,3
03/02/2022 02:04,1
03/02/2022 01:50,5
03/02/2022 01:45,5
03/02/2022 01:44,3
03/02/2022 01:44,1
03/02/2022 01:29,1
03/02/2022 01:24,1
03/02/2022 01:18,5
03/02/2022 01:08,5
03/02/2022 01:06,3
03/02/2022 00:56,5
03/02/2022 00:54,5
03/02/2022 00:43,5
03/02/2022 00:35,3
03/02/2022 00:26,2
03/02/2022 00:21,5
03/02/2022 00:12,1
03/02/2022 00:08,5
02/02/2022 23:59,4
02/02/2022 23:58,3
02/02/2022 23:42,2
02/02/2022 23:39,5
02/02/2022 23:35,5
02/02/2022 23:12,1
02/02/2022 23:12,1
02/02/2022 23:06,3
02/02/2022 23:06,5
02/02/2022 23:04,3
02/02/2022 22:56,5
02/02/2022 22:53,5
02/02/2022 22:49,5
02/02/2022 22:44,5
02/02/2022 22:41,1
02/02/2022 22:37,5
02/02/2022 22:28,5
02/02/2022 22:22,3
02/02/2022 22:17,2
02/02/2022 22:11,5
02/02/2022 21:59,5
02/02/2022 21:59,4
02/02/2022 21:56,5
02/02/2022 21:55,2
02/02/2022 21:50,5
02/02/2022 21:48,1
02/02/2022 21:31,1
02/02/2022 21:29,3
02/02/2022 21:23,1
02/02/2022 21:08,5
02/02/2022 21:07,1
02/02/2022 21:07,5
02/02/2022 21:05,2
02/02/2022 21:05,5
02/02/2022 21:01,2
02/02/2022 21:00,5
02/02/2022 20:58,1
02/02/2022 20:58,1
02/02/2022 20:58,2
02/02/2022 20:50,4
02/02/2022 20:37,5
02/02/2022 20:34,2
02/02/2022 20:30,5
02/02/2022 20:29,5
02/02/2022 20:29,1
02/02/2022 20:22,5
02/02/2022 20:21,4
02/02/2022 20:14,5
02/02/2022 20:10,5
02/02/2022 20:01,5
02/02/2022 19:58,5
02/02/2022 19:49,5
02/02/2022 19:41,2
02/02/2022 19:38,4
02/02/2022 19:34,1
02/02/2022 19:27,4
02/02/2022 19:25,5
02/02/2022 19:23,1
02/02/2022 19:17,5
02/02/2022 19:14,5
02/02/2022 19:06,4
02/02/2022 19:01,5
02/02/2022 18:57,5
02/02/2022 18:51,5
02/02/2022 18:51,2
02/02/2022 18:49,1
02/02/2022 18:45,2
02/02/2022 18:45,5
02/02/2022 18:44,2
02/02/2022 18:43,1
02/02/2022 18:43,1
02/02/2022 18:39,4
02/02/2022 18:34,1
02/02/2022 18:28,5
02/02/2022 18:25,1
02/02/2022 18:18,1
02/02/2022 18:17,5
02/02/2022 18:10,1
02/02/2022 18:00,3
02/02/2022 17:55,3
02/02/2022 17:53,5
02/02/2022 17:50,5
02/02/2022 17:48,1
02/02/2022 17:42,5
02/02/2022 17:37,5
02/02/2022 17:36,5
02/02/2022 17:28,3
02/02/2022 17:26,5
02/02/2022 17:25,5
02/02/2022 17:22,5
02/02/2022 17:20,1
02/02/2022 17:17,1
02/02/2022 17:11,3
02/02/2022 17:07,3
02/02/2022 17:02,2
02/02/2022 17:02,5
02/02/2022 16:51,1
02/02/2022 16:50,4
02/02/2022 16:50,5
02/02/2022 16:48,2
02/02/2022 16:48,4
02/02/2022 16:45,5
02/02/2022 16:44,5
02/02/2022 16:40,2
02/02/2022 16:39,3
02/02/2022 16:39,1
02/02/2022 16:38,2
02/02/2022 16:37,1
02/02/2022 16:36,5
02/02/2022 16:36,5
02/02/2022 16:34,1
02/02/2022 16:27,1
02/02/2022 16:27,1
02/02/2022 16:23,1
02/02/2022 16:17,5
02/02/2022 16:16,3
02/02/2022 16:11,5
02/02/2022 16:07,5
02/02/2022 16:07,2
02/02/2022 16:05,5
02/02/2022 16:03,5
02/02/2022 15:58,1
02/02/2022 15:55,1
02/02/2022 15:51,5
02/02/2022 15:44,2
02/02/2022 15:42,4
02/02/2022 15:40,1
02/02/2022 15:38,1
02/02/2022 15:30,3
02/02/2022 15:28,1
02/02/2022 15:27,5
02/02/2022 15:16,1
02/02/2022 15:15,5
02/02/2022 15:15,5
02/02/2022 15:12,5
02/02/2022 15:01,1
02/02/2022 15:00,5
02/02/2022 14:56,2
02/02/2022 14:55,5
02/02/2022 14:54,3
02/02/2022 14:50,5
02/02/2022 14:46,4
02/02/2022 14:43,5
02/02/2022 14:43,5
02/02/2022 14:39,5
02/02/2022 14:34,4
02/02/2022 14:34,2
02/02/2022 14:34,5
02/02/2022 14:29,5
02/02/2022 14:19,5
02/02/2022 14:19,5
02/02/2022 14:18,5
02/02/2022 14:12,5
02/02/2022 14:11,5
02/02/2022 14:10,1
02/02/2022 14:03,5
02/02/2022 14:01,1
02/02/2022 14:01,5
02/02/2022 13:59,5
02/02/2022 13:57,1
02/02/2022 13:54,2
02/02/2022 13:54,5
02/02/2022 13:51,5
02/02/2022 13:50,1
02/02/2022 13:33,4
02/02/2022 13:29,4
02/02/2022 13:28,5
02/02/2022 13:25,5
02/02/2022 13:22,5
02/02/2022 13:22,4
02/02/2022 13:14,1
02/02/2022 13:12,5
02/02/2022 13:11,4
02/02/2022 13:06,2
02/02/2022 13:05,4
02/02/2022 13:04,3
02/02/2022 12:56,4
02/02/2022 12:55,5
02/02/2022 12:53,5
02/02/2022 12:46,1
02/02/2022 12:39,3
02/02/2022 12:38,4
02/02/2022 12:37,1
02/02/2022 12:34,3
02/02/2022 12:11,2
02/02/2022 12:09,4
02/02/2022 12:08,1
02/02/2022 12:02,5
02/02/2022 12:01,5
02/02/2022 11:53,1
02/02/2022 11:49,3
02/02/2022 11:47,2
02/02/2022 11:46,4
02/02/2022 11:44,3
02/02/2022 11:43,5
02/02/2022 11:40,5
02/02/2022 11:18,5
02/02/2022 11:05,5
02/02/2022 11:04,2
02/02/2022 10:59,3
02/02/2022 10:32,5
02/02/2022 10:28,5
02/02/2022 10:25,5
02/02/2022 10:17,5
02/02/2022 10:03,5
02/02/2022 09:58,1
02/02/2022 09:57,5
02/02/2022 09:46,5
02/02/2022 09:46,5
02/02/2022 09:43,5
02/02/2022 08:55,5
02/02/2022 08:49,1
02/02/2022 08:41,5
02/02/2022 08:27,4
02/02/2022 08:07,5
02/02/2022 07:59,3
02/02/2022 07:44,3
02/02/2022 07:31,1
02/02/2022 07:28,5
02/02/2022 07:24,1
02/02/2022 07:23,5
02/02/2022 07:08,4
02/02/2022 07:06,5
02/02/2022 06:58,5
02/02/2022 06:55,1
02/02/2022 06:54,5
02/02/2022 06:53,1
02/02/2022 06:52,5
02/02/2022 06:51,5
02/02/2022 06:49,3
02/02/2022 06:33,4
02/02/2022 06:15,5
02/02/2022 06:08,5
02/02/2022 06:06,4
02/02/2022 06:05,4
02/02/2022 06:04,1
02/02/2022 06:03,4
02/02/2022 05:57,4
02/02/2022 05:52,1
02/02/2022 05:49,1
02/02/2022 05:31,5
02/02/2022 05:23,1
02/02/2022 05:16,3
02/02/2022 05:16,1
02/02/2022 05:09,5
02/02/2022 05:04,4
02/02/2022 05:02,2
02/02/2022 05:02,1
02/02/2022 04:56,5
02/02/2022 04:51,5
02/02/2022 04:47,5
02/02/2022 04:47,4
02/02/2022 04:46,5
02/02/2022 04:34,1
02/02/2022 04:33,1
02/02/2022 04:20,1
02/02/2022 04:14,1
02/02/2022 04:12,5
02/02/2022 04:10,5
02/02/2022 03:48,4
02/02/2022 03:46,5
02/02/2022 03:32,3
02/02/2022 03:31,4
02/02/2022 03:24,1
02/02/2022 03:20,1
02/02/2022 03:14,1
02/02/2022 03:12,4
02/02/2022 02:58,5
02/02/2022 02:49,5
02/02/2022 02:49,5
02/02/2022 02:45,5
02/02/2022 02:39,1
02/02/2022 02:37,2
02/02/2022 02:36,1
02/02/2022 02:28,5
02/02/2022 02:28,5
02/02/2022 02:27,1
02/02/2022 02:26,3
02/02/2022 02:20,1
02/02/2022 02:10,1
02/02/2022 02:10,1
02/02/2022 02:06,5
02/02/2022 01:38,5
02/02/2022 01:37,5
02/02/2022 01:21,5
02/02/2022 01:20,4
02/02/2022 01:17,5
02/02/2022 01:16,5
02/02/2022 01:15,1
02/02/2022 01:08,5
02/02/2022 01:00,5
02/02/2022 00:56,5
02/02/2022 00:53,4
02/02/2022 00:33,2
02/02/2022 00:29,1
02/02/2022 00:22,2
02/02/2022 00:16,4
02/02/2022 00:13,2
02/02/2022 00:12,1
02/02/2022 00:05,5
02/02/2022 00:03,5
02/02/2022 00:03,1
01/02/2022 23:55,5
01/02/2022 23:43,1
01/02/2022 23:37,1
01/02/2022 23:37,5
01/02/2022 23:37,1
01/02/2022 23:35,4
01/02/2022 23:30,2
01/02/2022 23:25,5
01/02/2022 23:20,4
01/02/2022 23:19,1
01/02/2022 23:14,1
01/02/2022 23:14,1
01/02/2022 23:05,5
01/02/2022 22:59,3
01/02/2022 22:54,1
01/02/2022 22:42,1
01/02/2022 22:34,5
01/02/2022 22:30,1
01/02/2022 22:28,1
01/02/2022 22:27,5
01/02/2022 22:26,5
01/02/2022 22:12,4
01/02/2022 22:08,1
01/02/2022 22:07,5
01/02/2022 22:01,5
01/02/2022 21:59,5
01/02/2022 21:57,5
01/02/2022 21:55,5
01/02/2022 21:48,1
01/02/2022 21:47,2
01/02/2022 21:43,1
01/02/2022 21:34,4
01/02/2022 21:30,4
01/02/2022 21:28,4
01/02/2022 21:28,3
01/02/2022 21:27,4
01/02/2022 21:25,5
01/02/2022 21:12,4
01/02/2022 21:09,3
01/02/2022 21:01,1
01/02/2022 20:59,5
01/02/2022 20:55,1
01/02/2022 20:53,5
01/02/2022 20:45,3
01/02/2022 20:43,5
01/02/2022 20:42,1
01/02/2022 20:33,1
01/02/2022 20:33,1
01/02/2022 20:25,5
01/02/2022 20:25,5
01/02/2022 20:20,3
01/02/2022 20:18,1
01/02/2022 20:11,5
01/02/2022 20:04,2
01/02/2022 19:52,1
01/02/2022 19:47,2
01/02/2022 19:45,5
01/02/2022 19:43,2
01/02/2022 19:42,2
01/02/2022 19:41,5
01/02/2022 19:41,1
01/02/2022 19:40,1
01/02/2022 19:32,1
01/02/2022 19:27,5
01/02/2022 19:26,3
01/02/2022 19:23,1
01/02/2022 19:08,5
01/02/2022 19:07,5
01/02/2022 19:00,5
01/02/2022 18:52,5
01/02/2022 18:50,5
01/02/2022 18:44,5
01/02/2022 18:42,5
01/02/2022 18:40,5
01/02/2022 18:40,5
01/02/2022 18:35,2
01/02/2022 18:35,5
01/02/2022 18:33,5
01/02/2022 18:31,4
01/02/2022 18:27,5
01/02/2022 18:25,5
01/02/2022 18:24,1
01/02/2022 18:22,2
01/02/2022 18:18,3
01/02/2022 18:11,1
01/02/2022 18:04,4
01/02/2022 17:54,5
01/02/2022 17:53,2
01/02/2022 17:45,1
01/02/2022 17:45,1
01/02/2022 17:43,1
01/02/2022 17:39,3
01/02/2022 17:37,5
01/02/2022 17:36,4
01/02/2022 17:29,5
01/02/2022 17:22,4
01/02/2022 17:21,1
01/02/2022 17:16,5
01/02/2022 17:12,1
01/02/2022 17:09,5
01/02/2022 17:06,4
01/02/2022 17:04,1
01/02/2022 16:53,4
01/02/2022 16:42,5
01/02/2022 16:40,2
01/02/2022 16:37,2
01/02/2022 16:37,5
01/02/2022 16:34,5
01/02/2022 16:31,4
01/02/2022 16:22,5
01/02/2022 16:19,5
01/02/2022 16:14,2
01/02/2022 16:12,2
01/02/2022 16:12,1
01/02/2022 16:11,2
01/02/2022 16:07,5
01/02/2022 16:02,1
01/02/2022 15:57,4
01/02/2022 15:50,3
01/02/2022 15:46,1
01/02/2022 15:40,3
01/02/2022 15:35,1
01/02/2022 15:30,5
01/02/2022 15:29,5
01/02/2022 15:27,4
01/02/2022 15:24,2
01/02/2022 15:21,1
01/02/2022 15:15,4
01/02/2022 15:12,4
01/02/2022 15:11,5
01/02/2022 15:11,5
01/02/2022 15:07,2
01/02/2022 15:04,4
01/02/2022 15:03,3
01/02/2022 14:56,1
01/02/2022 14:54,5
01/02/2022 14:51,2
01/02/2022 14:47,3
01/02/2022 14:45,5
01/02/2022 14:40,5
01/02/2022 14:39,1
01/02/2022 14:38,1
01/02/2022 14:27,1
01/02/2022 14:24,5
01/02/2022 14:16,4
01/02/2022 14:08,5
01/02/2022 14:07,2
01/02/2022 13:54,1
01/02/2022 13:49,4
01/02/2022 13:48,5
01/02/2022 13:43,1
01/02/2022 13:37,3
01/02/2022 13:37,5
01/02/2022 13:31,3
01/02/2022 13:24,5
01/02/2022 13:23,1
01/02/2022 13:22,5
01/02/2022 13:18,4
01/02/2022 13:12,1
01/02/2022 13:05,1
01/02/2022 12:59,5
01/02/2022 12:55,3
01/02/2022 12:54,3
01/02/2022 12:52,5
01/02/2022 12:52,4
01/02/2022 12:51,5
01/02/2022 12:38,2
01/02/2022 12:23,1
01/02/2022 12:23,5
01/02/2022 12:19,3
01/02/2022 12:03,4
01/02/2022 12:02,1
01/02/2022 12:00,5
01/02/2022 11:59,5
01/02/2022 11:59,2
01/02/2022 11:58,1
01/02/2022 11:48,4
01/02/2022 11:48,1
01/02/2022 11:43,5
01/02/2022 11:41,4
01/02/2022 11:26,3
01/02/2022 11:12,1
01/02/2022 10:56,5
01/02/2022 10:40,2
01/02/2022 10:38,5
01/02/2022 10:24,5
01/02/2022 10:16,1
01/02/2022 10:08,2
01/02/2022 10:05,5
01/02/2022 10:04,4
01/02/2022 10:03,5
01/02/2022 10:03,5
01/02/2022 09:57,1
01/02/2022 09:51,4
01/02/2022 09:51,3
01/02/2022 09:48,5
01/02/2022 09:37,3
01/02/2022 09:35,1
01/02/2022 09:31,1
01/02/2022 09:19,2
01/02/2022 09:17,4
01/02/2022 09:16,5
01/02/2022 09:15,5
01/02/2022 09:12,2
01/02/2022 09:06,5
01/02/2022 09:05,1
01/02/2022 08:58,5
01/02/2022 08:53,2
01/02/2022 08:39,4
01/02/2022 08:35,2
01/02/2022 08:11,1
01/02/2022 08:07,4
01/02/2022 08:05,5
01/02/2022 07:57,4
01/02/2022 07:56,5
01/02/2022 07:53,4
01/02/2022 07:39,2
01/02/2022 07:39,1
01/02/2022 07:37,1
01/02/2022 07:24,1
01/02/2022 07:13,3
01/02/2022 07:12,2
01/02/2022 06:53,4
01/02/2022 06:52,5
01/02/2022 06:50,5
01/02/2022 06:43,4
01/02/2022 06:23,5
01/02/2022 06:22,4
01/02/2022 06:21,5
01/02/2022 06:05,1
01/02/2022 06:02,1
01/02/2022 06:01,1
01/02/2022 05:48,5
01/02/2022 05:48,1
01/02/2022 05:32,1
01/02/2022 05:28,2
01/02/2022 05:25,1
01/02/2022 05:20,1
01/02/2022 05:14,4
01/02/2022 05:12,1
01/02/2022 05:12,1
01/02/2022 05:04,3
01/02/2022 04:57,4
01/02/2022 04:56,4
01/02/2022 04:53,2
01/02/2022 04:52,4
01/02/2022 04:50,1
01/02/2022 04:48,1
01/02/2022 04:47,5
01/02/2022 04:37,1
01/02/2022 04:36,4
01/02/2022 04:27,5
01/02/2022 04:26,4
01/02/2022 04:26,1
01/02/2022 04:18,2
01/02/2022 04:18,4
01/02/2022 04:14,3
01/02/2022 04:03,1
01/02/2022 04:02,1
01/02/2022 03:53,1
01/02/2022 03:53,1
01/02/2022 03:52,4
01/02/2022 03:49,1
01/02/2022 03:43,3
01/02/2022 03:42,1
01/02/2022 03:37,5
01/02/2022 03:33,1
01/02/2022 03:33,5
01/02/2022 03:26,5
01/02/2022 03:20,2
01/02/2022 03:08,3
01/02/2022 03:07,5
01/02/2022 03:02,4
01/02/2022 03:00,4
01/02/2022 02:58,2
01/02/2022 02:54,5
01/02/2022 02:49,5
01/02/2022 02:49,2
01/02/2022 02:46,3
01/02/2022 02:42,5
01/02/2022 02:40,3
01/02/2022 02:39,5
01/02/2022 02:32,5
01/02/2022 02:25,1
01/02/2022 02:21,4
01/02/2022 02:19,3
01/02/2022 02:00,5
01/02/2022 01:58,2
01/02/2022 01:57,2
01/02/2022 01:55,5
01/02/2022 01:53,3
01/02/2022 01:46,5
01/02/2022 01:42,1
01/02/2022 01:39,1
01/02/2022 01:28,4
01/02/2022 01:18,1
01/02/2022 01:18,3
01/02/2022 01:16,5
01/02/2022 01:11,2
01/02/2022 01:09,4
01/02/2022 00:55,5
01/02/2022 00:46,1
01/02/2022 00:33,1
01/02/2022 00:22,1
01/02/2022 00:15,1
01/02/2022 00:07,5
31/01/2022 23:54,1
31/01/2022 23:52,5
31/01/2022 23:49,4
31/01/2022 23:49,5
31/01/2022 23:46,5
31/01/2022 23:42,5
31/01/2022 23:42,5
31/01/2022 23:39,5
31/01/2022 23:30,5
31/01/2022 23:29,2
31/01/2022 23:22,3
31/01/2022 23:19,2
31/01/2022 23:06,2
31/01/2022 22:59,1
31/01/2022 22:58,3
31/01/2022 22:52,1
31/01/2022 22:41,4
31/01/2022 22:39,5
31/01/2022 22:26,4
31/01/2022 22:25,2
31/01/2022 22:24,5
31/01/2022 22:22,5
31/01/2022 22:15,5
31/01/2022 22:14,5
31/01/2022 22:13,1
31/01/2022 22:11,1
31/01/2022 22:05,2
31/01/2022 22:05,5
31/01/2022 21:50,1
31/01/2022 21:46,2
31/01/2022 21:46,2
31/01/2022 21:45,2
31/01/2022 21:45,5
31/01/2022 21:39,5
31/01/2022 21:36,1
31/01/2022 21:32,4
31/01/2022 21:20,2
31/01/2022 21:09,1
31/01/2022 21:01,5
31/01/2022 20:58,5
31/01/2022 20:52,1
31/01/2022 20:51,3
31/01/2022 20:46,4
31/01/2022 20:42,5
31/01/2022 20:41,5
31/01/2022 20:41,2
31/01/2022 20:40,3
31/01/2022 20:32,4
31/01/2022 20:31,3
31/01/2022 20:30,5
31/01/2022 20:30,2
31/01/2022 20:21,3
31/01/2022 20:18,5
31/01/2022 20:16,5
31/01/2022 20:11,1
31/01/2022 20:07,5
31/01/2022 20:06,2
31/01/2022 20:06,5
31/01/2022 20:01,5
31/01/2022 19:59,4
31/01/2022 19:47,1
31/01/2022 19:36,5
31/01/2022 19:35,1
31/01/2022 19:33,1
31/01/2022 19:29,4
31/01/2022 19:29,5
31/01/2022 19:22,5
31/01/2022 19:01,1
31/01/2022 18:55,5
31/01/2022 18:53,2
31/01/2022 18:49,5
31/01/2022 18:38,5
31/01/2022 18:38,3
31/01/2022 18:38,1
31/01/2022 18:23,5
31/01/2022 18:20,3
31/01/2022 18:18,5
31/01/2022 18:08,1
31/01/2022 18:07,4
31/01/2022 18:05,5
31/01/2022 18:02,1
31/01/2022 17:55,1
31/01/2022 17:52,4
31/01/2022 17:47,5
31/01/2022 17:44,1
31/01/2022 17:43,5
31/01/2022 17:38,1
31/01/2022 17:38,5
31/01/2022 17:30,1
31/01/2022 17:30,5
31/01/2022 17:28,1
31/01/2022 17:27,5
31/01/2022 17:22,5
31/01/2022 17:19,5
31/01/2022 17:18,4
31/01/2022 17:15,5
31/01/2022 17:11,5
31/01/2022 17:09,1
31/01/2022 17:00,1
31/01/2022 16:58,4
31/01/2022 16:40,5
31/01/2022 16:40,5
31/01/2022 16:36,5
31/01/2022 16:36,2
31/01/2022 16:35,3
31/01/2022 16:28,4
31/01/2022 16:15,2
31/01/2022 16:11,3
31/01/2022 15:57,3
31/01/2022 15:55,3
31/01/2022 15:49,1
31/01/2022 15:46,5
31/01/2022 15:43,3
31/01/2022 15:40,5
31/01/2022 15:37,1
31/01/2022 15:36,4
31/01/2022 15:35,1
31/01/2022 15:31,5
31/01/2022 15:30,5
31/01/2022 15:29,3
31/01/2022 15:27,1
31/01/2022 15:16,4
31/01/2022 14:56,1
31/01/2022 14:51,4
31/01/2022 14:44,1
31/01/2022 14:41,1
31/01/2022 14:35,2
31/01/2022 14:33,1
31/01/2022 14:32,5
31/01/2022 14:27,4
31/01/2022 14:23,1
31/01/2022 14:21,4
31/01/2022 14:17,5
31/01/2022 14:03,5
31/01/2022 13:59,5
31/01/2022 13:58,4
31/01/2022 13:57,5
31/01/2022 13:54,1
31/01/2022 13:51,4
31/01/2022 13:49,5
31/01/2022 13:43,1
31/01/2022 13:43,1
31/01/2022 13:42,4
31/01/2022 13:40,2
31/01/2022 13:34,5
31/01/2022 13:24,1
31/01/2022 13:24,3
31/01/2022 13:21,5
31/01/2022 13:21,5
31/01/2022 13:19,2
31/01/2022 13:19,4
31/01/2022 13:18,2
31/01/2022 13:18,5
31/01/2022 13:17,5
31/01/2022 13:14,1
31/01/2022 13:09,3
31/01/2022 13:09,5
31/01/2022 13:07,5
31/01/2022 12:59,5
31/01/2022 12:57,1
31/01/2022 12:54,1
31/01/2022 12:52,1
31/01/2022 12:49,2
31/01/2022 12:47,4
31/01/2022 12:47,5
31/01/2022 12:42,5
31/01/2022 12:39,1
31/01/2022 12:31,5
31/01/2022 12:30,5
31/01/2022 12:19,3
31/01/2022 12:11,4
31/01/2022 12:08,5
31/01/2022 12:04,5
31/01/2022 12:03,1
31/01/2022 12:00,5
31/01/2022 11:59,1
31/01/2022 11:52,4
31/01/2022 11:47,4
31/01/2022 11:47,1
31/01/2022 11:44,4
31/01/2022 11:33,4
31/01/2022 11:22,4
31/01/2022 11:21,2
31/01/2022 11:17,3
31/01/2022 11:17,5
31/01/2022 11:15,4
31/01/2022 10:56,5
31/01/2022 10:41,5
31/01/2022 10:39,5
31/01/2022 10:37,4
31/01/2022 10:27,5
31/01/2022 10:20,3
31/01/2022 10:17,4
31/01/2022 10:16,5
31/01/2022 10:11,2
31/01/2022 10:04,3
31/01/2022 10:02,2
31/01/2022 10:01,2
31/01/2022 09:58,2
31/01/2022 09:57,5
31/01/2022 09:47,5
31/01/2022 09:33,5
31/01/2022 09:28,5
31/01/2022 09:24,4
31/01/2022 09:17,4
31/01/2022 09:09,5
31/01/2022 09:09,2
31/01/2022 09:09,4
31/01/2022 08:46,1
31/01/2022 08:40,2
31/01/2022 08:40,2
31/01/2022 08:39,5
31/01/2022 08:20,1
31/01/2022 08:05,2
31/01/2022 08:02,5
31/01/2022 07:59,4
31/01/2022 07:42,1
31/01/2022 07:35,4
31/01/2022 07:15,2
31/01/2022 07:13,4
31/01/2022 07:07,2
31/01/2022 07:06,4
31/01/2022 07:04,5
31/01/2022 07:01,5
31/01/2022 07:01,5
31/01/2022 06:58,1
31/01/2022 06:42,5
31/01/2022 06:42,1
31/01/2022 06:39,1
31/01/2022 06:36,5
31/01/2022 06:35,4
31/01/2022 06:35,1
31/01/2022 06:24,3
31/01/2022 06:16,4
31/01/2022 06:11,5
31/01/2022 06:09,1
31/01/2022 06:01,4
31/01/2022 06:00,5
31/01/2022 05:40,2
31/01/2022 05:39,5
31/01/2022 05:35,4
31/01/2022 05:34,1
31/01/2022 05:23,2
31/01/2022 05:21,1
31/01/2022 05:16,5
31/01/2022 05:14,5
31/01/2022 05:08,1
31/01/2022 05:05,5
31/01/2022 05:02,1
31/01/2022 04:54,1
31/01/2022 04:53,2
31/01/2022 04:44,2
31/01/2022 04:41,4
31/01/2022 04:39,5
31/01/2022 04:37,5
31/01/2022 04:34,5
31/01/2022 04:31,2
31/01/2022 04:27,1
31/01/2022 04:21,1
31/01/2022 04:11,5
31/01/2022 04:09,1
31/01/2022 03:58,1
31/01/2022 03:51,1
31/01/2022 03:49,5
31/01/2022 03:47,5
31/01/2022 03:39,4
31/01/2022 03:38,1
31/01/2022 03:37,1
31/01/2022 03:35,1
31/01/2022 03:30,5
31/01/2022 03:29,1
31/01/2022 03:25,5
31/01/2022 03:25,1
31/01/2022 03:20,4
31/01/2022 03:18,4
31/01/2022 03:15,1
31/01/2022 03:01,5
31/01/2022 02:55,5
31/01/2022 02:54,3
31/01/2022 02:52,5
31/01/2022 02:51,3
31/01/2022 02:50,1
31/01/2022 02:49,5
31/01/2022 02:44,1
31/01/2022 02:42,1
31/01/2022 02:41,5
31/01/2022 02:41,4
31/01/2022 02:38,5
31/01/2022 02:38,1
31/01/2022 02:36,2
31/01/2022 02:36,5
31/01/2022 02:28,1
31/01/2022 02:25,5
31/01/2022 02:21,1
31/01/2022 02:19,4
31/01/2022 02:18,2
31/01/2022 02:16,4
31/01/2022 02:15,5
31/01/2022 02:15,1
31/01/2022 02:11,1
31/01/2022 02:11,5
31/01/2022 02:08,1
31/01/2022 02:07,1
31/01/2022 02:06,5
31/01/2022 02:01,1
31/01/2022 02:00,5
31/01/2022 01:59,5
31/01/2022 01:55,1
31/01/2022 01:52,3
31/01/2022 01:38,1
31/01/2022 01:19,1
31/01/2022 01:17,1
31/01/2022 01:14,1
31/01/2022 01:10,1
31/01/2022 01:05,1
31/01/2022 01:05,1
31/01/2022 01:01,1
31/01/2022 01:01,1
31/01/2022 00:58,1
31/01/2022 00:54,5
31/01/2022 00:53,5
31/01/2022 00:50,1
31/01/2022 00:49,1
31/01/2022 00:49,3
31/01/2022 00:47,1
31/01/2022 00:42,5
31/01/2022 00:38,5
31/01/2022 00:37,4
31/01/2022 00:33,4
31/01/2022 00:33,5
31/01/2022 00:32,2
31/01/2022 00:30,1
31/01/2022 00:27,5
31/01/2022 00:26,5
31/01/2022 00:23,2
31/01/2022 00:20,5
31/01/2022 00:15,1
31/01/2022 00:08,5
31/01/2022 00:06,1
31/01/2022 00:00,2
30/01/2022 23:58,1
30/01/2022 23:53,1
30/01/2022 23:51,5
30/01/2022 23:50,1
30/01/2022 23:45,5
30/01/2022 23:45,1
30/01/2022 23:43,1
30/01/2022 23:40,3
30/01/2022 23:36,4
30/01/2022 23:30,4
30/01/2022 23:29,1
30/01/2022 23:28,5
30/01/2022 23:27,5
30/01/2022 23:18,3
30/01/2022 23:09,1
30/01/2022 23:07,5
30/01/2022 23:05,4
30/01/2022 23:03,5
30/01/2022 23:02,3
30/01/2022 23:00,2
30/01/2022 22:50,5
30/01/2022 22:45,1
30/01/2022 22:44,5
30/01/2022 22:41,3
30/01/2022 22:34,4
30/01/2022 22:19,4
30/01/2022 22:17,5
30/01/2022 22:15,5
30/01/2022 22:10,5
30/01/2022 22:09,5
30/01/2022 22:08,2
30/01/2022 22:06,5
30/01/2022 22:05,3
30/01/2022 22:02,2
30/01/2022 22:01,3
30/01/2022 22:00,4
30/01/2022 21:59,5
30/01/2022 21:59,1
30/01/2022 21:56,2
30/01/2022 21:53,3
30/01/2022 21:51,3
30/01/2022 21:50,1
30/01/2022 21:48,1
30/01/2022 21:48,5
30/01/2022 21:45,5
30/01/2022 21:35,1
30/01/2022 21:33,2
30/01/2022 21:20,5
30/01/2022 21:16,5
30/01/2022 21:15,5
30/01/2022 21:13,5
30/01/2022 21:08,2
30/01/2022 21:08,1
30/01/2022 21:05,5
30/01/2022 21:03,3
30/01/2022 21:02,5
30/01/2022 20:53,2
30/01/2022 20:53,5
30/01/2022 20:51,1
30/01/2022 20:49,1
30/01/2022 20:46,5
30/01/2022 20:42,5
30/01/2022 20:37,2
30/01/2022 20:37,5
30/01/2022 20:27,5
30/01/2022 20:26,2
30/01/2022 20:17,5
30/01/2022 20:13,2
30/01/2022 20:10,5
30/01/2022 20:05,5
30/01/2022 20:04,5
30/01/2022 20:02,5
30/01/2022 19:43,5
30/01/2022 19:43,1
30/01/2022 19:42,3
30/01/2022 19:35,4
30/01/2022 19:34,5
30/01/2022 19:33,3
30/01/2022 19:31,5
30/01/2022 19:31,3
30/01/2022 19:26,2
30/01/2022 19:26,1
30/01/2022 19:24,1
30/01/2022 19:15,4
30/01/2022 19:05,1
30/01/2022 18:57,4
30/01/2022 18:57,1
30/01/2022 18:45,4
30/01/2022 18:42,1
30/01/2022 18:35,2
30/01/2022 18:31,1
30/01/2022 18:28,5
30/01/2022 18:17,4
30/01/2022 18:09,5
30/01/2022 18:08,5
30/01/2022 18:06,5
30/01/2022 18:03,5
30/01/2022 18:01,2
30/01/2022 17:55,5
30/01/2022 17:52,4
30/01/2022 17:51,5
30/01/2022 17:47,1
30/01/2022 17:42,1
30/01/2022 17:42,1
30/01/2022 17:32,4
30/01/2022 17:32,1
30/01/2022 17:31,4
30/01/2022 17:26,1
30/01/2022 17:19,5
30/01/2022 17:14,4
30/01/2022 17:00,1
30/01/2022 16:57,3
30/01/2022 16:53,4
30/01/2022 16:49,5
30/01/2022 16:47,5
30/01/2022 16:47,1
30/01/2022 16:45,1
30/01/2022 16:45,5
30/01/2022 16:38,2
30/01/2022 16:37,5
30/01/2022 16:29,5
30/01/2022 16:29,5
30/01/2022 16:26,5
30/01/2022 16:25,1
30/01/2022 16:20,1
30/01/2022 16:18,5
30/01/2022 16:16,3
30/01/2022 16:15,1
30/01/2022 16:13,5
30/01/2022 16:13,1
30/01/2022 16:13,5
30/01/2022 16:08,5
30/01/2022 16:05,5
30/01/2022 16:01,1
30/01/2022 16:01,1
30/01/2022 15:57,2
30/01/2022 15:51,5
30/01/2022 15:50,1
30/01/2022 15:50,5
30/01/2022 15:44,1
30/01/2022 15:42,5
30/01/2022 15:42,1
30/01/2022 15:37,5
30/01/2022 15:35,5
30/01/2022 15:34,4
30/01/2022 15:33,5
30/01/2022 15:31,5
30/01/2022 15:30,5
30/01/2022 15:27,5
30/01/2022 15:25,3
30/01/2022 15:18,5
30/01/2022 15:12,5
30/01/2022 15:11,5
30/01/2022 15:08,4
30/01/2022 15:04,1
30/01/2022 15:00,1
30/01/2022 14:59,5
30/01/2022 14:58,1
30/01/2022 14:53,2
30/01/2022 14:52,5
30/01/2022 14:51,1
30/01/2022 14:40,4
30/01/2022 14:37,1
30/01/2022 14:36,5
30/01/2022 14:32,2
30/01/2022 14:30,1
30/01/2022 14:19,1
30/01/2022 14:13,5
30/01/2022 14:12,5
30/01/2022 14:01,5
30/01/2022 14:00,1
30/01/2022 13:58,3
30/01/2022 13:50,5
30/01/2022 13:46,5
30/01/2022 13:40,1
30/01/2022 13:40,1
30/01/2022 13:38,1
30/01/2022 13:36,5
30/01/2022 13:35,5
30/01/2022 13:29,5
30/01/2022 13:29,5
30/01/2022 13:23,1
30/01/2022 13:21,4
30/01/2022 13:18,4
30/01/2022 13:16,4
30/01/2022 13:16,4
30/01/2022 13:14,1
30/01/2022 13:07,5
30/01/2022 13:06,1
30/01/2022 12:59,1
30/01/2022 12:57,5
30/01/2022 12:55,1
30/01/2022 12:53,3
30/01/2022 12:53,5
30/01/2022 12:53,1
30/01/2022 12:42,5
30/01/2022 12:38,4
30/01/2022 12:36,5
30/01/2022 12:23,5
30/01/2022 12:09,3
30/01/2022 12:09,5
30/01/2022 12:06,2
30/01/2022 12:04,5
30/01/2022 11:41,1
30/01/2022 11:38,1
30/01/2022 11:28,3
30/01/2022 11:26,5
30/01/2022 11:23,2
30/01/2022 11:21,5
30/01/2022 11:13,4
30/01/2022 11:12,2
30/01/2022 11:11,5
30/01/2022 11:08,1
30/01/2022 10:59,1
30/01/2022 10:58,5
30/01/2022 10:55,2
30/01/2022 10:51,1
30/01/2022 10:46,5
30/01/2022 10:39,2
30/01/2022 10:38,1
30/01/2022 10:34,2
30/01/2022 10:31,1
30/01/2022 10:19,1
30/01/2022 10:07,1
30/01/2022 10:04,1
30/01/2022 09:57,3
30/01/2022 09:54,4
30/01/2022 09:52,3
30/01/2022 09:41,1
30/01/2022 09:34,1
30/01/2022 09:18,1
30/01/2022 09:15,5
30/01/2022 09:14,5
30/01/2022 09:14,5
30/01/2022 09:08,4
30/01/2022 09:06,2
30/01/2022 09:02,3
30/01/2022 08:53,1
30/01/2022 08:45,1
30/01/2022 08:40,5
30/01/2022 08:37,5
30/01/2022 08:33,5
30/01/2022 08:33,3
30/01/2022 08:32,4
30/01/2022 08:28,5
30/01/2022 08:18,5
30/01/2022 08:01,3
30/01/2022 07:50,5
30/01/2022 07:44,5
30/01/2022 07:42,1
30/01/2022 07:40,5
30/01/2022 07:36,4
30/01/2022 07:28,5
30/01/2022 07:27,1
30/01/2022 07:25,5
30/01/2022 07:15,5
30/01/2022 07:12,5
30/01/2022 07:10,1
30/01/2022 07:04,5
30/01/2022 07:01,3
30/01/2022 06:57,1
30/01/2022 06:56,2
30/01/2022 06:23,5
30/01/2022 06:23,5
30/01/2022 06:22,1
30/01/2022 06:17,3
30/01/2022 06:12,1
30/01/2022 06:12,3
30/01/2022 06:01,5
30/01/2022 05:57,1
30/01/2022 05:41,4
30/01/2022 05:23,2
30/01/2022 05:20,1
30/01/2022 05:08,1
30/01/2022 04:57,1
30/01/2022 04:56,1
30/01/2022 04:55,5
30/01/2022 04:49,5
30/01/2022 04:36,1
30/01/2022 04:35,4
30/01/2022 04:28,5
30/01/2022 04:27,4
30/01/2022 04:25,1
30/01/2022 04:23,2
30/01/2022 04:21,1
30/01/2022 04:20,1
30/01/2022 04:19,5
30/01/2022 04:13,1
30/01/2022 04:08,5
30/01/2022 04:07,2
30/01/2022 04:01,1
30/01/2022 04:00,5
30/01/2022 03:45,2
30/01/2022 03:36,4
30/01/2022 03:34,2
30/01/2022 03:32,5
30/01/2022 03:17,3
30/01/2022 03:14,4
30/01/2022 03:06,5
30/01/2022 03:02,3
30/01/2022 02:56,5
30/01/2022 02:56,3
30/01/2022 02:52,1
30/01/2022 02:49,1
30/01/2022 02:46,2
30/01/2022 02:36,1
30/01/2022 02:35,4
30/01/2022 02:28,1
30/01/2022 02:27,5
30/01/2022 02:05,5
30/01/2022 01:59,1
30/01/2022 01:58,5
30/01/2022 01:57,5
30/01/2022 01:57,5
30/01/2022 01:56,3
30/01/2022 01:55,1
30/01/2022 01:52,3
30/01/2022 01:43,2
30/01/2022 01:37,4
30/01/2022 01:36,1
30/01/2022 01:35,5
30/01/2022 01:28,5
30/01/2022 01:25,4
30/01/2022 01:25,1
30/01/2022 01:24,2
30/01/2022 01:21,3
30/01/2022 01:14,5
30/01/2022 01:08,3
30/01/2022 01:01,3
30/01/2022 00:49,4
30/01/2022 00:48,4
30/01/2022 00:43,4
30/01/2022 00:42,5
30/01/2022 00:34,1
30/01/2022 00:30,1
30/01/2022 00:29,5
30/01/2022 00:18,3
30/01/2022 00:13,5
30/01/2022 00:08,4
30/01/2022 00:05,4
29/01/2022 23:59,3
29/01/2022 23:53,5
29/01/2022 23:51,1
29/01/2022 23:51,5
29/01/2022 23:50,5
29/01/2022 23:46,5
29/01/2022 23:40,5
29/01/2022 23:31,3
29/01/2022 23:29,5
29/01/2022 23:28,5
29/01/2022 23:24,1
29/01/2022 23:15,4
29/01/2022 22:59,5
29/01/2022 22:59,5
29/01/2022 22:59,1
29/01/2022 22:55,5
29/01/2022 22:50,1
29/01/2022 22:50,3
29/01/2022 22:48,5
29/01/2022 22:38,5
29/01/2022 22:30,5
29/01/2022 22:30,1
29/01/2022 22:29,1
29/01/2022 22:26,4
29/01/2022 22:26,1
29/01/2022 22:25,2
29/01/2022 22:24,1
29/01/2022 22:15,5
29/01/2022 22:13,5
29/01/2022 22:11,1
29/01/2022 22:09,1
29/01/2022 22:04,5
29/01/2022 21:59,1
29/01/2022 21:56,1
29/01/2022 21:53,5
29/01/2022 21:51,1
29/01/2022 21:50,1
29/01/2022 21:49,5
29/01/2022 21:36,4
29/01/2022 21:34,5
29/01/2022 21:31,1
29/01/2022 21:30,5
29/01/2022 21:29,5
29/01/2022 21:28,5
29/01/2022 21:26,1
29/01/2022 21:21,3
29/01/2022 21:15,1
29/01/2022 21:13,1
29/01/2022 21:13,1
29/01/2022 21:12,5
29/01/2022 21:11,5
29/01/2022 21:06,1
29/01/2022 21:03,1
29/01/2022 20:57,4
29/01/2022 20:57,1
29/01/2022 20:52,5
29/01/2022 20:52,5
29/01/2022 20:50,1
29/01/2022 20:50,5
29/01/2022 20:43,2
29/01/2022 20:40,1
29/01/2022 20:38,1
29/01/2022 20:36,5
29/01/2022 20:30,1
29/01/2022 20:28,5
29/01/2022 20:25,3
29/01/2022 20:24,1
29/01/2022 20:19,2
29/01/2022 20:18,5
29/01/2022 20:15,5
29/01/2022 20:15,4
29/01/2022 20:14,1
29/01/2022 20:07,1
29/01/2022 20:06,5
29/01/2022 20:05,5
29/01/2022 20:00,5
29/01/2022 19:53,4
29/01/2022 19:49,2
29/01/2022 19:45,5
29/01/2022 19:43,4
29/01/2022 19:41,5
29/01/2022 19:41,1
29/01/2022 19:40,4
29/01/2022 19:39,5
29/01/2022 19:37,1
29/01/2022 19:37,5
29/01/2022 19:29,2
29/01/2022 19:27,5
29/01/2022 19:26,1
29/01/2022 19:19,2
29/01/2022 19:16,4
29/01/2022 19:15,3
29/01/2022 19:12,2
29/01/2022 19:06,1
29/01/2022 19:04,2
29/01/2022 18:58,5
29/01/2022 18:52,2
29/01/2022 18:50,1
29/01/2022 18:45,1
29/01/2022 18:44,1
29/01/2022 18:41,1
29/01/2022 18:37,4
29/01/2022 18:37,4
29/01/2022 18:33,1
29/01/2022 18:31,2
29/01/2022 18:30,1
29/01/2022 18:29,1
29/01/2022 18:28,5
29/01/2022 18:24,5
29/01/2022 18:18,1
29/01/2022 18:12,1
29/01/2022 18:11,1
29/01/2022 18:08,1
29/01/2022 18:04,5
29/01/2022 17:59,3
29/01/2022 17:57,1
29/01/2022 17:55,4
29/01/2022 17:55,1
29/01/2022 17:55,2
29/01/2022 17:54,5
29/01/2022 17:52,1
29/01/2022 17:51,5
29/01/2022 17:51,1
29/01/2022 17:43,5
29/01/2022 17:40,5
29/01/2022 17:38,5
29/01/2022 17:38,1
29/01/2022 17:36,4
29/01/2022 17:30,1
29/01/2022 17:27,5
29/01/2022 17:25,1
29/01/2022 17:22,1
29/01/2022 17:15,1
29/01/2022 17:15,4
29/01/2022 17:13,1
29/01/2022 17:06,1
29/01/2022 17:05,5
29/01/2022 17:03,2
29/01/2022 16:58,3
29/01/2022 16:52,1
29/01/2022 16:49,1
29/01/2022 16:45,3
29/01/2022 16:45,5
29/01/2022 16:31,1
29/01/2022 16:30,1
29/01/2022 16:30,1
29/01/2022 16:26,3
29/01/2022 16:21,1
29/01/2022 16:17,4
29/01/2022 16:10,1
29/01/2022 16:09,1
29/01/2022 16:08,1
29/01/2022 16:06,5
29/01/2022 16:05,1
29/01/2022 15:57,5
29/01/2022 15:55,5
29/01/2022 15:50,1
29/01/2022 15:50,4
29/01/2022 15:45,5
29/01/2022 15:45,1
29/01/2022 15:42,4
29/01/2022 15:41,3
29/01/2022 15:40,2
29/01/2022 15:39,5
29/01/2022 15:37,5
29/01/2022 15:36,2
29/01/2022 15:32,1
29/01/2022 15:31,5
29/01/2022 15:31,5
29/01/2022 15:25,1
29/01/2022 15:23,4
29/01/2022 15:07,5
29/01/2022 15:04,5
29/01/2022 15:00,1
29/01/2022 14:59,5
29/01/2022 14:58,5
29/01/2022 14:54,5
29/01/2022 14:45,2
29/01/2022 14:42,1
29/01/2022 14:41,5
29/01/2022 14:40,1
29/01/2022 14:40,5
29/01/2022 14:34,5
29/01/2022 14:31,3
29/01/2022 14:30,5
29/01/2022 14:29,1
29/01/2022 14:26,1
29/01/2022 14:18,4
29/01/2022 14:11,1
29/01/2022 14:11,5
29/01/2022 14:06,1
29/01/2022 14:05,1
29/01/2022 14:00,1
29/01/2022 13:58,1
29/01/2022 13:57,1
29/01/2022 13:55,1
29/01/2022 13:54,5
29/01/2022 13:50,2
29/01/2022 13:42,4
29/01/2022 13:39,5
29/01/2022 13:35,5
29/01/2022 13:33,5
29/01/2022 13:31,1
29/01/2022 13:27,5
29/01/2022 13:26,1
29/01/2022 13:24,1
29/01/2022 13:04,1
29/01/2022 13:03,3
29/01/2022 12:58,4
29/01/2022 12:57,5
29/01/2022 12:49,5
29/01/2022 12:48,5
29/01/2022 12:46,1
29/01/2022 12:43,1
29/01/2022 12:40,1
29/01/2022 12:39,5
29/01/2022 12:39,4
29/01/2022 12:38,5
29/01/2022 12:37,5
29/01/2022 12:32,5
29/01/2022 12:25,1
29/01/2022 12:23,5
29/01/2022 12:23,5
29/01/2022 12:17,1
29/01/2022 12:15,1
29/01/2022 12:09,1
29/01/2022 12:08,5
29/01/2022 12:08,1
29/01/2022 12:04,4
29/01/2022 12:03,4
29/01/2022 12:00,1
29/01/2022 11:58,4
29/01/2022 11:54,1
29/01/2022 11:51,1
29/01/2022 11:50,3
29/01/2022 11:48,1
29/01/2022 11:37,3
29/01/2022 11:28,5
29/01/2022 11:25,1
29/01/2022 11:22,5
29/01/2022 11:08,5
29/01/2022 11:05,5
29/01/2022 11:02,2
29/01/2022 10:57,2
29/01/2022 10:53,5
29/01/2022 10:49,5
29/01/2022 10:49,5
29/01/2022 10:49,2
29/01/2022 10:47,2
29/01/2022 10:41,5
29/01/2022 10:38,5
29/01/2022 10:30,5
29/01/2022 10:29,2
29/01/2022 10:24,1
29/01/2022 10:18,1
29/01/2022 10:13,3
29/01/2022 09:51,1
29/01/2022 09:47,4
29/01/2022 09:47,1
29/01/2022 09:45,2
29/01/2022 09:43,1
29/01/2022 09:42,1
29/01/2022 09:25,5
29/01/2022 09:24,1
29/01/2022 09:21,1
29/01/2022 09:17,4
29/01/2022 09:17,4
29/01/2022 09:00,5
29/01/2022 08:54,1
29/01/2022 08:53,3
29/01/2022 08:53,5
29/01/2022 08:41,5
29/01/2022 08:38,4
29/01/2022 08:32,5
29/01/2022 08:30,1
29/01/2022 08:28,3
29/01/2022 08:27,4
29/01/2022 08:18,5
29/01/2022 08:12,5
29/01/2022 08:07,1
29/01/2022 07:55,5
29/01/2022 07:54,3
29/01/2022 07:49,1
29/01/2022 07:41,4
29/01/2022 07:30,5
29/01/2022 07:29,1
29/01/2022 07:23,5
29/01/2022 07:17,1
29/01/2022 07:15,1
29/01/2022 07:15,1
29/01/2022 07:12,1
29/01/2022 07:11,5
29/01/2022 07:08,1
29/01/2022 07:08,5
29/01/2022 07:07,3
29/01/2022 07:00,5
29/01/2022 06:59,1
29/01/2022 06:57,5
29/01/2022 06:55,1
29/01/2022 06:54,1
29/01/2022 06:49,1
29/01/2022 06:42,1
29/01/2022 06:42,1
29/01/2022 06:40,1
29/01/2022 06:34,5
29/01/2022 06:31,5
29/01/2022 06:30,1
29/01/2022 06:23,1
29/01/2022 06:14,1
29/01/2022 06:07,1
29/01/2022 05:50,5
29/01/2022 05:42,4
29/01/2022 05:38,5
29/01/2022 05:31,1
29/01/2022 05:22,5
29/01/2022 05:18,5
29/01/2022 05:12,5
29/01/2022 05:07,5
29/01/2022 05:06,4
29/01/2022 05:04,5
29/01/2022 05:02,1
29/01/2022 04:59,1
29/01/2022 04:58,5
29/01/2022 04:57,5
29/01/2022 04:54,4
29/01/2022 04:53,1
29/01/2022 04:52,1
29/01/2022 04:50,1
29/01/2022 04:45,5
29/01/2022 04:45,5
29/01/2022 04:44,1
29/01/2022 04:38,1
29/01/2022 04:37,1
29/01/2022 04:29,5
29/01/2022 04:17,2
29/01/2022 04:14,3
29/01/2022 04:10,1
29/01/2022 04:10,5
29/01/2022 04:09,5
29/01/2022 04:08,1
29/01/2022 04:07,5
29/01/2022 04:06,1
29/01/2022 04:01,5
29/01/2022 03:58,1
29/01/2022 03:53,1
29/01/2022 03:33,3
29/01/2022 03:32,1
29/01/2022 03:28,5
29/01/2022 03:28,1
29/01/2022 03:09,1
29/01/2022 03:08,1
29/01/2022 02:53,1
29/01/2022 02:41,5
29/01/2022 02:37,1
29/01/2022 02:24,5
29/01/2022 02:16,4
29/01/2022 02:15,5
29/01/2022 02:11,1
29/01/2022 02:07,2
29/01/2022 01:56,4
29/01/2022 01:37,4
29/01/2022 01:25,5
29/01/2022 01:23,5
29/01/2022 01:18,5
29/01/2022 01:16,1
29/01/2022 01:10,5
29/01/2022 01:06,1
29/01/2022 01:02,5
29/01/2022 00:53,1
29/01/2022 00:37,4
29/01/2022 00:36,5
29/01/2022 00:00,1
28/01/2022 23:59,5
28/01/2022 23:55,1
28/01/2022 23:54,5
28/01/2022 23:47,5
28/01/2022 23:46,3
28/01/2022 23:41,2
28/01/2022 23:28,5
28/01/2022 23:23,5
28/01/2022 23:19,1
28/01/2022 23:19,5
28/01/2022 23:17,1
28/01/2022 23:17,1
28/01/2022 23:05,3
28/01/2022 23:05,5
28/01/2022 23:04,1
28/01/2022 22:59,5
28/01/2022 22:59,1
28/01/2022 22:56,1
28/01/2022 22:51,1
28/01/2022 22:41,1
28/01/2022 22:40,1
28/01/2022 22:32,1
28/01/2022 22:28,5
28/01/2022 22:23,4
28/01/2022 22:14,2
28/01/2022 22:08,5
28/01/2022 22:06,5
28/01/2022 22:06,1
28/01/2022 21:54,5
28/01/2022 21:52,5
28/01/2022 21:46,3
28/01/2022 21:37,5
28/01/2022 21:30,5
28/01/2022 21:25,1
28/01/2022 21:20,5
28/01/2022 21:14,4
28/01/2022 21:10,5
28/01/2022 21:10,1
28/01/2022 21:08,1
28/01/2022 21:06,4
28/01/2022 21:06,2
28/01/2022 21:06,5
28/01/2022 21:02,1
28/01/2022 21:00,5
28/01/2022 20:58,1
28/01/2022 20:53,1
28/01/2022 20:53,2
28/01/2022 20:51,2
28/01/2022 20:39,1
28/01/2022 20:39,5
28/01/2022 20:36,1
28/01/2022 20:33,1
28/01/2022 20:31,3
28/01/2022 20:29,1
28/01/2022 20:29,3
28/01/2022 20:19,5
28/01/2022 20:14,5
28/01/2022 20:11,5
28/01/2022 20:08,1
28/01/2022 20:03,5
28/01/2022 19:57,4
28/01/2022 19:50,1
28/01/2022 19:45,4
28/01/2022 19:42,5
28/01/2022 19:41,1
28/01/2022 19:34,4
28/01/2022 19:30,5
28/01/2022 19:25,1
28/01/2022 19:17,1
28/01/2022 19:16,2
28/01/2022 19:14,2
28/01/2022 19:09,1
28/01/2022 19:06,5
28/01/2022 19:02,3
28/01/2022 18:59,1
28/01/2022 18:57,5
28/01/2022 18:56,1
28/01/2022 18:56,3
28/01/2022 18:55,5
28/01/2022 18:54,1
28/01/2022 18:54,4
28/01/2022 18:45,1
28/01/2022 18:36,5
28/01/2022 18:32,5
28/01/2022 18:30,5
28/01/2022 18:28,5
28/01/2022 18:04,5
28/01/2022 17:59,1
28/01/2022 17:58,1
28/01/2022 17:58,2
28/01/2022 17:56,1
28/01/2022 17:55,5
28/01/2022 17:46,4
28/01/2022 17:42,5
28/01/2022 17:41,5
28/01/2022 17:40,1
28/01/2022 17:40,5
28/01/2022 17:35,5
28/01/2022 17:31,5
28/01/2022 17:28,5
28/01/2022 17:23,1
28/01/2022 17:10,5
28/01/2022 17:06,1
28/01/2022 17:03,5
28/01/2022 16:48,1
28/01/2022 16:48,1
28/01/2022 16:46,5
28/01/2022 16:37,5
28/01/2022 16:30,5
28/01/2022 16:27,3
28/01/2022 16:25,1
28/01/2022 16:25,5
28/01/2022 16:22,1
28/01/2022 16:21,2
28/01/2022 16:16,5
28/01/2022 16:12,1
28/01/2022 16:09,4
28/01/2022 16:06,2
28/01/2022 16:06,5
28/01/2022 16:03,5
28/01/2022 16:00,4
28/01/2022 15:59,1
28/01/2022 15:56,3
28/01/2022 15:49,1
28/01/2022 15:48,1
28/01/2022 15:47,2
28/01/2022 15:47,5
28/01/2022 15:40,5
28/01/2022 15:36,5
28/01/2022 15:35,5
28/01/2022 15:34,5
28/01/2022 15:32,5
28/01/2022 15:32,1
28/01/2022 15:29,5
28/01/2022 15:26,5
28/01/2022 15:23,1
28/01/2022 15:21,1
28/01/2022 15:20,2
28/01/2022 15:20,5
28/01/2022 15:19,4
28/01/2022 15:16,5
28/01/2022 15:15,5
28/01/2022 15:14,1
28/01/2022 15:07,1
28/01/2022 15:07,5
28/01/2022 15:06,3
28/01/2022 15:06,4
28/01/2022 14:58,3
28/01/2022 14:55,1
28/01/2022 14:51,5
28/01/2022 14:51,1
28/01/2022 14:47,4
28/01/2022 14:43,4
28/01/2022 14:43,3
28/01/2022 14:38,5
28/01/2022 14:33,2
28/01/2022 14:33,5
28/01/2022 14:32,5
28/01/2022 14:28,5
28/01/2022 14:27,3
28/01/2022 14:26,1
28/01/2022 14:24,5
28/01/2022 14:24,1
28/01/2022 14:18,4
28/01/2022 14:16,1
28/01/2022 14:13,2
28/01/2022 14:06,5
28/01/2022 13:55,2
28/01/2022 13:55,1
28/01/2022 13:55,1
28/01/2022 13:53,1
28/01/2022 13:51,5
28/01/2022 13:51,5
28/01/2022 13:49,5
28/01/2022 13:44,1
28/01/2022 13:44,5
28/01/2022 13:27,5
28/01/2022 13:25,1
28/01/2022 13:25,3
28/01/2022 13:18,4
28/01/2022 13:18,5
28/01/2022 13:12,5
28/01/2022 13:11,5
28/01/2022 13:11,4
28/01/2022 12:56,5
28/01/2022 12:56,5
28/01/2022 12:53,1
28/01/2022 12:45,5
28/01/2022 12:45,5
28/01/2022 12:44,3
28/01/2022 12:30,1
28/01/2022 12:28,5
28/01/2022 12:14,1
28/01/2022 12:13,1
28/01/2022 12:13,5
28/01/2022 12:11,4
28/01/2022 11:53,5
28/01/2022 11:41,4
28/01/2022 11:36,5
28/01/2022 11:36,5
28/01/2022 11:29,5
28/01/2022 11:26,4
28/01/2022 11:25,4
28/01/2022 11:23,5
28/01/2022 11:22,4
28/01/2022 11:11,5
28/01/2022 11:09,4
28/01/2022 11:06,4
28/01/2022 11:02,1
28/01/2022 10:58,1
28/01/2022 10:53,1
28/01/2022 10:33,5
28/01/2022 10:27,1
28/01/2022 10:21,4
28/01/2022 10:12,5
28/01/2022 10:11,2
28/01/2022 10:04,1
28/01/2022 10:00,5
28/01/2022 09:50,3
28/01/2022 09:47,4
28/01/2022 09:45,5
28/01/2022 09:38,5
28/01/2022 09:37,1
28/01/2022 09:32,5
28/01/2022 09:25,1
28/01/2022 09:20,5
28/01/2022 09:17,5
28/01/2022 08:56,5
28/01/2022 08:55,1
28/01/2022 08:54,1
28/01/2022 08:51,1
28/01/2022 08:50,3
28/01/2022 08:48,1
28/01/2022 08:44,2
28/01/2022 08:43,5
28/01/2022 08:39,5
28/01/2022 08:26,1
28/01/2022 08:22,1
28/01/2022 08:13,2
28/01/2022 07:56,5
28/01/2022 07:49,2
28/01/2022 07:48,1
28/01/2022 07:41,1
28/01/2022 07:41,1
28/01/2022 07:35,1
28/01/2022 07:33,5
28/01/2022 07:33,5
28/01/2022 07:21,5
28/01/2022 07:18,1
28/01/2022 07:18,5
28/01/2022 07:17,2
28/01/2022 07:13,5
28/01/2022 07:12,1
28/01/2022 07:09,1
28/01/2022 07:02,3
28/01/2022 07:01,1
28/01/2022 06:49,3
28/01/2022 06:46,4
28/01/2022 06:35,2
28/01/2022 06:33,3
28/01/2022 06:29,4
28/01/2022 06:24,5
28/01/2022 06:08,2
28/01/2022 06:04,1
28/01/2022 05:58,5
28/01/2022 05:57,5
28/01/2022 05:54,2
28/01/2022 05:51,4
28/01/2022 05:50,2
28/01/2022 05:48,1
28/01/2022 05:43,4
28/01/2022 05:38,4
28/01/2022 05:35,5
28/01/2022 05:28,1
28/01/2022 05:28,5
28/01/2022 05:28,1
28/01/2022 05:24,2
28/01/2022 05:07,4
28/01/2022 05:06,5
28/01/2022 05:00,1
28/01/2022 04:59,5
28/01/2022 04:59,5
28/01/2022 04:58,4
28/01/2022 04:46,1
28/01/2022 04:45,1
28/01/2022 04:30,1
28/01/2022 04:26,5
28/01/2022 04:24,5
28/01/2022 04:24,4
28/01/2022 04:21,1
28/01/2022 04:17,1
28/01/2022 04:14,5
28/01/2022 04:10,1
28/01/2022 04:00,4
28/01/2022 04:00,4
28/01/2022 03:59,5
28/01/2022 03:40,1
28/01/2022 03:34,5
28/01/2022 03:30,1
28/01/2022 03:29,1
28/01/2022 03:26,2
28/01/2022 03:21,1
28/01/2022 03:16,1
28/01/2022 03:16,1
28/01/2022 03:07,1
28/01/2022 02:59,2
28/01/2022 02:59,5
28/01/2022 02:58,1
28/01/2022 02:48,1
28/01/2022 02:44,1
28/01/2022 02:42,5
28/01/2022 02:39,4
28/01/2022 02:37,5
28/01/2022 02:35,5
28/01/2022 02:21,5
28/01/2022 02:15,5
28/01/2022 02:09,5
28/01/2022 01:53,1
28/01/2022 01:52,1
28/01/2022 01:50,5
28/01/2022 01:49,5
28/01/2022 01:48,1
28/01/2022 01:48,5
28/01/2022 01:35,5
28/01/2022 01:32,5
28/01/2022 01:20,4
28/01/2022 01:17,4
28/01/2022 01:14,1
28/01/2022 01:00,4
28/01/2022 00:53,1
28/01/2022 00:48,4
28/01/2022 00:48,1
28/01/2022 00:47,4
28/01/2022 00:31,1
28/01/2022 00:28,1
28/01/2022 00:28,1
28/01/2022 00:27,5
28/01/2022 00:21,1
28/01/2022 00:18,1
28/01/2022 00:14,1
28/01/2022 00:14,1
28/01/2022 00:12,4
28/01/2022 00:10,2
28/01/2022 00:04,1
28/01/2022 00:02,1
27/01/2022 23:59,2
27/01/2022 23:55,4
27/01/2022 23:54,1
27/01/2022 23:53,1
27/01/2022 23:48,1
27/01/2022 23:48,5
27/01/2022 23:46,4
27/01/2022 23:42,5
27/01/2022 23:42,1
27/01/2022 23:39,5
27/01/2022 23:39,4
27/01/2022 23:34,1
27/01/2022 23:32,4
27/01/2022 23:28,3
27/01/2022 23:24,5
27/01/2022 23:21,5
27/01/2022 23:20,1
27/01/2022 23:19,5
27/01/2022 23:18,5
27/01/2022 23:15,3
27/01/2022 23:10,1
27/01/2022 23:07,3
27/01/2022 23:06,5
27/01/2022 22:48,3
27/01/2022 22:22,5
27/01/2022 22:17,1
27/01/2022 22:15,5
27/01/2022 22:06,5
27/01/2022 21:57,4
27/01/2022 21:49,1
27/01/2022 21:47,5
27/01/2022 21:43,2
27/01/2022 21:42,1
27/01/2022 21:38,2
27/01/2022 21:36,1
27/01/2022 21:33,4
27/01/2022 21:31,3
27/01/2022 21:18,5
27/01/2022 21:18,5
27/01/2022 21:18,4
27/01/2022 21:17,1
27/01/2022 21:16,1
27/01/2022 21:10,5
27/01/2022 21:04,5
27/01/2022 21:02,2
27/01/2022 21:02,5
27/01/2022 20:56,5
27/01/2022 20:51,3
27/01/2022 20:50,3
27/01/2022 20:49,5
27/01/2022 20:46,5
27/01/2022 20:46,1
27/01/2022 20:46,1
27/01/2022 20:45,1
27/01/2022 20:43,5
27/01/2022 20:43,1
27/01/2022 20:36,3
27/01/2022 20:34,1
27/01/2022 20:33,1
27/01/2022 20:27,1
27/01/2022 20:18,1
27/01/2022 20:11,5
27/01/2022 20:10,1
27/01/2022 20:01,5
27/01/2022 20:00,1
27/01/2022 19:54,2
27/01/2022 19:52,1
27/01/2022 19:52,3
27/01/2022 19:52,2
27/01/2022 19:50,5
27/01/2022 19:49,5
27/01/2022 19:40,5
27/01/2022 19:40,5
27/01/2022 19:33,1
27/01/2022 19:32,1
27/01/2022 19:32,5
27/01/2022 19:25,1
27/01/2022 19:24,1
27/01/2022 19:21,5
27/01/2022 19:20,1
27/01/2022 19:18,4
27/01/2022 19:12,1
27/01/2022 19:06,4
27/01/2022 19:01,1
27/01/2022 18:56,1
27/01/2022 18:53,1
27/01/2022 18:52,5
27/01/2022 18:51,1
27/01/2022 18:50,1
27/01/2022 18:50,1
27/01/2022 18:49,1
27/01/2022 18:46,5
27/01/2022 18:44,1
27/01/2022 18:40,5
27/01/2022 18:39,5
27/01/2022 18:30,1
27/01/2022 18:28,1
27/01/2022 18:23,1
27/01/2022 18:23,5
27/01/2022 18:23,1
27/01/2022 18:21,5
27/01/2022 18:21,1
27/01/2022 18:15,3
27/01/2022 18:11,4
27/01/2022 18:09,1
27/01/2022 18:07,3
27/01/2022 18:05,5
27/01/2022 18:03,5
27/01/2022 17:55,2
27/01/2022 17:54,3
27/01/2022 17:51,1
27/01/2022 17:48,1
27/01/2022 17:47,1
27/01/2022 17:44,2
27/01/2022 17:44,5
27/01/2022 17:43,1
27/01/2022 17:36,5
27/01/2022 17:35,1
27/01/2022 17:28,3
27/01/2022 17:19,5
27/01/2022 17:07,5
27/01/2022 17:02,1
27/01/2022 16:57,1
27/01/2022 16:52,3
27/01/2022 16:52,1
27/01/2022 16:44,4
27/01/2022 16:41,1
27/01/2022 16:38,5
27/01/2022 16:37,5
27/01/2022 16:28,1
27/01/2022 16:27,5
27/01/2022 16:25,1
27/01/2022 16:23,5
27/01/2022 16:14,4
27/01/2022 16:10,1
27/01/2022 16:10,2
27/01/2022 16:08,1
27/01/2022 16:08,2
27/01/2022 16:00,3
27/01/2022 15:56,1
27/01/2022 15:56,1
27/01/2022 15:54,1
27/01/2022 15:52,1
27/01/2022 15:52,4
27/01/2022 15:49,1
27/01/2022 15:49,1
27/01/2022 15:46,3
27/01/2022 15:46,4
27/01/2022 15:44,5
27/01/2022 15:34,2
27/01/2022 15:33,5
27/01/2022 15:33,1
27/01/2022 15:31,1
27/01/2022 15:25,1
27/01/2022 15:24,4
27/01/2022 15:16,1
27/01/2022 15:16,1
27/01/2022 15:13,1
27/01/2022 15:11,4
27/01/2022 15:08,3
27/01/2022 15:03,1
27/01/2022 15:03,2
27/01/2022 14:58,1
27/01/2022 14:57,5
27/01/2022 14:56,2
27/01/2022 14:56,5
27/01/2022 14:53,5
27/01/2022 14:48,1
27/01/2022 14:45,1
27/01/2022 14:42,5
27/01/2022 14:41,1
27/01/2022 14:39,5
27/01/2022 14:37,5
27/01/2022 14:33,1
27/01/2022 14:33,5
27/01/2022 14:30,1
27/01/2022 14:25,3
27/01/2022 14:23,5
27/01/2022 14:23,5
27/01/2022 14:21,5
27/01/2022 14:20,5
27/01/2022 14:18,5
27/01/2022 14:16,1
27/01/2022 14:11,5
27/01/2022 14:11,1
27/01/2022 13:57,1
27/01/2022 13:55,1
27/01/2022 13:54,4
27/01/2022 13:48,5
27/01/2022 13:48,4
27/01/2022 13:47,1
27/01/2022 13:46,1
27/01/2022 13:46,3
27/01/2022 13:40,1
27/01/2022 13:38,1
27/01/2022 13:36,2
27/01/2022 13:31,5
27/01/2022 13:29,1
27/01/2022 13:22,2
27/01/2022 13:17,1
27/01/2022 13:16,1
27/01/2022 13:14,1
27/01/2022 13:05,3
27/01/2022 13:00,5
27/01/2022 12:53,1
27/01/2022 12:51,5
27/01/2022 12:50,5
27/01/2022 12:47,5
27/01/2022 12:44,1
27/01/2022 12:44,5
27/01/2022 12:44,4
27/01/2022 12:37,5
27/01/2022 12:36,4
27/01/2022 12:12,4
27/01/2022 12:10,1
27/01/2022 12:02,5
27/01/2022 12:01,4
27/01/2022 11:59,5
27/01/2022 11:58,3
27/01/2022 11:43,1
27/01/2022 11:41,5
27/01/2022 11:40,5
27/01/2022 11:39,3
27/01/2022 11:36,1
27/01/2022 11:32,5
27/01/2022 11:25,3
27/01/2022 11:23,3
27/01/2022 11:03,5
27/01/2022 11:03,4
27/01/2022 11:02,1
27/01/2022 10:56,2
27/01/2022 10:53,5
27/01/2022 10:52,1
27/01/2022 10:52,1
27/01/2022 10:26,3
27/01/2022 10:26,2
27/01/2022 10:25,4
27/01/2022 10:23,4
27/01/2022 10:02,3
27/01/2022 09:58,1
27/01/2022 09:50,5
27/01/2022 09:49,4
27/01/2022 09:46,1
27/01/2022 09:37,1
27/01/2022 09:18,1
27/01/2022 09:11,1
27/01/2022 09:10,4
27/01/2022 09:09,1
27/01/2022 09:06,1
27/01/2022 09:05,1
27/01/2022 09:03,4
27/01/2022 09:03,4
27/01/2022 08:58,5
27/01/2022 08:57,1
27/01/2022 08:53,1
27/01/2022 08:49,1
27/01/2022 08:47,1
27/01/2022 08:34,5
27/01/2022 08:34,5
27/01/2022 08:20,1
27/01/2022 08:00,5
27/01/2022 07:46,3
27/01/2022 07:46,3
27/01/2022 07:38,3
27/01/2022 07:29,1
27/01/2022 07:25,4
27/01/2022 07:15,1
27/01/2022 07:05,5
27/01/2022 06:59,1
27/01/2022 06:54,5
27/01/2022 06:46,5
27/01/2022 06:44,3
27/01/2022 06:37,3
27/01/2022 06:34,1
27/01/2022 06:22,1
27/01/2022 06:14,1
27/01/2022 06:11,5
27/01/2022 06:08,1
27/01/2022 06:06,1
27/01/2022 06:05,4
27/01/2022 06:02,5
27/01/2022 05:57,5
27/01/2022 05:56,5
27/01/2022 05:55,3
27/01/2022 05:51,1
27/01/2022 05:51,1
27/01/2022 05:50,3
27/01/2022 05:44,5
27/01/2022 05:42,4
27/01/2022 05:37,4
27/01/2022 05:34,5
27/01/2022 05:34,1
27/01/2022 05:31,5
27/01/2022 05:31,1
27/01/2022 05:29,1
27/01/2022 05:24,1
27/01/2022 05:15,1
27/01/2022 05:09,4
27/01/2022 05:08,1
27/01/2022 05:04,1
27/01/2022 05:04,4
27/01/2022 05:02,2
27/01/2022 05:02,1
27/01/2022 05:01,1
27/01/2022 05:00,1
27/01/2022 04:39,1
27/01/2022 04:34,1
27/01/2022 04:26,3
27/01/2022 04:25,4
27/01/2022 04:21,1
27/01/2022 04:20,5
27/01/2022 04:20,5
27/01/2022 04:18,5
27/01/2022 04:08,1
27/01/2022 04:07,4
27/01/2022 04:06,1
27/01/2022 03:56,2
27/01/2022 03:39,5
27/01/2022 03:28,5
27/01/2022 03:28,4
27/01/2022 03:27,4
27/01/2022 03:27,5
27/01/2022 03:25,1
27/01/2022 03:21,1
27/01/2022 03:20,2
27/01/2022 03:17,1
27/01/2022 03:09,3
27/01/2022 03:08,1
27/01/2022 03:02,3
27/01/2022 03:02,1
27/01/2022 02:59,5
27/01/2022 02:53,5
27/01/2022 02:50,1
27/01/2022 02:46,5
27/01/2022 02:44,5
27/01/2022 02:44,3
27/01/2022 02:39,1
27/01/2022 02:32,3
27/01/2022 02:30,5
27/01/2022 02:28,4
27/01/2022 02:22,3
27/01/2022 02:10,1
27/01/2022 02:10,1
27/01/2022 02:07,5
27/01/2022 02:06,5
27/01/2022 02:00,1
27/01/2022 02:00,5
27/01/2022 01:59,1
27/01/2022 01:46,1
27/01/2022 01:43,1
27/01/2022 01:35,1
27/01/2022 01:31,1
27/01/2022 01:30,3
27/01/2022 01:20,5
27/01/2022 01:19,4
27/01/2022 01:18,1
27/01/2022 01:11,5
27/01/2022 01:08,5
27/01/2022 01:00,2
27/01/2022 00:59,1
27/01/2022 00:58,1
27/01/2022 00:51,1
27/01/2022 00:47,1
27/01/2022 00:42,1
27/01/2022 00:38,1
27/01/2022 00:32,1
27/01/2022 00:31,1
27/01/2022 00:30,4
27/01/2022 00:27,3
27/01/2022 00:25,1
27/01/2022 00:22,1
27/01/2022 00:21,1
27/01/2022 00:18,5
27/01/2022 00:15,1
27/01/2022 00:15,1
27/01/2022 00:13,2
27/01/2022 00:09,4
26/01/2022 23:57,5
26/01/2022 23:57,5
26/01/2022 23:54,1
26/01/2022 23:54,4
26/01/2022 23:51,5
26/01/2022 23:48,1
26/01/2022 23:46,1
26/01/2022 23:37,5
26/01/2022 23:31,3
26/01/2022 23:27,1
26/01/2022 23:27,1
26/01/2022 23:27,5
26/01/2022 23:26,2
26/01/2022 23:20,1
26/01/2022 23:18,2
26/01/2022 23:17,5
26/01/2022 23:15,1
26/01/2022 23:15,4
26/01/2022 23:15,1
26/01/2022 23:12,4
26/01/2022 23:07,5
26/01/2022 23:06,1
26/01/2022 23:05,2
26/01/2022 23:01,5
26/01/2022 22:59,5
26/01/2022 22:59,2
26/01/2022 22:58,1
26/01/2022 22:55,1
26/01/2022 22:50,1
26/01/2022 22:48,5
26/01/2022 22:47,4
26/01/2022 22:47,1
26/01/2022 22:47,3
26/01/2022 22:40,5
26/01/2022 22:37,5
26/01/2022 22:33,1
26/01/2022 22:29,5
26/01/2022 22:29,4
26/01/2022 22:22,4
26/01/2022 22:20,5
26/01/2022 22:10,3
26/01/2022 22:04,5
26/01/2022 22:01,1
26/01/2022 21:55,5
26/01/2022 21:55,2
26/01/2022 21:43,4
26/01/2022 21:43,3
26/01/2022 21:34,1
26/01/2022 21:23,4
26/01/2022 21:10,3
26/01/2022 21:05,1
26/01/2022 21:03,1
26/01/2022 20:59,2
26/01/2022 20:49,1
26/01/2022 20:35,4
26/01/2022 20:28,2
26/01/2022 20:28,5
26/01/2022 20:24,5
26/01/2022 20:17,5
26/01/2022 20:12,4
26/01/2022 20:09,3
26/01/2022 19:47,5
26/01/2022 19:40,1
26/01/2022 19:38,5
26/01/2022 19:36,2
26/01/2022 19:31,2
26/01/2022 19:15,5
26/01/2022 19:13,1
26/01/2022 19:09,1
26/01/2022 19:08,4
26/01/2022 19:07,4
26/01/2022 18:54,3
26/01/2022 18:43,5
26/01/2022 18:37,5
26/01/2022 18:36,5
26/01/2022 18:34,5
26/01/2022 18:30,5
26/01/2022 18:28,2
26/01/2022 18:25,4
26/01/2022 18:21,3
26/01/2022 18:21,1
26/01/2022 18:19,2
26/01/2022 18:18,1
26/01/2022 18:17,5
26/01/2022 18:16,3
26/01/2022 18:15,3
26/01/2022 18:04,5
26/01/2022 17:57,1
26/01/2022 17:48,1
26/01/2022 17:45,4
26/01/2022 17:43,4
26/01/2022 17:43,3
26/01/2022 17:35,3
26/01/2022 17:31,1
26/01/2022 17:28,5
26/01/2022 17:26,1
26/01/2022 17:20,4
26/01/2022 17:19,2
26/01/2022 17:18,2
26/01/2022 17:14,3
26/01/2022 17:13,3
26/01/2022 17:10,3
26/01/2022 17:05,4
26/01/2022 17:04,5
26/01/2022 16:55,5
26/01/2022 16:50,3
26/01/2022 16:48,4
26/01/2022 16:35,2
26/01/2022 16:31,1
26/01/2022 16:25,5
26/01/2022 16:22,5
26/01/2022 16:21,4
26/01/2022 16:18,5
26/01/2022 15:48,5
26/01/2022 15:33,5
26/01/2022 15:23,1
26/01/2022 15:17,5
26/01/2022 15:11,5
26/01/2022 15:05,5
26/01/2022 15:01,3
26/01/2022 14:58,4
26/01/2022 14:53,1
26/01/2022 14:49,3
26/01/2022 14:36,4
26/01/2022 14:36,1
26/01/2022 14:34,4
26/01/2022 14:29,5
26/01/2022 14:28,3
26/01/2022 14:28,5
26/01/2022 14:25,1
26/01/2022 14:22,5
26/01/2022 14:15,1
26/01/2022 14:11,1
26/01/2022 14:02,5
26/01/2022 14:01,5
26/01/2022 14:01,1
26/01/2022 14:00,1
26/01/2022 13:54,1
26/01/2022 13:54,5
26/01/2022 13:35,5
26/01/2022 13:33,5
26/01/2022 13:29,4
26/01/2022 13:28,1
26/01/2022 13:27,5
26/01/2022 13:27,3
26/01/2022 13:24,3
26/01/2022 13:12,4
26/01/2022 13:09,5
26/01/2022 13:07,1
26/01/2022 13:05,5
26/01/2022 13:04,3
26/01/2022 12:59,5
26/01/2022 12:58,5
26/01/2022 12:58,5
26/01/2022 12:56,5
26/01/2022 12:48,1
26/01/2022 12:43,1
26/01/2022 12:41,2
26/01/2022 12:37,5
26/01/2022 12:34,5
26/01/2022 12:32,5
26/01/2022 12:13,4
26/01/2022 11:58,4
26/01/2022 11:51,2
26/01/2022 11:48,5
26/01/2022 11:29,1
26/01/2022 11:15,4
26/01/2022 11:11,1
26/01/2022 11:04,5
26/01/2022 10:52,4
26/01/2022 10:32,5
26/01/2022 10:27,3
26/01/2022 10:14,1
26/01/2022 10:08,2
26/01/2022 10:04,5
26/01/2022 09:59,1
26/01/2022 09:51,5
26/01/2022 09:48,4
26/01/2022 09:43,2
26/01/2022 09:28,5
26/01/2022 09:08,5
26/01/2022 09:07,1
26/01/2022 09:04,3
26/01/2022 08:57,3
26/01/2022 08:52,4
26/01/2022 08:47,1
26/01/2022 08:40,3
26/01/2022 08:26,4
26/01/2022 08:25,2
26/01/2022 08:10,4
26/01/2022 08:05,5
26/01/2022 07:54,5
26/01/2022 07:51,4
26/01/2022 07:49,4
26/01/2022 07:49,2
26/01/2022 07:36,4
26/01/2022 07:29,3
26/01/2022 07:29,2
26/01/2022 07:28,1
26/01/2022 07:25,3
26/01/2022 07:19,5
26/01/2022 07:15,3
26/01/2022 06:58,2
26/01/2022 06:56,1
26/01/2022 06:52,3
26/01/2022 06:44,3
26/01/2022 06:40,1
26/01/2022 06:39,5
26/01/2022 06:33,3
26/01/2022 06:25,1
26/01/2022 06:14,4
26/01/2022 06:05,5
26/01/2022 06:03,1
26/01/2022 06:03,1
26/01/2022 05:59,3
26/01/2022 05:48,1
26/01/2022 05:43,2
26/01/2022 05:39,1
26/01/2022 05:37,5
26/01/2022 05:33,1
26/01/2022 05:30,1
26/01/2022 05:29,5
26/01/2022 05:24,1
26/01/2022 05:17,5
26/01/2022 05:11,2
26/01/2022 05:08,5
26/01/2022 05:02,1
26/01/2022 04:54,1
26/01/2022 04:46,1
26/01/2022 04:27,5
26/01/2022 04:26,2
26/01/2022 04:22,5
26/01/2022 04:18,5
26/01/2022 04:12,2
26/01/2022 04:12,1
26/01/2022 04:08,2
26/01/2022 04:04,3
26/01/2022 03:54,3
26/01/2022 03:42,3
26/01/2022 03:41,5
26/01/2022 03:40,5
26/01/2022 03:37,3
26/01/2022 03:35,5
26/01/2022 03:19,5
26/01/2022 03:13,5
26/01/2022 03:07,5
26/01/2022 03:05,1
26/01/2022 03:01,5
26/01/2022 02:51,3
26/01/2022 02:48,5
26/01/2022 02:42,4
26/01/2022 02:41,5
26/01/2022 02:32,1
26/01/2022 02:31,1
26/01/2022 02:29,2
26/01/2022 02:21,5
26/01/2022 02:10,5
26/01/2022 02:01,2
26/01/2022 01:45,1
26/01/2022 01:34,2
26/01/2022 01:28,4
26/01/2022 01:17,3
26/01/2022 01:10,1
26/01/2022 01:06,5
26/01/2022 01:04,5
26/01/2022 01:03,1
26/01/2022 01:02,5
26/01/2022 00:56,5
26/01/2022 00:39,1
26/01/2022 00:36,1
26/01/2022 00:31,5
26/01/2022 00:23,4
26/01/2022 00:21,5
26/01/2022 00:18,1
26/01/2022 00:18,2
26/01/2022 00:04,1
25/01/2022 23:57,4
25/01/2022 23:52,5
25/01/2022 23:50,5
25/01/2022 23:45,1
25/01/2022 23:37,5
25/01/2022 23:32,4
25/01/2022 23:26,1
25/01/2022 23:13,4
25/01/2022 23:01,1
25/01/2022 23:00,1
25/01/2022 22:49,5
25/01/2022 22:42,1
25/01/2022 22:36,1
25/01/2022 22:31,1
25/01/2022 22:24,5
25/01/2022 22:16,1
25/01/2022 22:05,1
25/01/2022 22:04,1
25/01/2022 21:55,1
25/01/2022 21:53,3
25/01/2022 21:47,1
25/01/2022 21:42,1
25/01/2022 21:37,5
25/01/2022 21:30,4
25/01/2022 21:29,4
25/01/2022 21:27,2
25/01/2022 21:23,1
25/01/2022 21:13,1
25/01/2022 21:11,5
25/01/2022 21:09,5
25/01/2022 21:08,1
25/01/2022 21:06,1
25/01/2022 21:04,3
25/01/2022 20:58,5
25/01/2022 20:57,3
25/01/2022 20:31,5
25/01/2022 20:27,1
25/01/2022 20:26,5
25/01/2022 20:23,1
25/01/2022 20:22,1
25/01/2022 20:15,1
25/01/2022 20:09,2
25/01/2022 19:57,2
25/01/2022 19:55,5
25/01/2022 19:53,3
25/01/2022 19:51,5
25/01/2022 19:49,5
25/01/2022 19:44,1
25/01/2022 19:37,1
25/01/2022 19:35,2
25/01/2022 19:26,3
25/01/2022 19:03,5
25/01/2022 19:00,1
25/01/2022 18:58,5
25/01/2022 18:48,3
25/01/2022 18:44,1
25/01/2022 18:29,4
25/01/2022 18:23,5
25/01/2022 18:12,2
25/01/2022 18:02,3
25/01/2022 17:51,3
25/01/2022 17:49,5
25/01/2022 17:49,5
25/01/2022 17:45,1
25/01/2022 17:43,5
25/01/2022 17:30,1
25/01/2022 17:26,1
25/01/2022 17:24,3
25/01/2022 17:20,3
25/01/2022 17:17,4
25/01/2022 17:15,5
25/01/2022 17:14,5
25/01/2022 17:09,4
25/01/2022 17:02,3
25/01/2022 16:49,3
25/01/2022 16:40,5
25/01/2022 16:35,5
25/01/2022 16:35,3
25/01/2022 16:25,5
25/01/2022 16:20,5
25/01/2022 16:16,5
25/01/2022 16:16,5
25/01/2022 16:12,1
25/01/2022 16:11,3
25/01/2022 16:06,4
25/01/2022 16:04,5
25/01/2022 16:03,5
25/01/2022 16:01,4
25/01/2022 16:00,2
25/01/2022 15:59,4
25/01/2022 15:45,5
25/01/2022 15:44,1
25/01/2022 15:44,2
25/01/2022 15:42,5
25/01/2022 15:42,3
25/01/2022 15:39,2
25/01/2022 15:38,5
25/01/2022 15:38,5
25/01/2022 15:38,1
25/01/2022 15:38,1
25/01/2022 15:32,5
25/01/2022 15:31,2
25/01/2022 15:31,3
25/01/2022 15:29,1
25/01/2022 15:28,5
25/01/2022 15:27,1
25/01/2022 15:21,2
25/01/2022 15:08,4
25/01/2022 15:08,1
25/01/2022 15:00,5
25/01/2022 14:53,3
25/01/2022 14:50,2
25/01/2022 14:44,1
25/01/2022 14:43,1
25/01/2022 14:41,5
25/01/2022 14:35,2
25/01/2022 14:31,1
25/01/2022 14:31,5
25/01/2022 14:30,1
25/01/2022 14:23,1
25/01/2022 14:19,2
25/01/2022 14:16,5
25/01/2022 14:16,2
25/01/2022 14:14,1
25/01/2022 14:10,4
25/01/2022 14:05,1
25/01/2022 14:05,3
25/01/2022 14:03,5
25/01/2022 14:03,5
25/01/2022 14:02,2
25/01/2022 13:57,5
25/01/2022 13:36,3
25/01/2022 13:34,5
25/01/2022 13:29,5
25/01/2022 13:28,1
25/01/2022 13:20,2
25/01/2022 13:20,1
25/01/2022 13:08,5
25/01/2022 13:04,1
25/01/2022 13:02,2
25/01/2022 12:58,3
25/01/2022 12:52,5
25/01/2022 12:52,1
25/01/2022 12:47,4
25/01/2022 12:47,5
25/01/2022 12:45,5
25/01/2022 12:45,1
25/01/2022 12:41,5
25/01/2022 12:40,5
25/01/2022 12:27,2
25/01/2022 12:25,3
25/01/2022 12:15,3
25/01/2022 12:13,1
25/01/2022 12:10,4
25/01/2022 12:05,5
25/01/2022 12:04,5
25/01/2022 12:04,4
25/01/2022 12:01,3
25/01/2022 11:53,5
25/01/2022 11:41,5
25/01/2022 11:32,5
25/01/2022 11:24,4
25/01/2022 11:23,5
25/01/2022 11:18,4
25/01/2022 11:08,3
25/01/2022 11:08,5
25/01/2022 11:03,2
25/01/2022 10:57,5
25/01/2022 10:46,4
25/01/2022 10:34,1
25/01/2022 10:25,4
25/01/2022 10:14,5
25/01/2022 10:12,5
25/01/2022 10:06,5
25/01/2022 09:47,1
25/01/2022 09:32,5
25/01/2022 09:28,1
25/01/2022 09:17,1
25/01/2022 09:06,1
25/01/2022 09:00,5
25/01/2022 08:40,1
25/01/2022 08:39,4
25/01/2022 08:37,1
25/01/2022 08:33,2
25/01/2022 08:28,1
25/01/2022 08:27,5
25/01/2022 08:27,5
25/01/2022 08:16,1
25/01/2022 08:16,4
25/01/2022 08:09,5
25/01/2022 08:06,2
25/01/2022 07:53,5
25/01/2022 07:50,5
25/01/2022 07:45,5
25/01/2022 07:41,5
25/01/2022 07:39,1
25/01/2022 07:31,5
25/01/2022 07:30,1
25/01/2022 07:30,4
25/01/2022 07:27,1
25/01/2022 07:25,1
25/01/2022 06:53,5
25/01/2022 06:47,4
25/01/2022 06:40,1
25/01/2022 06:38,1
25/01/2022 06:36,5
25/01/2022 06:30,1
25/01/2022 06:29,1
25/01/2022 06:15,5
25/01/2022 06:15,1
25/01/2022 06:12,5
25/01/2022 06:04,1
25/01/2022 06:01,5
25/01/2022 05:58,5
25/01/2022 05:57,5
25/01/2022 05:55,3
25/01/2022 05:47,5
25/01/2022 05:28,5
25/01/2022 05:27,1
25/01/2022 05:26,3
25/01/2022 05:20,5
25/01/2022 05:20,5
25/01/2022 05:12,1
25/01/2022 05:12,4
25/01/2022 05:09,4
25/01/2022 05:09,3
25/01/2022 05:02,1
25/01/2022 05:01,5
25/01/2022 04:51,4
25/01/2022 04:50,5
25/01/2022 04:49,5
25/01/2022 04:48,3
25/01/2022 04:40,3
25/01/2022 04:33,5
25/01/2022 04:33,1
25/01/2022 04:22,2
25/01/2022 03:57,1
25/01/2022 03:52,1
25/01/2022 03:49,5
25/01/2022 03:37,5
25/01/2022 03:31,5
25/01/2022 03:30,1
25/01/2022 03:26,1
25/01/2022 03:24,4
25/01/2022 03:18,3
25/01/2022 03:07,5
25/01/2022 02:44,5
25/01/2022 02:43,1
25/01/2022 02:40,5
25/01/2022 02:40,5
25/01/2022 02:38,5
25/01/2022 02:37,2
25/01/2022 02:36,3
25/01/2022 02:36,1
25/01/2022 02:24,4
25/01/2022 02:16,5
25/01/2022 02:11,1
25/01/2022 02:05,1
25/01/2022 01:55,5
25/01/2022 01:51,1
25/01/2022 01:49,4
25/01/2022 01:48,5
25/01/2022 01:43,5
25/01/2022 01:42,5
25/01/2022 01:41,5
25/01/2022 01:23,5
25/01/2022 01:23,3
25/01/2022 01:18,4
25/01/2022 01:10,5
25/01/2022 01:05,4
25/01/2022 01:03,4
25/01/2022 01:00,5
25/01/2022 00:53,5
25/01/2022 00:44,1
25/01/2022 00:34,1
25/01/2022 00:25,4
25/01/2022 00:21,1
25/01/2022 00:11,4
25/01/2022 00:08,5
25/01/2022 00:07,4
25/01/2022 00:06,1
24/01/2022 23:59,5
24/01/2022 23:59,3
24/01/2022 23:48,1
24/01/2022 23:45,1
24/01/2022 23:42,4
24/01/2022 23:28,1
24/01/2022 23:24,5
24/01/2022 23:05,1
24/01/2022 22:42,3
24/01/2022 22:29,5
24/01/2022 22:17,2
24/01/2022 22:17,1
24/01/2022 22:17,2
24/01/2022 22:13,3
24/01/2022 22:09,1
24/01/2022 22:08,2
24/01/2022 22:07,1
24/01/2022 22:06,4
24/01/2022 21:50,4
24/01/2022 21:29,3
24/01/2022 21:26,1
24/01/2022 21:24,5
24/01/2022 21:16,1
24/01/2022 21:16,5
24/01/2022 21:07,1
24/01/2022 21:06,4
24/01/2022 21:03,5
24/01/2022 20:58,3
24/01/2022 20:57,5
24/01/2022 20:56,4
24/01/2022 20:47,4
24/01/2022 20:41,1
24/01/2022 20:38,1
24/01/2022 20:36,5
24/01/2022 20:35,5
24/01/2022 20:34,5
24/01/2022 20:32,5
24/01/2022 20:22,5
24/01/2022 20:18,2
24/01/2022 20:07,1
24/01/2022 20:03,4
24/01/2022 20:00,4
24/01/2022 19:59,5
24/01/2022 19:58,5
24/01/2022 19:50,5
24/01/2022 19:48,1
24/01/2022 19:43,5
24/01/2022 19:40,2
24/01/2022 19:38,5
24/01/2022 19:36,5
24/01/2022 19:28,4
24/01/2022 19:23,1
24/01/2022 19:07,4
24/01/2022 19:02,5
24/01/2022 18:59,5
24/01/2022 18:54,2
24/01/2022 18:45,5
24/01/2022 18:33,5
24/01/2022 18:32,1
24/01/2022 18:23,5
24/01/2022 18:19,5
24/01/2022 18:17,5
24/01/2022 18:15,5
24/01/2022 18:10,5
24/01/2022 18:09,5
24/01/2022 18:07,5
24/01/2022 18:03,5
24/01/2022 17:58,4
24/01/2022 17:49,5
24/01/2022 17:47,1
24/01/2022 17:46,5
24/01/2022 17:34,5
24/01/2022 17:31,5
24/01/2022 17:25,5
24/01/2022 17:25,4
24/01/2022 17:08,4
24/01/2022 17:04,5
24/01/2022 17:00,1
24/01/2022 16:53,5
24/01/2022 16:52,2
24/01/2022 16:51,1
24/01/2022 16:50,4
24/01/2022 16:44,2
24/01/2022 16:38,2
24/01/2022 16:37,4
24/01/2022 16:36,1
24/01/2022 16:33,1
24/01/2022 16:32,1
24/01/2022 16:27,4
24/01/2022 16:25,5
24/01/2022 16:15,5
24/01/2022 16:14,5
24/01/2022 16:02,5
24/01/2022 16:00,5
24/01/2022 15:57,2
24/01/2022 15:54,3
24/01/2022 15:53,5
24/01/2022 15:51,5
24/01/2022 15:45,5
24/01/2022 15:40,1
24/01/2022 15:38,5
24/01/2022 15:26,5
24/01/2022 15:25,5
24/01/2022 15:22,1
24/01/2022 15:22,5
24/01/2022 15:15,1
24/01/2022 15:15,5
24/01/2022 15:08,4
24/01/2022 15:03,1
24/01/2022 15:01,5
24/01/2022 14:58,2
24/01/2022 14:56,1
24/01/2022 14:51,5
24/01/2022 14:29,1
24/01/2022 14:24,5
24/01/2022 14:19,2
24/01/2022 14:14,5
24/01/2022 14:14,5
24/01/2022 14:08,1
24/01/2022 14:05,2
24/01/2022 14:03,4
24/01/2022 14:03,4
24/01/2022 13:57,1
24/01/2022 13:45,3
24/01/2022 13:19,1
24/01/2022 13:05,4
24/01/2022 13:05,2
24/01/2022 12:59,1
24/01/2022 12:55,5
24/01/2022 12:44,3
24/01/2022 12:43,2
24/01/2022 12:35,5
24/01/2022 12:14,3
24/01/2022 12:13,1
24/01/2022 12:06,5
24/01/2022 11:59,5
24/01/2022 11:48,5
24/01/2022 11:40,2
24/01/2022 11:24,5
24/01/2022 11:11,5
24/01/2022 11:10,5
24/01/2022 11:00,5
24/01/2022 10:44,1
24/01/2022 10:37,2
24/01/2022 10:37,4
24/01/2022 09:40,5
24/01/2022 09:34,1
24/01/2022 09:26,3
24/01/2022 09:21,1
24/01/2022 09:04,1
24/01/2022 08:53,5
24/01/2022 08:51,3
24/01/2022 08:51,3
24/01/2022 08:44,5
24/01/2022 08:32,4
24/01/2022 08:12,5
24/01/2022 08:08,3
24/01/2022 08:06,3
24/01/2022 07:54,5
24/01/2022 07:51,5
24/01/2022 07:50,3
24/01/2022 07:48,1
24/01/2022 07:46,4
24/01/2022 07:40,3
24/01/2022 07:35,5
24/01/2022 07:31,1
24/01/2022 07:28,4
24/01/2022 07:16,1
24/01/2022 07:03,1
24/01/2022 06:58,5
24/01/2022 06:52,4
24/01/2022 06:47,3
24/01/2022 06:42,4
24/01/2022 06:26,1
24/01/2022 06:11,4
24/01/2022 06:08,5
24/01/2022 06:07,5
24/01/2022 06:03,5
24/01/2022 06:03,3
24/01/2022 05:59,1
24/01/2022 05:53,5
24/01/2022 05:46,1
24/01/2022 05:42,2
24/01/2022 05:41,2
24/01/2022 05:35,5
24/01/2022 05:32,5
24/01/2022 05:30,4
24/01/2022 05:22,5
24/01/2022 05:19,2
24/01/2022 05:09,5
24/01/2022 05:06,1
24/01/2022 04:59,2
24/01/2022 04:55,5
24/01/2022 04:55,5
24/01/2022 04:47,5
24/01/2022 04:46,1
24/01/2022 04:37,5
24/01/2022 04:32,1
24/01/2022 04:27,5
24/01/2022 04:26,5
24/01/2022 04:19,1
24/01/2022 04:18,5
24/01/2022 04:09,5
24/01/2022 04:08,4
24/01/2022 04:06,1
24/01/2022 04:06,3
24/01/2022 04:04,1
24/01/2022 03:50,5
24/01/2022 03:41,5
24/01/2022 03:40,5
24/01/2022 03:18,3
24/01/2022 03:14,5
24/01/2022 03:06,1
24/01/2022 02:56,5
24/01/2022 02:56,5
24/01/2022 02:44,1
24/01/2022 02:41,1
24/01/2022 02:39,1
24/01/2022 02:20,1
24/01/2022 02:16,1
24/01/2022 02:14,5
24/01/2022 02:10,4
24/01/2022 02:02,1
24/01/2022 01:52,4
24/01/2022 01:51,4
24/01/2022 01:44,5
24/01/2022 01:36,2
24/01/2022 01:35,5
24/01/2022 01:33,5
24/01/2022 01:11,1
24/01/2022 00:58,3
24/01/2022 00:55,5
24/01/2022 00:43,2
24/01/2022 00:43,1
24/01/2022 00:33,1
24/01/2022 00:33,1
24/01/2022 00:11,1
24/01/2022 00:07,5
24/01/2022 00:04,1
24/01/2022 00:04,5
23/01/2022 23:47,1
23/01/2022 23:46,1
23/01/2022 23:37,2
23/01/2022 23:34,5
23/01/2022 23:33,4
23/01/2022 23:31,2
23/01/2022 23:28,5
23/01/2022 23:12,2
23/01/2022 23:11,2
23/01/2022 23:11,4
23/01/2022 23:10,4
23/01/2022 23:07,1
23/01/2022 23:03,5
23/01/2022 23:00,5
23/01/2022 22:56,5
23/01/2022 22:52,5
23/01/2022 22:44,1
23/01/2022 22:26,5
23/01/2022 22:07,3
23/01/2022 22:07,3
23/01/2022 21:48,5
23/01/2022 21:35,5
23/01/2022 21:25,5
23/01/2022 21:04,1
23/01/2022 21:00,1
23/01/2022 20:57,5
23/01/2022 20:54,4
23/01/2022 20:50,1
23/01/2022 20:41,1
23/01/2022 20:37,1
23/01/2022 20:34,3
23/01/2022 20:28,1
23/01/2022 20:26,5
23/01/2022 20:24,1
23/01/2022 20:10,5
23/01/2022 20:02,5
23/01/2022 20:02,5
23/01/2022 19:58,1
23/01/2022 19:55,4
23/01/2022 19:44,3
23/01/2022 19:43,4
23/01/2022 19:42,5
23/01/2022 19:39,4
23/01/2022 19:31,5
23/01/2022 19:26,2
23/01/2022 19:25,5
23/01/2022 19:23,5
23/01/2022 19:15,1
23/01/2022 19:11,4
23/01/2022 19:05,2
23/01/2022 18:49,1
23/01/2022 18:34,1
23/01/2022 18:30,3
23/01/2022 18:26,5
23/01/2022 18:24,1
23/01/2022 18:23,2
23/01/2022 18:15,1
23/01/2022 18:14,5
23/01/2022 18:14,5
23/01/2022 18:09,5
23/01/2022 18:08,2
23/01/2022 18:02,3
23/01/2022 18:00,5
23/01/2022 18:00,5
23/01/2022 18:00,1
23/01/2022 17:51,3
23/01/2022 17:45,5
23/01/2022 17:44,4
23/01/2022 17:37,5
23/01/2022 17:26,5
23/01/2022 17:25,5
23/01/2022 17:22,1
23/01/2022 17:19,5
23/01/2022 17:17,5
23/01/2022 17:07,5
23/01/2022 17:00,4
23/01/2022 16:58,5
23/01/2022 16:56,1
23/01/2022 16:50,4
23/01/2022 16:39,5
23/01/2022 16:39,4
23/01/2022 16:38,5
23/01/2022 16:34,1
23/01/2022 16:34,1
23/01/2022 16:31,1
23/01/2022 16:30,1
23/01/2022 16:29,3
23/01/2022 16:26,1
23/01/2022 16:20,4
23/01/2022 16:19,5
23/01/2022 16:18,5
23/01/2022 16:18,1
23/01/2022 16:17,2
23/01/2022 16:13,5
23/01/2022 16:11,2
23/01/2022 16:04,5
23/01/2022 16:03,5
23/01/2022 15:56,5
23/01/2022 15:45,5
23/01/2022 15:41,3
23/01/2022 15:31,4
23/01/2022 15:27,3
23/01/2022 15:19,5
23/01/2022 15:14,5
23/01/2022 15:13,1
23/01/2022 15:06,5
23/01/2022 14:55,5
23/01/2022 14:54,3
23/01/2022 14:51,1
23/01/2022 14:49,1
23/01/2022 14:41,2
23/01/2022 14:40,5
23/01/2022 14:39,5
23/01/2022 14:37,5
23/01/2022 14:23,5
23/01/2022 14:14,3
23/01/2022 14:13,4
23/01/2022 14:06,5
23/01/2022 13:55,1
23/01/2022 13:51,5
23/01/2022 13:39,2
23/01/2022 13:25,4
23/01/2022 13:16,5
23/01/2022 13:11,3
23/01/2022 13:10,3
23/01/2022 12:55,5
23/01/2022 12:52,3
23/01/2022 12:40,2
23/01/2022 12:37,5
23/01/2022 12:31,5
23/01/2022 12:21,1
23/01/2022 12:17,1
23/01/2022 12:15,2
23/01/2022 12:12,1
23/01/2022 12:11,4
23/01/2022 12:02,1
23/01/2022 12:00,1
23/01/2022 11:50,1
23/01/2022 11:46,5
23/01/2022 11:38,4
23/01/2022 11:26,1
23/01/2022 11:13,1
23/01/2022 11:06,5
23/01/2022 11:05,1
23/01/2022 11:02,5
23/01/2022 10:54,4
23/01/2022 10:45,4
23/01/2022 10:39,4
23/01/2022 10:30,3
23/01/2022 10:16,5
23/01/2022 10:11,5
23/01/2022 10:08,5
23/01/2022 10:06,3
23/01/2022 10:00,5
23/01/2022 09:58,2
23/01/2022 09:55,1
23/01/2022 09:54,1
23/01/2022 09:50,5
23/01/2022 09:47,5
23/01/2022 09:18,4
23/01/2022 09:15,1
23/01/2022 09:09,3
23/01/2022 09:00,4
23/01/2022 08:54,1
23/01/2022 08:49,5
23/01/2022 08:38,4
23/01/2022 08:37,2
23/01/2022 08:29,1
23/01/2022 08:23,2
23/01/2022 08:22,2
23/01/2022 08:19,1
23/01/2022 08:08,4
23/01/2022 08:05,5
23/01/2022 08:02,4
23/01/2022 07:52,1
23/01/2022 07:43,5
23/01/2022 07:41,1
23/01/2022 07:40,5
23/01/2022 07:36,4
23/01/2022 07:32,2
23/01/2022 07:21,4
23/01/2022 07:01,3
23/01/2022 06:48,5
23/01/2022 06:44,4
23/01/2022 06:40,5
23/01/2022 06:36,2
23/01/2022 06:14,5
23/01/2022 05:54,3
23/01/2022 05:50,5
23/01/2022 05:42,2
23/01/2022 05:30,1
23/01/2022 05:29,1
23/01/2022 05:22,1
23/01/2022 05:09,2
23/01/2022 04:49,4
23/01/2022 04:41,2
23/01/2022 04:39,1
23/01/2022 04:23,5
23/01/2022 04:13,5
23/01/2022 03:58,4
23/01/2022 03:56,1
23/01/2022 03:55,5
23/01/2022 03:50,5
23/01/2022 03:45,5
23/01/2022 03:45,2
23/01/2022 03:44,1
23/01/2022 03:40,3
23/01/2022 03:18,3
23/01/2022 03:17,5
23/01/2022 03:14,4
23/01/2022 03:05,5
23/01/2022 03:04,1
23/01/2022 03:03,5
23/01/2022 03:01,4
23/01/2022 02:52,3
23/01/2022 02:43,5
23/01/2022 02:40,1
23/01/2022 02:34,5
23/01/2022 02:32,5
23/01/2022 02:30,4
23/01/2022 02:04,1
23/01/2022 01:48,5
23/01/2022 01:45,3
23/01/2022 01:43,1
23/01/2022 01:37,1
23/01/2022 01:36,1
23/01/2022 01:20,2
23/01/2022 01:19,1
23/01/2022 01:18,1
23/01/2022 01:15,3
23/01/2022 00:52,1
23/01/2022 00:51,4
23/01/2022 00:49,2
23/01/2022 00:44,1
23/01/2022 00:41,2
23/01/2022 00:33,5
23/01/2022 00:28,2
23/01/2022 00:16,5
23/01/2022 00:16,3
23/01/2022 00:09,5
22/01/2022 23:51,2
22/01/2022 23:38,5
22/01/2022 23:37,1
22/01/2022 22:54,1
22/01/2022 22:51,1
22/01/2022 22:51,1
22/01/2022 22:43,5
22/01/2022 22:39,5
22/01/2022 22:37,5
22/01/2022 22:33,5
22/01/2022 22:33,5
22/01/2022 22:30,4
22/01/2022 22:23,5
22/01/2022 22:15,3
22/01/2022 22:02,1
22/01/2022 22:01,5
22/01/2022 22:00,3
22/01/2022 21:58,5
22/01/2022 21:54,3
22/01/2022 21:50,1
22/01/2022 21:46,5
22/01/2022 21:39,5
22/01/2022 21:33,5
22/01/2022 21:29,2
22/01/2022 21:28,3
22/01/2022 21:27,5
22/01/2022 21:24,4
22/01/2022 21:22,5
22/01/2022 21:15,5
22/01/2022 21:13,5
22/01/2022 21:12,2
22/01/2022 21:06,5
22/01/2022 21:05,4
22/01/2022 20:45,3
22/01/2022 20:44,1
22/01/2022 20:37,5
22/01/2022 20:28,5
22/01/2022 20:20,3
22/01/2022 20:14,5
22/01/2022 20:10,5
22/01/2022 19:58,4
22/01/2022 19:56,1
22/01/2022 19:42,3
22/01/2022 19:38,1
22/01/2022 19:37,1
22/01/2022 19:37,1
22/01/2022 19:36,5
22/01/2022 19:33,2
22/01/2022 19:32,1
22/01/2022 19:23,4
22/01/2022 19:21,1
22/01/2022 19:14,1
22/01/2022 19:10,1
22/01/2022 19:08,1
22/01/2022 19:07,5
22/01/2022 19:06,1
22/01/2022 19:00,5
22/01/2022 18:59,5
22/01/2022 18:58,1
22/01/2022 18:47,5
22/01/2022 18:44,5
22/01/2022 18:39,2
22/01/2022 18:38,3
22/01/2022 18:34,3
22/01/2022 18:25,2
22/01/2022 18:24,5
22/01/2022 18:24,5
22/01/2022 18:21,3
22/01/2022 18:20,5
22/01/2022 18:17,5
22/01/2022 18:17,5
22/01/2022 18:14,5
22/01/2022 18:10,5
22/01/2022 18:04,5
22/01/2022 17:56,3
22/01/2022 17:49,1
22/01/2022 17:48,2
22/01/2022 17:47,1
22/01/2022 17:45,5
22/01/2022 17:43,1
22/01/2022 17:35,5
22/01/2022 17:33,4
22/01/2022 17:30,5
22/01/2022 17:25,5
22/01/2022 17:14,5
22/01/2022 17:13,2
22/01/2022 17:08,5
22/01/2022 17:07,3
22/01/2022 17:06,1
22/01/2022 16:59,5
22/01/2022 16:49,4
22/01/2022 16:43,3
22/01/2022 16:40,5
22/01/2022 16:30,4
22/01/2022 16:30,5
22/01/2022 16:29,5
22/01/2022 16:23,1
22/01/2022 16:23,1
22/01/2022 16:19,1
22/01/2022 16:10,3
22/01/2022 16:00,3
22/01/2022 16:00,5
22/01/2022 15:55,1
22/01/2022 15:54,5
22/01/2022 15:37,1
22/01/2022 15:30,1
22/01/2022 15:23,5
22/01/2022 15:16,5
22/01/2022 15:08,2
22/01/2022 15:05,4
22/01/2022 15:03,5
22/01/2022 15:01,5
22/01/2022 14:58,5
22/01/2022 14:57,1
22/01/2022 14:56,3
22/01/2022 14:43,1
22/01/2022 14:29,5
22/01/2022 14:27,2
22/01/2022 14:27,5
22/01/2022 14:26,5
22/01/2022 14:14,5
22/01/2022 14:11,3
22/01/2022 14:10,5
22/01/2022 14:06,2
22/01/2022 13:57,2
22/01/2022 13:56,1
22/01/2022 13:51,1
22/01/2022 13:42,1
22/01/2022 13:34,5
22/01/2022 13:30,5
22/01/2022 13:30,5
22/01/2022 13:30,5
22/01/2022 13:29,5
22/01/2022 13:25,1
22/01/2022 13:24,3
22/01/2022 13:18,5
22/01/2022 13:16,5
22/01/2022 13:15,1
22/01/2022 13:13,4
22/01/2022 13:09,4
22/01/2022 13:04,5
22/01/2022 13:01,5
22/01/2022 12:58,3
22/01/2022 12:55,4
22/01/2022 12:49,3
22/01/2022 12:44,4
22/01/2022 12:43,3
22/01/2022 12:42,1
22/01/2022 12:40,1
22/01/2022 12:35,5
22/01/2022 12:31,1
22/01/2022 12:22,3
22/01/2022 12:21,5
22/01/2022 12:19,5
22/01/2022 12:12,1
22/01/2022 12:06,3
22/01/2022 12:03,1
22/01/2022 12:03,1
22/01/2022 11:59,1
22/01/2022 11:55,3
22/01/2022 11:49,1
22/01/2022 11:45,5
22/01/2022 11:37,1
22/01/2022 11:30,1
22/01/2022 11:24,5
22/01/2022 11:23,5
22/01/2022 11:17,1
22/01/2022 11:14,1
22/01/2022 11:06,5
22/01/2022 10:50,5
22/01/2022 10:22,4
22/01/2022 10:02,5
22/01/2022 09:58,1
22/01/2022 09:55,3
22/01/2022 09:47,5
22/01/2022 09:27,3
22/01/2022 08:57,5
22/01/2022 08:53,5
22/01/2022 08:42,4
22/01/2022 08:21,5
22/01/2022 08:18,1
22/01/2022 08:17,3
22/01/2022 08:09,5
22/01/2022 08:07,5
22/01/2022 08:06,5
22/01/2022 07:53,4
22/01/2022 07:48,2
22/01/2022 07:47,5
22/01/2022 07:38,2
22/01/2022 07:35,3
22/01/2022 07:35,1
22/01/2022 07:28,4
22/01/2022 07:12,1
22/01/2022 07:08,2
22/01/2022 07:01,5
22/01/2022 06:52,2
22/01/2022 06:52,2
22/01/2022 06:28,5
22/01/2022 06:22,1
22/01/2022 06:10,3
22/01/2022 06:04,5
22/01/2022 06:03,5
22/01/2022 06:02,4
22/01/2022 06:00,2
22/01/2022 05:57,5
22/01/2022 05:49,5
22/01/2022 05:39,2
22/01/2022 05:37,1
22/01/2022 05:33,2
22/01/2022 05:22,3
22/01/2022 05:16,1
22/01/2022 05:16,1
22/01/2022 05:13,2
22/01/2022 05:11,1
22/01/2022 04:53,2
22/01/2022 04:45,5
22/01/2022 04:29,2
22/01/2022 04:27,1
22/01/2022 04:23,5
22/01/2022 04:17,1
22/01/2022 04:17,5
22/01/2022 04:05,1
22/01/2022 04:03,5
22/01/2022 03:56,5
22/01/2022 03:53,1
22/01/2022 03:51,4
22/01/2022 03:51,5
22/01/2022 03:40,3
22/01/2022 03:38,1
22/01/2022 03:30,4
22/01/2022 03:27,3
22/01/2022 03:23,5
22/01/2022 03:17,3
22/01/2022 03:10,1
22/01/2022 03:09,2
22/01/2022 02:59,5
22/01/2022 02:54,5
22/01/2022 02:54,3
22/01/2022 02:51,1
22/01/2022 02:49,4
22/01/2022 02:42,5
22/01/2022 02:37,1
22/01/2022 02:32,5
22/01/2022 02:30,1
22/01/2022 02:26,4
22/01/2022 02:24,4
22/01/2022 02:12,5
22/01/2022 02:10,3
22/01/2022 02:06,5
22/01/2022 02:01,5
22/01/2022 01:56,2
22/01/2022 01:53,1
22/01/2022 01:48,2
22/01/2022 01:37,1
22/01/2022 01:34,5
22/01/2022 01:31,5
22/01/2022 01:30,5
22/01/2022 01:26,1
22/01/2022 01:20,1
22/01/2022 01:17,5
22/01/2022 01:16,5
22/01/2022 01:15,1
22/01/2022 00:30,3
22/01/2022 00:26,5
22/01/2022 00:23,5
22/01/2022 00:17,1
21/01/2022 23:56,4
21/01/2022 23:48,2
21/01/2022 23:43,4
21/01/2022 23:41,5
21/01/2022 23:40,1
21/01/2022 23:31,5
21/01/2022 23:30,4
21/01/2022 23:28,1
21/01/2022 23:25,5
21/01/2022 23:18,5
21/01/2022 23:15,3
21/01/2022 23:08,5
21/01/2022 23:06,5
21/01/2022 23:03,3
21/01/2022 22:59,1
21/01/2022 22:45,5
21/01/2022 22:40,4
21/01/2022 22:37,5
21/01/2022 22:31,5
21/01/2022 22:29,1
21/01/2022 22:22,4
21/01/2022 22:16,1
21/01/2022 22:06,5
21/01/2022 21:59,5
21/01/2022 21:54,1
21/01/2022 21:45,1
21/01/2022 21:41,5
21/01/2022 21:41,1
21/01/2022 21:39,5
21/01/2022 21:22,4
21/01/2022 21:20,1
21/01/2022 21:13,1
21/01/2022 21:10,5
21/01/2022 21:09,4
21/01/2022 20:53,5
21/01/2022 20:51,5
21/01/2022 20:47,5
21/01/2022 20:36,3
21/01/2022 20:36,3
21/01/2022 20:28,4
21/01/2022 20:24,5
21/01/2022 20:19,5
21/01/2022 20:18,1
21/01/2022 20:13,5
21/01/2022 20:12,1
21/01/2022 20:10,3
21/01/2022 19:53,5
21/01/2022 19:53,1
21/01/2022 19:49,1
21/01/2022 19:49,5
21/01/2022 19:48,1
21/01/2022 19:38,4
21/01/2022 19:30,3
21/01/2022 19:27,5
21/01/2022 19:23,5
21/01/2022 19:16,5
21/01/2022 19:09,5
21/01/2022 19:03,5
21/01/2022 19:00,4
21/01/2022 18:50,3
21/01/2022 18:50,5
21/01/2022 18:45,2
21/01/2022 18:43,5
21/01/2022 18:42,1
21/01/2022 18:37,5
21/01/2022 18:34,2
21/01/2022 18:30,3
21/01/2022 18:28,5
21/01/2022 18:26,2
21/01/2022 18:21,1
21/01/2022 18:17,5
21/01/2022 18:11,2
21/01/2022 18:10,1
21/01/2022 18:03,5
21/01/2022 18:02,3
21/01/2022 18:01,1
21/01/2022 17:50,2
21/01/2022 17:49,5
21/01/2022 17:35,2
21/01/2022 17:35,5
21/01/2022 17:33,3
21/01/2022 17:28,1
21/01/2022 17:25,5
21/01/2022 17:24,3
21/01/2022 17:22,5
21/01/2022 17:14,3
21/01/2022 17:13,5
21/01/2022 17:10,4
21/01/2022 17:08,3
21/01/2022 17:06,5
21/01/2022 17:04,5
21/01/2022 16:54,4
21/01/2022 16:47,5
21/01/2022 16:44,4
21/01/2022 16:44,5
21/01/2022 16:37,2
21/01/2022 16:35,3
21/01/2022 16:21,2
21/01/2022 16:20,3
21/01/2022 16:18,3
21/01/2022 16:15,3
21/01/2022 16:09,1
21/01/2022 16:07,5
21/01/2022 16:05,5
21/01/2022 16:05,5
21/01/2022 16:01,5
21/01/2022 15:51,5
21/01/2022 15:49,5
21/01/2022 15:45,5
21/01/2022 15:34,5
21/01/2022 15:32,2
21/01/2022 15:32,4
21/01/2022 15:28,1
21/01/2022 15:22,3
21/01/2022 15:09,5
21/01/2022 15:04,1
21/01/2022 15:02,2
21/01/2022 14:59,1
21/01/2022 14:57,1
21/01/2022 14:52,5
21/01/2022 14:37,1
21/01/2022 14:28,4
21/01/2022 14:25,3
21/01/2022 14:24,4
21/01/2022 14:22,2
21/01/2022 14:18,3
21/01/2022 14:16,1
21/01/2022 14:15,3
21/01/2022 14:10,5
21/01/2022 14:03,1
21/01/2022 13:59,1
21/01/2022 13:58,2
21/01/2022 13:56,4
21/01/2022 13:45,5
21/01/2022 13:40,5
21/01/2022 13:31,5
21/01/2022 13:29,2
21/01/2022 13:28,5
21/01/2022 13:24,3
21/01/2022 13:21,1
21/01/2022 13:20,3
21/01/2022 13:13,5
21/01/2022 13:11,2
21/01/2022 12:51,5
21/01/2022 12:46,1
21/01/2022 12:42,5
21/01/2022 12:39,1
21/01/2022 12:33,5
21/01/2022 12:32,4
21/01/2022 12:21,2
21/01/2022 12:19,5
21/01/2022 12:17,5
21/01/2022 12:12,1
21/01/2022 12:08,3
21/01/2022 12:02,5
21/01/2022 12:01,5
21/01/2022 11:44,5
21/01/2022 11:38,1
21/01/2022 11:25,5
21/01/2022 11:19,2
21/01/2022 11:16,5
21/01/2022 11:07,5
21/01/2022 11:06,1
21/01/2022 11:00,5
21/01/2022 10:57,4
21/01/2022 10:52,5
21/01/2022 10:47,5
21/01/2022 10:28,4
21/01/2022 10:19,4
21/01/2022 10:14,5
21/01/2022 10:14,3
21/01/2022 10:09,5
21/01/2022 09:54,1
21/01/2022 09:51,5
21/01/2022 09:48,4
21/01/2022 09:42,1
21/01/2022 09:33,5
21/01/2022 09:29,5
21/01/2022 09:21,5
21/01/2022 09:19,5
21/01/2022 09:17,4
21/01/2022 09:17,4
21/01/2022 09:17,5
21/01/2022 09:16,1
21/01/2022 08:57,2
21/01/2022 08:56,4
21/01/2022 08:46,3
21/01/2022 08:44,3
21/01/2022 08:40,1
21/01/2022 08:38,1
21/01/2022 08:37,1
21/01/2022 08:34,5
21/01/2022 08:25,1
21/01/2022 08:17,4
21/01/2022 08:12,1
21/01/2022 08:09,5
21/01/2022 07:54,5
21/01/2022 07:53,5
21/01/2022 07:46,5
21/01/2022 07:44,2
21/01/2022 07:37,2
21/01/2022 07:08,1
21/01/2022 06:56,2
21/01/2022 06:53,5
21/01/2022 06:50,1
21/01/2022 06:38,1
21/01/2022 06:29,5
21/01/2022 06:21,4
21/01/2022 06:16,5
21/01/2022 06:13,1
21/01/2022 05:44,1
21/01/2022 05:43,3
21/01/2022 05:30,3
21/01/2022 05:29,1
21/01/2022 05:27,2
21/01/2022 05:17,2
21/01/2022 05:10,5
21/01/2022 05:08,5
21/01/2022 05:06,5
21/01/2022 04:54,1
21/01/2022 04:51,5
21/01/2022 04:51,4
21/01/2022 04:45,1
21/01/2022 04:41,2
21/01/2022 04:40,5
21/01/2022 04:32,5
21/01/2022 04:28,3
21/01/2022 04:10,1
21/01/2022 03:54,5
21/01/2022 03:49,5
21/01/2022 03:48,1
21/01/2022 03:44,1
21/01/2022 03:41,1
21/01/2022 03:32,5
21/01/2022 03:32,1
21/01/2022 03:21,4
21/01/2022 03:16,5
21/01/2022 03:10,1
21/01/2022 03:05,5
21/01/2022 03:05,3
21/01/2022 02:35,5
21/01/2022 02:22,1
21/01/2022 02:18,3
21/01/2022 02:16,2
21/01/2022 02:02,3
21/01/2022 02:02,5
21/01/2022 01:47,1
21/01/2022 01:45,3
21/01/2022 01:32,5
21/01/2022 01:16,5
21/01/2022 01:05,5
21/01/2022 01:03,1
21/01/2022 00:19,4
21/01/2022 00:17,5
21/01/2022 00:13,4
21/01/2022 00:00,1
20/01/2022 23:56,3
20/01/2022 23:44,1
20/01/2022 23:30,5
20/01/2022 23:22,4
20/01/2022 23:18,1
20/01/2022 23:05,1
20/01/2022 23:01,2
20/01/2022 22:51,3
20/01/2022 22:45,5
20/01/2022 22:43,1
20/01/2022 22:33,5
20/01/2022 22:30,1
20/01/2022 22:27,5
20/01/2022 22:26,2
20/01/2022 22:18,1
20/01/2022 22:16,5
20/01/2022 22:14,5
20/01/2022 22:13,5
20/01/2022 22:09,4
20/01/2022 22:04,4
20/01/2022 22:02,3
20/01/2022 21:51,5
20/01/2022 21:48,2
20/01/2022 21:46,5
20/01/2022 21:46,1
20/01/2022 21:23,1
20/01/2022 21:12,1
20/01/2022 21:12,5
20/01/2022 21:12,3
20/01/2022 21:06,5
20/01/2022 21:04,5
20/01/2022 20:58,2
20/01/2022 20:53,1
20/01/2022 20:53,1
20/01/2022 20:49,4
20/01/2022 20:47,1
20/01/2022 20:45,4
20/01/2022 20:24,1
20/01/2022 20:20,5
20/01/2022 20:00,5
20/01/2022 19:47,4
20/01/2022 19:45,4
20/01/2022 19:36,5
20/01/2022 19:22,5
20/01/2022 19:20,4
20/01/2022 19:14,5
20/01/2022 19:05,1
20/01/2022 19:04,5
20/01/2022 18:59,5
20/01/2022 18:46,1
20/01/2022 18:31,3
20/01/2022 18:30,1
20/01/2022 18:26,3
20/01/2022 18:07,5
20/01/2022 18:00,1
20/01/2022 17:57,4
20/01/2022 17:56,2
20/01/2022 17:54,1
20/01/2022 17:54,1
20/01/2022 17:37,3
20/01/2022 17:35,2
20/01/2022 17:34,3
20/01/2022 17:33,1
20/01/2022 17:27,5
20/01/2022 17:26,5
20/01/2022 17:24,4
20/01/2022 17:19,5
20/01/2022 17:05,1
20/01/2022 17:02,1
20/01/2022 17:01,1
20/01/2022 17:01,5
20/01/2022 16:38,3
20/01/2022 16:37,2
20/01/2022 16:31,5
20/01/2022 16:23,2
20/01/2022 16:20,1
20/01/2022 16:10,1
20/01/2022 15:51,3
20/01/2022 15:51,2
20/01/2022 15:47,5
20/01/2022 15:45,3
20/01/2022 15:43,1
20/01/2022 15:41,3
20/01/2022 15:39,3
20/01/2022 15:32,5
20/01/2022 15:09,4
20/01/2022 14:34,5
20/01/2022 14:27,3
20/01/2022 14:25,3
20/01/2022 14:20,1
20/01/2022 14:07,3
20/01/2022 14:01,5
20/01/2022 13:56,4
20/01/2022 13:55,1
20/01/2022 13:34,5
20/01/2022 13:27,4
20/01/2022 13:26,5
20/01/2022 13:25,5
20/01/2022 13:18,5
20/01/2022 13:16,5
20/01/2022 13:15,1
20/01/2022 13:07,2
20/01/2022 13:04,1
20/01/2022 13:04,5
20/01/2022 13:03,1
20/01/2022 13:01,1
20/01/2022 12:59,4
20/01/2022 12:52,1
20/01/2022 12:34,3
20/01/2022 12:26,5
20/01/2022 12:14,1
20/01/2022 12:07,1
20/01/2022 12:02,3
20/01/2022 11:39,4
20/01/2022 11:36,1
20/01/2022 11:26,3
20/01/2022 11:19,1
20/01/2022 10:55,5
20/01/2022 10:47,1
20/01/2022 10:43,1
20/01/2022 10:38,5
20/01/2022 10:37,1
20/01/2022 10:29,1
20/01/2022 10:27,3
20/01/2022 10:00,3
20/01/2022 09:52,5
20/01/2022 09:51,5
20/01/2022 09:49,5
20/01/2022 09:31,5
20/01/2022 09:26,1
20/01/2022 09:26,1
20/01/2022 09:23,5
20/01/2022 09:20,5
20/01/2022 09:04,5
20/01/2022 08:57,5
20/01/2022 08:57,5
20/01/2022 08:56,3
20/01/2022 08:55,3
20/01/2022 08:50,5
20/01/2022 08:45,1
20/01/2022 08:42,3
20/01/2022 08:37,5
20/01/2022 07:59,5
20/01/2022 07:49,2
20/01/2022 07:25,3
20/01/2022 07:16,5
20/01/2022 07:12,3
20/01/2022 07:04,2
20/01/2022 07:03,1
20/01/2022 06:52,1
20/01/2022 06:52,1
20/01/2022 06:48,3
20/01/2022 06:37,5
20/01/2022 06:32,5
20/01/2022 06:24,1
20/01/2022 06:19,1
20/01/2022 06:17,5
20/01/2022 06:15,1
20/01/2022 05:57,1
20/01/2022 05:51,2
20/01/2022 05:46,5
20/01/2022 05:34,1
20/01/2022 05:30,5
20/01/2022 05:30,3
20/01/2022 05:21,1
20/01/2022 05:12,1
20/01/2022 05:02,5
20/01/2022 04:49,5
20/01/2022 04:22,4
20/01/2022 04:15,5
20/01/2022 04:03,1
20/01/2022 03:43,3
20/01/2022 03:39,1
20/01/2022 03:36,5
20/01/2022 03:28,5
20/01/2022 03:24,5
20/01/2022 03:19,1
20/01/2022 03:09,5
20/01/2022 02:56,1
20/01/2022 02:56,1
20/01/2022 02:56,1
20/01/2022 02:55,1
20/01/2022 02:51,3
20/01/2022 02:47,1
20/01/2022 02:44,5
20/01/2022 02:37,5
20/01/2022 02:26,5
20/01/2022 02:05,2
20/01/2022 01:56,5
20/01/2022 01:51,5
20/01/2022 01:49,5
20/01/2022 01:28,2
20/01/2022 01:28,5
20/01/2022 00:04,1
19/01/2022 23:49,4
19/01/2022 23:43,2
19/01/2022 23:28,3
19/01/2022 23:24,5
19/01/2022 23:18,3
19/01/2022 22:57,5
19/01/2022 22:46,5
19/01/2022 22:35,3
19/01/2022 22:34,3
19/01/2022 22:28,4
19/01/2022 22:23,1
19/01/2022 22:18,5
19/01/2022 21:55,4
19/01/2022 21:50,4
19/01/2022 21:42,5
19/01/2022 21:33,1
19/01/2022 21:30,4
19/01/2022 21:30,5
19/01/2022 21:15,4
19/01/2022 21:09,5
19/01/2022 20:49,5
19/01/2022 20:48,3
19/01/2022 20:33,3
19/01/2022 20:32,4
19/01/2022 20:25,4
19/01/2022 20:16,5
19/01/2022 19:45,5
19/01/2022 19:39,3
19/01/2022 19:36,5
19/01/2022 19:28,5
19/01/2022 19:24,1
19/01/2022 19:19,1
19/01/2022 19:19,1
19/01/2022 19:13,5
19/01/2022 19:09,1
19/01/2022 19:08,4
19/01/2022 19:05,4
19/01/2022 18:56,4
19/01/2022 18:53,2
19/01/2022 18:53,1
19/01/2022 18:51,5
19/01/2022 18:47,5
19/01/2022 18:42,4
19/01/2022 18:40,5
19/01/2022 18:24,5
19/01/2022 18:13,4
19/01/2022 18:12,4
19/01/2022 17:56,4
19/01/2022 17:55,5
19/01/2022 17:54,3
19/01/2022 17:52,1
19/01/2022 17:51,3
19/01/2022 17:28,2
19/01/2022 17:19,4
19/01/2022 17:18,1
19/01/2022 17:14,1
19/01/2022 17:14,5
19/01/2022 17:09,5
19/01/2022 17:04,5
19/01/2022 16:58,4
19/01/2022 16:58,5
19/01/2022 16:48,1
19/01/2022 16:20,3
19/01/2022 16:09,5
19/01/2022 16:08,1
19/01/2022 15:57,5
19/01/2022 15:57,4
19/01/2022 15:43,5
19/01/2022 15:42,5
19/01/2022 15:36,3
19/01/2022 15:35,1
19/01/2022 15:32,5
19/01/2022 15:31,4
19/01/2022 15:23,1
19/01/2022 15:14,1
19/01/2022 15:09,4
19/01/2022 15:08,5
19/01/2022 14:52,5
19/01/2022 14:50,5
19/01/2022 14:47,2
19/01/2022 14:44,1
19/01/2022 14:38,2
19/01/2022 14:35,5
19/01/2022 14:26,5
19/01/2022 14:25,3
19/01/2022 14:19,5
19/01/2022 14:06,5
19/01/2022 14:06,5
19/01/2022 14:05,1
19/01/2022 13:43,3
19/01/2022 13:36,4
19/01/2022 13:34,2
19/01/2022 13:30,3
19/01/2022 13:29,2
19/01/2022 13:28,5
19/01/2022 13:18,4
19/01/2022 13:07,1
19/01/2022 12:58,5
19/01/2022 12:55,3
19/01/2022 12:55,5
19/01/2022 12:49,1
19/01/2022 12:45,5
19/01/2022 12:42,3
19/01/2022 12:28,2
19/01/2022 12:27,1
19/01/2022 12:26,5
19/01/2022 12:23,5
19/01/2022 12:19,3
19/01/2022 11:58,2
19/01/2022 10:59,5
19/01/2022 10:51,4
19/01/2022 10:19,2
19/01/2022 10:09,1
19/01/2022 09:48,5
19/01/2022 09:26,1
19/01/2022 09:21,3
19/01/2022 09:18,1
19/01/2022 09:03,3
19/01/2022 09:02,3
19/01/2022 08:56,5
19/01/2022 08:49,5
19/01/2022 08:35,2
19/01/2022 08:34,3
19/01/2022 08:33,1
19/01/2022 08:26,2
19/01/2022 08:22,5
19/01/2022 08:18,2
19/01/2022 08:13,3
19/01/2022 08:13,4
19/01/2022 08:03,5
19/01/2022 07:36,1
19/01/2022 07:31,2
19/01/2022 07:25,2
19/01/2022 07:23,5
19/01/2022 07:06,4
19/01/2022 06:59,3
19/01/2022 06:50,3
19/01/2022 06:36,5
19/01/2022 06:28,1
19/01/2022 06:06,4
19/01/2022 05:51,5
19/01/2022 05:50,4
19/01/2022 05:24,4
19/01/2022 05:03,5
19/01/2022 04:45,1
19/01/2022 04:40,1
19/01/2022 04:34,1
19/01/2022 04:22,4
19/01/2022 04:17,1
19/01/2022 03:34,1
19/01/2022 03:29,4
19/01/2022 03:21,1
19/01/2022 03:06,1
19/01/2022 03:01,5
19/01/2022 02:38,5
19/01/2022 02:18,5
19/01/2022 02:17,1
19/01/2022 02:12,3
19/01/2022 01:59,5
19/01/2022 01:37,3
19/01/2022 01:26,5
19/01/2022 01:12,1
19/01/2022 01:09,4
19/01/2022 01:05,2
19/01/2022 00:51,3
19/01/2022 00:50,5
19/01/2022 00:32,5
19/01/2022 00:26,4
19/01/2022 00:08,2
18/01/2022 23:53,1
18/01/2022 23:47,5
18/01/2022 23:26,5
18/01/2022 23:24,4
18/01/2022 23:24,4
18/01/2022 23:05,1
18/01/2022 23:03,1
18/01/2022 22:56,4
18/01/2022 22:51,1
18/01/2022 22:46,5
18/01/2022 22:46,4
18/01/2022 22:35,4
18/01/2022 22:13,2
18/01/2022 21:56,2
18/01/2022 21:11,1
18/01/2022 21:04,2
18/01/2022 20:52,2
18/01/2022 20:37,1
18/01/2022 20:31,1
18/01/2022 20:28,5
18/01/2022 20:28,5
18/01/2022 20:24,3
18/01/2022 20:22,2
18/01/2022 20:17,5
18/01/2022 20:05,2
18/01/2022 20:04,5
18/01/2022 19:54,1
18/01/2022 19:53,5
18/01/2022 19:33,2
18/01/2022 19:32,4
18/01/2022 19:27,4
18/01/2022 19:22,5
18/01/2022 19:14,5
18/01/2022 18:50,5
18/01/2022 18:46,1
18/01/2022 18:45,2
18/01/2022 18:23,3
18/01/2022 18:20,4
18/01/2022 18:10,2
18/01/2022 18:10,5
18/01/2022 17:42,3
18/01/2022 17:24,3
18/01/2022 17:18,4
18/01/2022 17:07,5
18/01/2022 16:54,2
18/01/2022 16:44,1
18/01/2022 16:40,1
18/01/2022 16:38,1
18/01/2022 16:18,1
18/01/2022 16:14,5
18/01/2022 16:14,2
18/01/2022 16:10,5
18/01/2022 15:57,3
18/01/2022 15:37,4
18/01/2022 15:26,1
18/01/2022 15:26,5
18/01/2022 15:22,5
18/01/2022 15:20,5
18/01/2022 15:05,1
18/01/2022 14:24,4
18/01/2022 14:22,5
18/01/2022 14:10,4
18/01/2022 13:58,1
18/01/2022 13:52,3
18/01/2022 13:40,5
18/01/2022 12:21,1
18/01/2022 12:07,1
18/01/2022 11:58,5
18/01/2022 11:48,2
18/01/2022 11:22,1
18/01/2022 11:21,5
18/01/2022 11:10,5
18/01/2022 11:09,5
18/01/2022 11:08,5
18/01/2022 10:58,1
18/01/2022 10:57,4
18/01/2022 10:55,3
18/01/2022 10:48,2
18/01/2022 10:40,5
18/01/2022 10:35,1
18/01/2022 10:26,1
18/01/2022 09:24,1
18/01/2022 09:10,5
18/01/2022 09:00,3
18/01/2022 08:30,5
18/01/2022 08:28,4
18/01/2022 08:27,1
18/01/2022 08:05,4
18/01/2022 08:03,1
18/01/2022 08:01,3
18/01/2022 07:43,3
18/01/2022 07:13,3
18/01/2022 07:02,5
18/01/2022 06:58,2
18/01/2022 06:55,4
18/01/2022 06:30,5
18/01/2022 06:30,1
18/01/2022 05:43,1
18/01/2022 05:27,3
18/01/2022 05:20,4
18/01/2022 05:12,5
18/01/2022 04:55,1
18/01/2022 04:37,2
18/01/2022 04:17,4
18/01/2022 04:01,5
18/01/2022 03:49,5
18/01/2022 03:29,1
18/01/2022 03:21,1
18/01/2022 02:58,1
18/01/2022 02:50,5
18/01/2022 02:35,4
18/01/2022 02:31,2
18/01/2022 02:28,2
18/01/2022 02:13,1
18/01/2022 01:51,2
18/01/2022 01:40,4
18/01/2022 01:36,1
18/01/2022 01:33,1
18/01/2022 00:52,1
17/01/2022 23:59,3
17/01/2022 23:35,2
17/01/2022 23:27,5
17/01/2022 23:06,5
17/01/2022 23:03,5
17/01/2022 23:03,1
17/01/2022 22:29,4
17/01/2022 21:45,1
17/01/2022 21:44,1
17/01/2022 21:38,3
17/01/2022 21:26,4
17/01/2022 21:24,3
17/01/2022 21:09,2
17/01/2022 21:00,5
17/01/2022 20:49,1
17/01/2022 20:46,3
17/01/2022 20:41,1
17/01/2022 20:35,5
17/01/2022 20:29,1
17/01/2022 20:23,4
17/01/2022 20:21,1
17/01/2022 20:21,5
17/01/2022 20:19,4
17/01/2022 20:18,1
17/01/2022 19:58,3
17/01/2022 19:53,3
17/01/2022 19:30,1
17/01/2022 19:15,3
17/01/2022 19:04,3
17/01/2022 18:56,1
17/01/2022 18:51,3
17/01/2022 18:45,2
17/01/2022 18:39,5
17/01/2022 18:36,1
17/01/2022 18:32,5
17/01/2022 18:13,3
17/01/2022 17:56,4
17/01/2022 17:45,2
17/01/2022 17:37,5
17/01/2022 17:36,5
17/01/2022 17:33,4
17/01/2022 17:32,4
17/01/2022 17:24,5
17/01/2022 17:17,1
17/01/2022 17:14,5
17/01/2022 17:12,2
17/01/2022 16:53,1
17/01/2022 16:48,2
17/01/2022 16:27,5
17/01/2022 16:11,1
17/01/2022 16:05,1
17/01/2022 16:05,2
17/01/2022 15:58,2
17/01/2022 15:45,2
17/01/2022 15:33,1
17/01/2022 15:32,1
17/01/2022 15:26,2
17/01/2022 15:26,4
17/01/2022 14:30,3
17/01/2022 14:20,1
17/01/2022 14:17,5
17/01/2022 14:15,4
17/01/2022 14:12,4
17/01/2022 14:07,4
17/01/2022 14:03,5
17/01/2022 13:56,2
17/01/2022 13:56,2
17/01/2022 13:48,1
17/01/2022 13:44,1
17/01/2022 13:32,1
17/01/2022 12:52,1
17/01/2022 12:35,1
17/01/2022 12:28,2
17/01/2022 12:04,1
17/01/2022 11:44,5
17/01/2022 11:19,3
17/01/2022 10:44,4
17/01/2022 10:23,2
17/01/2022 10:02,4
17/01/2022 09:50,4
17/01/2022 09:46,1
17/01/2022 09:34,1
17/01/2022 09:31,1
17/01/2022 09:25,5
17/01/2022 09:15,1
17/01/2022 09:14,3
17/01/2022 09:11,5
17/01/2022 09:05,5
17/01/2022 08:52,4
17/01/2022 08:37,2
17/01/2022 08:36,3
17/01/2022 08:24,4
17/01/2022 08:23,1
17/01/2022 07:38,4
17/01/2022 07:28,4
17/01/2022 07:27,4
17/01/2022 07:19,3
17/01/2022 06:54,1
17/01/2022 05:59,1
17/01/2022 05:44,2
17/01/2022 05:44,4
17/01/2022 05:34,5
17/01/2022 05:21,3
17/01/2022 05:01,5
17/01/2022 04:59,1
17/01/2022 04:44,4
17/01/2022 04:43,1
17/01/2022 04:24,1
17/01/2022 04:16,4
17/01/2022 04:08,2
17/01/2022 03:56,4
17/01/2022 03:35,5
17/01/2022 03:21,5
17/01/2022 03:16,4
17/01/2022 03:14,1
17/01/2022 02:16,5
17/01/2022 02:02,5
17/01/2022 01:51,1
17/01/2022 01:38,1
17/01/2022 01:22,1
17/01/2022 00:41,1
17/01/2022 00:28,1
17/01/2022 00:23,2
17/01/2022 00:19,5
17/01/2022 00:08,5
17/01/2022 00:06,5
17/01/2022 00:02,2
16/01/2022 23:31,3
16/01/2022 22:50,1
16/01/2022 22:37,3
16/01/2022 21:55,3
16/01/2022 21:53,2
16/01/2022 21:34,4
16/01/2022 21:18,4
16/01/2022 21:16,2
16/01/2022 21:15,1
16/01/2022 20:45,1
16/01/2022 20:11,4
16/01/2022 20:00,4
16/01/2022 19:57,1
16/01/2022 19:53,1
16/01/2022 19:29,3
16/01/2022 19:28,1
16/01/2022 19:28,1
16/01/2022 19:26,5
16/01/2022 19:25,3
16/01/2022 19:13,2
16/01/2022 19:05,4
16/01/2022 19:01,5
16/01/2022 18:53,1
16/01/2022 18:44,3
16/01/2022 18:40,4
16/01/2022 18:40,4
16/01/2022 18:00,2
16/01/2022 17:19,5
16/01/2022 17:18,5
16/01/2022 16:55,1
16/01/2022 16:49,3
16/01/2022 16:47,4
16/01/2022 16:41,2
16/01/2022 16:40,1
16/01/2022 16:38,5
16/01/2022 16:38,5
16/01/2022 16:35,1
16/01/2022 16:35,1
16/01/2022 16:20,4
16/01/2022 16:19,1
16/01/2022 16:10,2
16/01/2022 15:50,4
16/01/2022 15:41,1
16/01/2022 15:22,4
16/01/2022 15:22,2
16/01/2022 15:15,1
16/01/2022 14:53,1
16/01/2022 14:35,1
16/01/2022 14:30,3
16/01/2022 13:51,4
16/01/2022 13:45,2
16/01/2022 13:45,1
16/01/2022 13:32,3
16/01/2022 13:03,5
16/01/2022 12:47,1
16/01/2022 12:35,1
16/01/2022 12:22,5
16/01/2022 12:20,2
16/01/2022 12:00,5
16/01/2022 11:44,2
16/01/2022 11:33,4
16/01/2022 11:12,3
16/01/2022 10:45,5
16/01/2022 10:10,4
16/01/2022 10:08,2
16/01/2022 10:03,5
16/01/2022 09:13,1
16/01/2022 08:58,3
16/01/2022 08:56,5
16/01/2022 08:52,3
16/01/2022 08:16,1
16/01/2022 08:16,3
16/01/2022 08:07,3
16/01/2022 08:06,3
16/01/2022 07:15,4
16/01/2022 07:13,5
16/01/2022 07:04,5
16/01/2022 06:21,2
16/01/2022 05:59,3
16/01/2022 05:53,2
16/01/2022 05:36,1
16/01/2022 05:32,5
16/01/2022 05:11,5
16/01/2022 05:02,5
16/01/2022 04:50,5
16/01/2022 04:37,5
16/01/2022 04:32,2
16/01/2022 04:24,1
16/01/2022 04:21,5
16/01/2022 04:06,5
16/01/2022 04:02,1
16/01/2022 03:37,1
16/01/2022 02:59,5
16/01/2022 02:53,2
16/01/2022 02:25,3
16/01/2022 02:09,2
16/01/2022 01:59,2
16/01/2022 01:32,1
16/01/2022 01:05,3
16/01/2022 01:00,1
16/01/2022 00:47,5
16/01/2022 00:39,4
16/01/2022 00:12,1
16/01/2022 00:08,5
15/01/2022 23:46,2
15/01/2022 23:12,4
15/01/2022 23:09,4
15/01/2022 22:50,3
15/01/2022 22:10,2
15/01/2022 21:42,2
15/01/2022 21:31,3
15/01/2022 21:08,4
15/01/2022 20:58,5
15/01/2022 20:45,1
15/01/2022 20:43,1
15/01/2022 20:36,2
15/01/2022 20:33,5
15/01/2022 20:23,5
15/01/2022 19:34,5
15/01/2022 19:17,3
15/01/2022 19:10,2
15/01/2022 18:51,2
15/01/2022 18:45,5
15/01/2022 18:34,5
15/01/2022 18:32,5
15/01/2022 18:26,5
15/01/2022 18:20,4
15/01/2022 17:29,4
15/01/2022 17:19,2
15/01/2022 17:14,5
15/01/2022 17:09,4
15/01/2022 17:03,5
15/01/2022 16:58,1
15/01/2022 16:54,3
15/01/2022 16:41,1
15/01/2022 16:27,5
15/01/2022 16:20,2
15/01/2022 16:15,5
15/01/2022 16:07,2
15/01/2022 16:00,5
15/01/2022 15:50,3
15/01/2022 15:45,3
15/01/2022 15:42,4
15/01/2022 15:29,1
15/01/2022 15:24,2
15/01/2022 15:18,3
15/01/2022 15:10,5
15/01/2022 15:08,1
15/01/2022 14:42,5
15/01/2022 14:28,5
15/01/2022 14:17,1
15/01/2022 14:14,4
15/01/2022 14:12,1
15/01/2022 14:11,1
15/01/2022 14:11,4
15/01/2022 13:52,1
15/01/2022 13:47,5
15/01/2022 13:45,2
15/01/2022 13:37,1
15/01/2022 13:15,5
15/01/2022 13:02,5
15/01/2022 12:33,3
15/01/2022 12:33,5
15/01/2022 12:05,1
15/01/2022 11:58,1
15/01/2022 11:53,4
15/01/2022 11:44,1
15/01/2022 11:43,4
15/01/2022 11:34,3
15/01/2022 11:30,5
15/01/2022 11:26,1
15/01/2022 11:25,2
15/01/2022 09:32,3
15/01/2022 09:27,3
15/01/2022 08:32,1
15/01/2022 08:00,1
15/01/2022 08:00,5
15/01/2022 07:42,1
15/01/2022 07:08,5
15/01/2022 07:01,1
15/01/2022 06:15,1
15/01/2022 05:59,1
15/01/2022 05:56,5
15/01/2022 05:50,5
15/01/2022 05:44,5
15/01/2022 05:41,5
15/01/2022 05:24,2
15/01/2022 05:10,1
15/01/2022 04:13,1
15/01/2022 04:12,5
15/01/2022 04:00,5
15/01/2022 03:56,5
15/01/2022 03:51,4
15/01/2022 03:47,1
15/01/2022 02:42,5
15/01/2022 02:38,5
15/01/2022 02:35,4
15/01/2022 02:31,5
15/01/2022 02:14,4
15/01/2022 02:11,5
15/01/2022 01:20,5
15/01/2022 00:58,4
15/01/2022 00:52,1
15/01/2022 00:40,1
15/01/2022 00:39,5
15/01/2022 00:38,5
15/01/2022 00:09,2
15/01/2022 00:07,1
14/01/2022 23:54,1
14/01/2022 23:02,5
14/01/2022 22:48,5
14/01/2022 22:41,3
14/01/2022 22:26,2
14/01/2022 22:25,5
14/01/2022 22:23,4
14/01/2022 22:21,3
14/01/2022 22:04,1
14/01/2022 22:00,5
14/01/2022 21:40,3
14/01/2022 21:32,4
14/01/2022 21:27,1
14/01/2022 21:26,1
14/01/2022 20:57,5
14/01/2022 20:57,1
14/01/2022 20:55,3
14/01/2022 20:53,5
14/01/2022 20:46,5
14/01/2022 20:24,2
14/01/2022 20:13,2
14/01/2022 19:56,4
14/01/2022 19:55,2
14/01/2022 19:43,5
14/01/2022 19:41,5
14/01/2022 19:34,2
14/01/2022 19:33,5
14/01/2022 19:33,1
14/01/2022 19:26,2
14/01/2022 19:22,3
14/01/2022 19:18,1
14/01/2022 19:14,3
14/01/2022 19:10,5
14/01/2022 19:05,3
14/01/2022 18:51,1
14/01/2022 18:45,5
14/01/2022 18:42,5
14/01/2022 18:37,2
14/01/2022 18:34,5
14/01/2022 18:16,4
14/01/2022 18:16,1
14/01/2022 18:13,1
14/01/2022 17:38,3
14/01/2022 17:27,4
14/01/2022 17:15,2
14/01/2022 17:12,4
14/01/2022 17:10,5
14/01/2022 16:56,5
14/01/2022 16:46,5
14/01/2022 16:37,4
14/01/2022 16:30,1
14/01/2022 16:30,5
14/01/2022 16:27,1
14/01/2022 16:09,3
14/01/2022 15:47,1
14/01/2022 15:10,5
14/01/2022 15:09,1
14/01/2022 15:06,5
14/01/2022 15:01,5
14/01/2022 14:56,1
14/01/2022 14:55,1
14/01/2022 14:31,1
14/01/2022 14:22,1
14/01/2022 14:14,4
14/01/2022 14:08,5
14/01/2022 13:59,1
14/01/2022 13:43,2
14/01/2022 13:22,1
14/01/2022 13:21,2
14/01/2022 13:05,1
14/01/2022 12:25,3
14/01/2022 12:18,1
14/01/2022 12:15,4
14/01/2022 11:57,5
14/01/2022 11:32,3
14/01/2022 11:16,4
14/01/2022 10:56,4
14/01/2022 10:55,3
14/01/2022 10:48,4
14/01/2022 10:30,5
14/01/2022 10:30,5
14/01/2022 10:25,1
14/01/2022 10:16,1
14/01/2022 10:06,2
14/01/2022 10:03,3
14/01/2022 09:59,2
14/01/2022 09:51,2
14/01/2022 09:25,2
14/01/2022 09:22,2
14/01/2022 09:11,1
14/01/2022 09:02,3
14/01/2022 08:51,3
14/01/2022 08:43,5
14/01/2022 08:41,2
14/01/2022 08:00,4
14/01/2022 07:52,5
14/01/2022 07:44,2
14/01/2022 07:18,2
14/01/2022 07:05,1
14/01/2022 06:35,1
14/01/2022 06:34,1
14/01/2022 06:29,1
14/01/2022 06:28,4
14/01/2022 06:26,5
14/01/2022 06:15,1
14/01/2022 06:14,4
14/01/2022 06:05,3
14/01/2022 06:02,3
14/01/2022 05:30,5
14/01/2022 05:25,3
14/01/2022 05:12,5
14/01/2022 04:44,1
14/01/2022 03:58,1
14/01/2022 03:56,5
14/01/2022 03:53,4
14/01/2022 03:23,3
14/01/2022 03:19,5
14/01/2022 03:06,1
14/01/2022 03:02,1
14/01/2022 02:57,4
14/01/2022 02:53,5
14/01/2022 02:03,5
14/01/2022 02:01,3
14/01/2022 01:58,4
14/01/2022 00:54,3
14/01/2022 00:35,1
14/01/2022 00:25,1
14/01/2022 00:11,2
14/01/2022 00:05,5
13/01/2022 23:45,4
13/01/2022 23:30,4
13/01/2022 23:18,1
13/01/2022 22:53,4
13/01/2022 22:33,1
13/01/2022 22:23,1
13/01/2022 22:22,4
13/01/2022 22:17,1
13/01/2022 22:08,5
13/01/2022 22:02,3
13/01/2022 21:51,5
13/01/2022 21:43,2
13/01/2022 21:12,3
13/01/2022 21:08,1
13/01/2022 21:02,1
13/01/2022 20:55,1
13/01/2022 20:27,1
13/01/2022 20:23,1
13/01/2022 20:08,5
13/01/2022 20:04,4
13/01/2022 19:52,4
13/01/2022 19:47,1
13/01/2022 19:36,5
13/01/2022 19:33,4
13/01/2022 19:23,2
13/01/2022 19:23,3
13/01/2022 19:11,5
13/01/2022 19:04,4
13/01/2022 18:36,5
13/01/2022 18:14,5
13/01/2022 18:13,2
13/01/2022 18:12,5
13/01/2022 18:05,2
13/01/2022 18:01,1
13/01/2022 17:48,5
13/01/2022 17:35,2
13/01/2022 17:26,5
13/01/2022 17:19,4
13/01/2022 17:00,1
13/01/2022 16:55,3
13/01/2022 16:50,5
13/01/2022 16:45,2
13/01/2022 16:44,4
13/01/2022 16:44,3
13/01/2022 15:47,1
13/01/2022 15:43,5
13/01/2022 15:43,5
13/01/2022 15:29,5
13/01/2022 15:17,1
13/01/2022 15:12,3
13/01/2022 15:07,1
13/01/2022 15:03,5
13/01/2022 15:00,2
13/01/2022 14:53,4
13/01/2022 14:50,2
13/01/2022 14:44,5
13/01/2022 14:42,5
13/01/2022 14:15,3
13/01/2022 13:57,2
13/01/2022 13:53,1
13/01/2022 13:48,5
13/01/2022 13:43,3
13/01/2022 13:27,4
13/01/2022 13:25,2
13/01/2022 13:25,5
13/01/2022 13:21,3
13/01/2022 13:15,2
13/01/2022 13:07,5
13/01/2022 13:02,2
13/01/2022 12:59,1
13/01/2022 12:52,2
13/01/2022 12:35,4
13/01/2022 12:26,4
13/01/2022 12:12,5
13/01/2022 12:07,3
13/01/2022 11:56,5
13/01/2022 11:53,3
13/01/2022 11:50,1
13/01/2022 11:26,2
13/01/2022 11:19,5
13/01/2022 11:14,5
13/01/2022 10:29,3
13/01/2022 10:29,2
13/01/2022 09:58,3
13/01/2022 09:55,1
13/01/2022 09:48,3
13/01/2022 09:34,1
13/01/2022 09:19,5
13/01/2022 09:14,4
13/01/2022 09:13,1
13/01/2022 08:55,5
13/01/2022 08:24,2
13/01/2022 08:17,1
13/01/2022 08:11,1
13/01/2022 08:02,5
13/01/2022 07:56,2
13/01/2022 07:43,2
13/01/2022 07:33,1
13/01/2022 07:28,3
13/01/2022 06:49,5
13/01/2022 06:40,4
13/01/2022 06:32,2
13/01/2022 06:25,5
13/01/2022 06:22,5
13/01/2022 06:06,4
13/01/2022 06:05,1
13/01/2022 06:04,4
13/01/2022 05:33,2
13/01/2022 05:31,1
13/01/2022 05:04,1
13/01/2022 04:45,4
13/01/2022 04:30,1
13/01/2022 04:17,4
13/01/2022 04:14,1
13/01/2022 04:09,4
13/01/2022 03:56,1
13/01/2022 03:46,4
13/01/2022 03:36,1
13/01/2022 03:27,5
13/01/2022 03:05,1
13/01/2022 02:56,1
13/01/2022 02:33,4
13/01/2022 02:21,5
13/01/2022 02:11,5
13/01/2022 02:10,3
13/01/2022 01:47,2
13/01/2022 01:37,1
13/01/2022 01:30,3
13/01/2022 01:21,5
13/01/2022 01:13,2
13/01/2022 00:35,1
13/01/2022 00:12,2
13/01/2022 00:10,1
12/01/2022 23:43,2
12/01/2022 23:43,1
12/01/2022 23:26,1
12/01/2022 23:21,2
12/01/2022 23:11,5
12/01/2022 23:07,5
12/01/2022 23:00,2
12/01/2022 22:55,3
12/01/2022 22:18,5
12/01/2022 22:02,4
12/01/2022 21:59,5
12/01/2022 21:58,5
12/01/2022 21:57,4
12/01/2022 21:46,4
12/01/2022 21:46,5
12/01/2022 21:43,2
12/01/2022 21:42,1
12/01/2022 21:36,1
12/01/2022 21:28,3
12/01/2022 21:09,1
12/01/2022 21:03,1
12/01/2022 21:01,1
12/01/2022 21:01,1
12/01/2022 20:31,4
12/01/2022 20:05,5
12/01/2022 19:53,2
12/01/2022 19:48,5
12/01/2022 19:25,5
12/01/2022 19:01,2
12/01/2022 19:00,4
12/01/2022 18:40,3
12/01/2022 18:37,5
12/01/2022 18:20,3
12/01/2022 18:14,1
12/01/2022 18:10,5
12/01/2022 18:08,3
12/01/2022 18:05,1
12/01/2022 18:04,1
12/01/2022 18:03,2
12/01/2022 18:01,3
12/01/2022 17:52,3
12/01/2022 17:33,1
12/01/2022 17:28,1
12/01/2022 16:53,5
12/01/2022 16:40,5
12/01/2022 16:39,4
12/01/2022 16:26,4
12/01/2022 16:26,5
12/01/2022 16:24,3
12/01/2022 16:07,5
12/01/2022 16:06,1
12/01/2022 15:45,3
12/01/2022 15:43,4
12/01/2022 15:42,1
12/01/2022 15:33,5
12/01/2022 15:31,5
12/01/2022 15:19,1
12/01/2022 15:13,1
12/01/2022 14:52,5
12/01/2022 14:50,5
12/01/2022 14:48,1
12/01/2022 14:39,5
12/01/2022 14:26,5
12/01/2022 14:22,5
12/01/2022 14:22,4
12/01/2022 14:19,1
12/01/2022 14:17,1
12/01/2022 14:09,4
12/01/2022 14:02,3
12/01/2022 13:26,4
12/01/2022 13:21,4
12/01/2022 13:19,2
12/01/2022 13:19,5
12/01/2022 13:17,4
12/01/2022 12:56,1
12/01/2022 12:53,1
12/01/2022 12:44,2
12/01/2022 12:24,3
12/01/2022 11:58,5
12/01/2022 11:55,4
12/01/2022 11:54,2
12/01/2022 11:14,2
12/01/2022 11:12,5
12/01/2022 11:05,1
12/01/2022 10:42,1
12/01/2022 10:42,1
12/01/2022 10:30,1
12/01/2022 10:13,5
12/01/2022 10:04,4
12/01/2022 09:57,1
12/01/2022 09:36,5
12/01/2022 09:17,4
12/01/2022 09:01,3
12/01/2022 08:59,5
12/01/2022 08:49,2
12/01/2022 08:39,1
12/01/2022 08:26,2
12/01/2022 08:14,1
12/01/2022 08:05,5
12/01/2022 08:01,1
12/01/2022 07:58,1
12/01/2022 07:28,2
12/01/2022 07:18,1
12/01/2022 07:16,1
12/01/2022 07:13,5
12/01/2022 06:40,5
12/01/2022 06:26,4
12/01/2022 06:23,5
12/01/2022 06:22,1
12/01/2022 06:17,1
12/01/2022 06:04,5
12/01/2022 05:59,4
12/01/2022 05:36,5
12/01/2022 05:35,2
12/01/2022 05:31,1
12/01/2022 05:28,3
12/01/2022 05:15,3
12/01/2022 05:12,5
12/01/2022 04:56,4
12/01/2022 04:45,4
12/01/2022 04:43,1
12/01/2022 03:40,5
12/01/2022 03:12,1
12/01/2022 03:04,1
12/01/2022 02:46,3
12/01/2022 02:41,2
12/01/2022 02:34,5
12/01/2022 02:17,4
12/01/2022 02:02,5
12/01/2022 01:51,5
12/01/2022 01:42,2
12/01/2022 01:32,5
12/01/2022 01:14,5
12/01/2022 01:06,5
12/01/2022 01:04,2
12/01/2022 01:02,5
12/01/2022 01:01,5
12/01/2022 00:54,1
12/01/2022 00:50,2
12/01/2022 00:24,5
12/01/2022 00:23,4
11/01/2022 23:57,1
11/01/2022 23:50,3
11/01/2022 23:47,5
11/01/2022 23:45,2
11/01/2022 23:37,4
11/01/2022 23:36,5
11/01/2022 23:33,1
11/01/2022 23:30,1
11/01/2022 23:22,1
11/01/2022 23:21,5
11/01/2022 23:10,1
11/01/2022 23:06,2
11/01/2022 22:42,3
11/01/2022 22:25,2
11/01/2022 22:12,1
11/01/2022 21:26,2
11/01/2022 21:15,4
11/01/2022 21:12,4
11/01/2022 20:57,5
11/01/2022 20:50,1
11/01/2022 20:48,4
11/01/2022 20:39,1
11/01/2022 20:38,4
11/01/2022 20:26,1
11/01/2022 20:08,4
11/01/2022 20:05,3
11/01/2022 20:03,5
11/01/2022 19:59,5
11/01/2022 19:54,5
11/01/2022 19:48,1
11/01/2022 19:41,3
11/01/2022 19:33,4
11/01/2022 19:29,5
11/01/2022 19:23,4
11/01/2022 19:23,2
11/01/2022 19:22,1
11/01/2022 19:16,1
11/01/2022 19:12,5
11/01/2022 19:09,2
11/01/2022 18:50,5
11/01/2022 18:47,1
11/01/2022 18:42,1
11/01/2022 18:13,3
11/01/2022 18:12,3
11/01/2022 18:04,1
11/01/2022 17:57,5
11/01/2022 17:48,2
11/01/2022 17:27,5
11/01/2022 17:16,5
11/01/2022 17:11,5
11/01/2022 16:53,5
11/01/2022 16:46,5
11/01/2022 16:43,2
11/01/2022 16:22,1
11/01/2022 16:20,3
11/01/2022 16:12,1
11/01/2022 16:03,2
11/01/2022 15:18,4
11/01/2022 15:09,5
11/01/2022 15:03,3
11/01/2022 15:02,2
11/01/2022 14:55,5
11/01/2022 14:50,5
11/01/2022 14:49,3
11/01/2022 14:31,2
11/01/2022 14:16,5
11/01/2022 13:51,3
11/01/2022 13:19,2
11/01/2022 12:43,4
11/01/2022 12:43,5
11/01/2022 12:43,1
11/01/2022 12:26,5
11/01/2022 12:24,1
11/01/2022 12:17,2
11/01/2022 11:29,3
11/01/2022 11:21,1
11/01/2022 10:54,1
11/01/2022 10:52,1
11/01/2022 10:33,5
11/01/2022 09:53,3
11/01/2022 09:34,1
11/01/2022 09:06,1
11/01/2022 09:02,4
11/01/2022 08:42,5
11/01/2022 08:41,5
11/01/2022 08:36,3
11/01/2022 08:02,3
11/01/2022 06:54,3
11/01/2022 06:51,5
11/01/2022 06:43,5
11/01/2022 06:32,2
11/01/2022 06:31,4
11/01/2022 06:01,4
11/01/2022 05:44,3
11/01/2022 05:30,1
11/01/2022 05:13,1
11/01/2022 05:09,1
11/01/2022 05:01,5
11/01/2022 04:58,1
11/01/2022 04:44,5
11/01/2022 04:19,1
11/01/2022 03:59,3
11/01/2022 03:59,1
11/01/2022 03:58,2
11/01/2022 03:56,1
11/01/2022 03:55,3
11/01/2022 03:51,3
11/01/2022 03:49,1
11/01/2022 03:43,5
11/01/2022 03:34,4
11/01/2022 03:20,5
11/01/2022 03:05,5
11/01/2022 03:05,5
11/01/2022 03:03,1
11/01/2022 02:59,2
11/01/2022 02:50,2
11/01/2022 02:47,3
11/01/2022 02:15,3
11/01/2022 02:10,1
11/01/2022 02:03,3
11/01/2022 01:54,3
11/01/2022 01:49,3
11/01/2022 01:39,3
11/01/2022 01:32,1
11/01/2022 01:28,1
11/01/2022 01:24,1
11/01/2022 01:24,1
11/01/2022 00:56,5
11/01/2022 00:29,1
11/01/2022 00:11,5
10/01/2022 23:19,4
10/01/2022 23:13,1
10/01/2022 23:11,4
10/01/2022 22:32,2
10/01/2022 22:05,5
10/01/2022 20:29,2
10/01/2022 19:55,1
10/01/2022 19:15,4
10/01/2022 19:04,1
10/01/2022 18:51,5
10/01/2022 17:39,1
10/01/2022 17:12,4
10/01/2022 17:04,5
10/01/2022 16:47,5
10/01/2022 15:47,2
10/01/2022 15:21,1
10/01/2022 14:43,1
10/01/2022 14:35,3
10/01/2022 14:28,2
10/01/2022 12:38,1
10/01/2022 11:59,1
10/01/2022 11:57,1
10/01/2022 11:42,1
10/01/2022 11:14,3
10/01/2022 10:29,5
10/01/2022 10:12,1
10/01/2022 10:02,1
10/01/2022 08:50,1
10/01/2022 07:53,4
10/01/2022 07:22,5
10/01/2022 06:43,4
10/01/2022 06:40,1
10/01/2022 06:20,5
10/01/2022 06:07,5
10/01/2022 05:59,5
10/01/2022 05:28,1
10/01/2022 04:03,2
10/01/2022 03:47,1
10/01/2022 03:27,4
10/01/2022 03:07,3
10/01/2022 03:01,1
10/01/2022 02:03,2
10/01/2022 01:54,3
10/01/2022 01:49,1
10/01/2022 01:37,1
10/01/2022 01:23,1
10/01/2022 01:22,3
10/01/2022 00:08,4
09/01/2022 23:40,3
09/01/2022 23:35,3
09/01/2022 22:03,2
09/01/2022 21:22,5
09/01/2022 21:05,1
09/01/2022 20:14,1
09/01/2022 19:58,4
09/01/2022 19:54,5
09/01/2022 18:57,5
09/01/2022 18:50,3
09/01/2022 18:34,5
09/01/2022 18:21,5
09/01/2022 17:52,1
09/01/2022 17:42,5
09/01/2022 17:15,1
09/01/2022 17:13,3
09/01/2022 16:36,2
09/01/2022 15:33,1
09/01/2022 14:46,1
09/01/2022 14:42,2
09/01/2022 14:25,1
09/01/2022 13:54,5
09/01/2022 13:40,4
09/01/2022 13:33,5
09/01/2022 13:14,5
09/01/2022 13:11,5
09/01/2022 13:04,5
09/01/2022 13:00,5
09/01/2022 12:17,1
09/01/2022 11:50,2
09/01/2022 11:43,5
09/01/2022 11:29,3
09/01/2022 10:38,1
09/01/2022 10:29,3
09/01/2022 10:17,5
09/01/2022 08:45,3
09/01/2022 08:32,3
09/01/2022 08:27,4
09/01/2022 07:28,3
09/01/2022 06:03,1
09/01/2022 05:55,3
09/01/2022 04:27,5
09/01/2022 04:19,5
09/01/2022 04:04,4
09/01/2022 03:38,1
09/01/2022 03:06,4
09/01/2022 02:40,4
09/01/2022 02:31,1
09/01/2022 02:09,5
09/01/2022 01:49,2
09/01/2022 01:26,4
09/01/2022 01:18,4
09/01/2022 01:12,4
09/01/2022 01:02,1
09/01/2022 00:42,4
09/01/2022 00:29,3
09/01/2022 00:28,1
09/01/2022 00:24,5
09/01/2022 00:10,1
09/01/2022 00:05,1
09/01/2022 00:03,2
09/01/2022 00:02,4
08/01/2022 23:41,5
08/01/2022 23:33,1
08/01/2022 22:56,2
08/01/2022 21:55,2
08/01/2022 21:16,1
08/01/2022 20:54,1
08/01/2022 20:40,5
08/01/2022 20:38,2
08/01/2022 20:15,2
08/01/2022 19:16,5
08/01/2022 18:56,2
08/01/2022 18:42,1
08/01/2022 18:27,1
08/01/2022 18:06,5
08/01/2022 18:00,3
08/01/2022 17:47,5
08/01/2022 17:37,3
08/01/2022 17:28,5
08/01/2022 17:13,2
08/01/2022 17:03,5
08/01/2022 16:28,4
08/01/2022 16:22,5
08/01/2022 16:11,2
08/01/2022 15:45,5
08/01/2022 15:45,5
08/01/2022 15:15,2
08/01/2022 15:09,4
08/01/2022 14:15,2
08/01/2022 14:00,1
08/01/2022 13:50,1
08/01/2022 13:49,5
08/01/2022 13:47,3
08/01/2022 13:29,1
08/01/2022 13:00,3
08/01/2022 12:49,2
08/01/2022 12:30,4
08/01/2022 11:46,2
08/01/2022 10:26,5
08/01/2022 09:47,2
08/01/2022 08:35,4
08/01/2022 08:18,5
08/01/2022 07:55,3
08/01/2022 07:51,5
08/01/2022 07:15,5
08/01/2022 06:44,5
08/01/2022 06:41,2
08/01/2022 06:36,5
08/01/2022 06:20,5
08/01/2022 05:03,1
08/01/2022 04:40,2
08/01/2022 02:19,1
08/01/2022 02:10,5
08/01/2022 01:55,5
08/01/2022 01:42,3
08/01/2022 01:05,5
08/01/2022 00:26,5
08/01/2022 00:02,5
07/01/2022 23:15,3
07/01/2022 22:52,4
07/01/2022 22:05,5
07/01/2022 21:43,4
07/01/2022 21:37,4
07/01/2022 21:20,5
07/01/2022 20:18,5
07/01/2022 19:53,4
07/01/2022 19:41,4
07/01/2022 19:35,2
07/01/2022 18:12,1
07/01/2022 17:47,5
07/01/2022 17:30,2
07/01/2022 17:19,1
07/01/2022 16:32,1
07/01/2022 16:28,5
07/01/2022 16:04,2
07/01/2022 15:09,4
07/01/2022 15:02,4
07/01/2022 14:49,2
07/01/2022 14:06,3
07/01/2022 13:51,3
07/01/2022 12:34,4
07/01/2022 12:18,2
07/01/2022 12:06,3
07/01/2022 11:40,5
07/01/2022 11:21,5
07/01/2022 10:50,5
07/01/2022 10:15,1
07/01/2022 09:35,4
07/01/2022 09:28,1
07/01/2022 08:38,1
07/01/2022 06:37,1
07/01/2022 06:16,5
07/01/2022 06:00,1
07/01/2022 05:41,2
07/01/2022 05:07,3
07/01/2022 04:38,2
07/01/2022 04:06,2
07/01/2022 04:04,5
07/01/2022 03:51,1
07/01/2022 03:28,2
07/01/2022 03:17,3
07/01/2022 02:27,5
07/01/2022 01:44,1
07/01/2022 01:20,5
07/01/2022 01:15,3
07/01/2022 01:11,1
07/01/2022 00:54,5
07/01/2022 00:36,5
07/01/2022 00:33,5
07/01/2022 00:09,3
07/01/2022 00:04,3
06/01/2022 23:16,5
06/01/2022 23:14,1
06/01/2022 23:01,3
06/01/2022 21:26,5
06/01/2022 21:08,5
06/01/2022 20:50,1
06/01/2022 20:27,5
06/01/2022 20:10,1
06/01/2022 19:59,5
06/01/2022 18:36,4
06/01/2022 18:10,1
06/01/2022 17:24,4
06/01/2022 17:18,2
06/01/2022 17:16,1
06/01/2022 17:03,5
06/01/2022 16:44,1
06/01/2022 15:48,1
06/01/2022 15:23,5
06/01/2022 14:38,3
06/01/2022 14:35,4
06/01/2022 14:15,1
06/01/2022 13:58,1
06/01/2022 13:54,4
06/01/2022 13:43,1
06/01/2022 13:43,3
06/01/2022 13:34,1
06/01/2022 12:13,3
06/01/2022 10:41,1
06/01/2022 10:11,1
06/01/2022 10:01,4
06/01/2022 09:04,4
06/01/2022 08:45,1
06/01/2022 08:17,1
06/01/2022 07:51,5
06/01/2022 07:50,1
06/01/2022 06:46,1
06/01/2022 06:24,4
06/01/2022 05:53,5
06/01/2022 05:37,3
06/01/2022 05:17,3
06/01/2022 03:56,1
06/01/2022 03:55,4
06/01/2022 03:26,5
06/01/2022 03:14,3
06/01/2022 02:59,1
06/01/2022 02:14,1
06/01/2022 02:08,3
06/01/2022 01:42,1
06/01/2022 01:39,5
06/01/2022 01:29,2
06/01/2022 01:21,1
06/01/2022 01:08,3
06/01/2022 00:36,1
05/01/2022 23:58,2
05/01/2022 23:35,5
05/01/2022 22:13,3
05/01/2022 21:15,5
05/01/2022 21:04,1
05/01/2022 20:56,2
05/01/2022 20:43,3
05/01/2022 19:53,1
05/01/2022 19:35,4
05/01/2022 18:43,4
05/01/2022 18:26,3
05/01/2022 17:58,1
05/01/2022 17:34,5
05/01/2022 17:24,2
05/01/2022 17:21,4
05/01/2022 17:10,3
05/01/2022 17:10,4
05/01/2022 17:02,2
05/01/2022 16:49,5
05/01/2022 15:45,4
05/01/2022 15:44,5
05/01/2022 15:15,4
05/01/2022 14:48,3
05/01/2022 14:43,1
05/01/2022 14:38,1
05/01/2022 14:13,1
05/01/2022 13:41,2
05/01/2022 12:34,2
05/01/2022 12:18,3
05/01/2022 12:08,5
05/01/2022 12:06,5
05/01/2022 11:46,3
05/01/2022 11:24,2
05/01/2022 11:20,2
05/01/2022 11:15,3
05/01/2022 10:55,3
05/01/2022 10:40,4
05/01/2022 10:22,2
05/01/2022 10:10,1
05/01/2022 09:37,3
05/01/2022 09:22,1
05/01/2022 09:13,5
05/01/2022 07:32,1
05/01/2022 07:31,4
05/01/2022 07:29,5
05/01/2022 06:51,5
05/01/2022 06:51,4
05/01/2022 06:41,1
05/01/2022 06:17,1
05/01/2022 05:44,2
05/01/2022 05:19,1
05/01/2022 04:59,1
05/01/2022 04:37,2
05/01/2022 04:19,4
05/01/2022 04:01,5
05/01/2022 02:35,1
05/01/2022 02:34,1
05/01/2022 02:30,4
05/01/2022 02:13,1
05/01/2022 01:56,2
05/01/2022 01:07,2
05/01/2022 00:46,5
05/01/2022 00:42,4
05/01/2022 00:06,5
04/01/2022 23:56,1
04/01/2022 21:50,5
04/01/2022 21:48,3
04/01/2022 21:45,4
04/01/2022 21:17,1
04/01/2022 20:31,2
04/01/2022 20:26,1
04/01/2022 20:02,4
04/01/2022 19:45,1
04/01/2022 19:38,3
04/01/2022 19:33,4
04/01/2022 18:17,1
04/01/2022 17:27,1
04/01/2022 17:26,4
04/01/2022 16:59,3
04/01/2022 16:46,1
04/01/2022 16:45,5
04/01/2022 16:15,2
04/01/2022 16:03,4
04/01/2022 15:24,2
04/01/2022 14:24,1
04/01/2022 14:01,4
04/01/2022 13:54,1
04/01/2022 13:53,4
04/01/2022 13:46,5
04/01/2022 13:35,5
04/01/2022 12:58,5
04/01/2022 12:28,3
04/01/2022 12:19,4
04/01/2022 11:13,2
04/01/2022 10:58,1
04/01/2022 10:56,1
04/01/2022 10:30,4
04/01/2022 10:29,2
04/01/2022 10:19,5
04/01/2022 10:10,3
04/01/2022 09:38,5
04/01/2022 09:31,3
04/01/2022 09:15,1
04/01/2022 09:12,2
04/01/2022 08:54,3
04/01/2022 06:55,5
04/01/2022 06:54,2
04/01/2022 06:52,1
04/01/2022 05:39,4
04/01/2022 05:25,4
04/01/2022 05:09,1
04/01/2022 04:44,3
04/01/2022 04:15,1
04/01/2022 03:58,2
04/01/2022 03:39,3
04/01/2022 03:19,3
04/01/2022 03:07,4
04/01/2022 02:01,5
04/01/2022 01:23,1
04/01/2022 00:57,2
03/01/2022 23:54,4
03/01/2022 23:43,3
03/01/2022 23:32,1
03/01/2022 23:21,1
03/01/2022 23:03,1
03/01/2022 22:51,5
03/01/2022 22:48,3
03/01/2022 21:59,5
03/01/2022 21:48,5
03/01/2022 21:17,5
03/01/2022 21:13,2
03/01/2022 20:43,2
03/01/2022 20:13,5
03/01/2022 20:05,2
03/01/2022 19:55,1
03/01/2022 19:45,1
03/01/2022 19:05,5
03/01/2022 18:55,2
03/01/2022 18:16,2
03/01/2022 18:05,1
03/01/2022 17:42,5
03/01/2022 17:30,1
03/01/2022 16:57,3
03/01/2022 15:53,4
03/01/2022 15:51,1
03/01/2022 15:27,1
03/01/2022 15:26,2
03/01/2022 14:27,4
03/01/2022 14:01,2
03/01/2022 13:59,1
03/01/2022 13:57,2
03/01/2022 13:49,3
03/01/2022 13:38,1
03/01/2022 12:25,4
03/01/2022 12:14,4
03/01/2022 11:57,5
03/01/2022 11:55,1
03/01/2022 11:29,2
03/01/2022 11:28,1
03/01/2022 11:24,5
03/01/2022 11:01,5
03/01/2022 10:07,4
03/01/2022 09:19,5
03/01/2022 08:43,5
03/01/2022 08:07,1
03/01/2022 07:43,4
03/01/2022 07:02,1
03/01/2022 06:36,3
03/01/2022 06:35,3
03/01/2022 05:37,1
03/01/2022 04:31,5
03/01/2022 04:30,4
03/01/2022 03:54,3
03/01/2022 03:26,1
03/01/2022 03:21,5
03/01/2022 03:16,1
03/01/2022 03:07,3
03/01/2022 02:43,5
03/01/2022 02:35,5
03/01/2022 02:32,2
03/01/2022 01:46,1
03/01/2022 01:29,5
03/01/2022 01:28,5
03/01/2022 01:27,5
03/01/2022 00:55,1
03/01/2022 00:11,5
02/01/2022 23:39,5
02/01/2022 23:21,5
02/01/2022 23:00,4
02/01/2022 22:56,5
02/01/2022 22:27,4
02/01/2022 22:13,5
02/01/2022 21:25,5
02/01/2022 20:23,4
02/01/2022 18:53,5
02/01/2022 18:52,4
02/01/2022 18:43,1
02/01/2022 18:37,3
02/01/2022 18:25,5
02/01/2022 18:09,4
02/01/2022 18:08,2
02/01/2022 18:05,1
02/01/2022 17:46,4
02/01/2022 17:36,1
02/01/2022 17:32,5
02/01/2022 16:53,5
02/01/2022 16:09,5
02/01/2022 15:48,5
02/01/2022 15:06,4
02/01/2022 14:47,5
02/01/2022 13:25,3
02/01/2022 13:03,5
02/01/2022 12:49,1
02/01/2022 11:30,1
02/01/2022 09:48,5
02/01/2022 08:09,4
02/01/2022 07:25,3
02/01/2022 07:09,1
02/01/2022 06:47,4
02/01/2022 06:39,5
02/01/2022 06:34,5
02/01/2022 06:23,1
02/01/2022 04:17,1
02/01/2022 03:54,1
02/01/2022 02:43,2
02/01/2022 02:20,1
02/01/2022 00:55,1
02/01/2022 00:36,5
02/01/2022 00:32,1
01/01/2022 23:16,2
01/01/2022 22:50,3
01/01/2022 22:33,4
01/01/2022 22:08,1
01/01/2022 21:57,2
01/01/2022 21:54,4
01/01/2022 20:02,1
01/01/2022 19:04,3
01/01/2022 18:42,4
01/01/2022 18:30,2
01/01/2022 18:27,1
01/01/2022 18:23,4
01/01/2022 18:22,1
01/01/2022 18:03,1
01/01/2022 17:52,1
01/01/2022 17:50,1
01/01/2022 17:30,1
01/01/2022 17:19,1
01/01/2022 17:03,1
01/01/2022 16:36,2
01/01/2022 16:15,3
01/01/2022 16:11,5
01/01/2022 16:02,4
01/01/2022 14:44,3
01/01/2022 13:59,2
01/01/2022 13:16,4
01/01/2022 10:51,5
01/01/2022 10:45,5
01/01/2022 10:11,1
01/01/2022 09:35,1
01/01/2022 09:26,1
01/01/2022 09:17,5
01/01/2022 08:44,4
01/01/2022 08:19,5
01/01/2022 05:58,5
01/01/2022 05:53,2
01/01/2022 05:24,1
01/01/2022 04:44,3
01/01/2022 04:41,1
01/01/2022 04:35,1
01/01/2022 03:49,1
01/01/2022 03:01,1
01/01/2022 02:13,1
01/01/2022 01:02,2
01/01/2022 00:49,2
01/01/2022 00:19,4
